5 0.5974999999999999 0.22284722222222225 0.9977499999999999 0.22284722222222225 0.9977499999999999 0.11201388888888889 0.5974999999999999 0.11201388888888889 0.5974999999999999 0.22284722222222225
5 0 0.3298263888888889 0.392875 0.3298263888888889 0.392875 0.1165625 0 0.1165625 0 0.3298263888888889
1 0.80134375 0.37090277777777775 0.9925312500000001 0.37090277777777775 0.9925312500000001 0.22576388888888888 0.80134375 0.22576388888888888 0.80134375 0.37090277777777775
6 0.209 0.6398958333333333 0.298875 0.6398958333333333 0.298875 0.5273263888888889 0.209 0.5273263888888889 0.209 0.6398958333333333
5 0.2011625 0.5227638888888889 0.29922499999999996 0.5203194444444444 0.29701875 0.5974444444444444 0.39288124999999996 0.5986736111111112 0.3972875 0.4517569444444444 0.10640000000000001 0.4505347222222222 0.11080625 0.5950000000000001 0.20005625 0.5950000000000001 0.2011625 0.5227638888888889
7 0.11187499999999999 0.5129513888888888 0.19012500000000002 0.5129513888888888 0.19012500000000002 0.4296875 0.11187499999999999 0.4296875 0.11187499999999999 0.5129513888888888
5 0.99709375 1 0.99709375 0.7755555555555556 0.60265625 0.7755555555555556 0.60265625 1 0.99709375 1
5 0 0.9999652777777778 0.39 0.9999652777777778 0.39 0.7836458333333334 0 0.7836458333333334 0 0.9999652777777778
6 0.3981875 0.41625 0.5004375 0.41625 0.5004375 0.3109722222222222 0.3981875 0.3109722222222222 0.3981875 0.41625
2 0.50478125 0.5275347222222222 0.59196875 0.5275347222222222 0.59196875 0.4187152777777778 0.50478125 0.4187152777777778 0.50478125 0.5275347222222222
5 0 0 0 0.11666666666666667 0.9991562500000001 0.11666666666666667 0.9991562500000001 0 0 0
1 0.60246875 0.37038194444444444 0.7966562500000001 0.37038194444444444 0.7966562500000001 0.22225694444444447 0.60246875 0.22225694444444447 0.60246875 0.37038194444444444
1 0.40334375 0.21760416666666668 0.5941562499999999 0.21760416666666668 0.5941562499999999 0.10836805555555556 0.40334375 0.10836805555555556 0.40334375 0.21760416666666668