5 0.4025 0.11201388888888889 0.00225 0.11201388888888889 0.00225 0.22284722222222225 0.4025 0.22284722222222225 0.4025 0.11201388888888889
5 1 0.1165625 0.607125 0.1165625 0.607125 0.3298263888888889 1 0.3298263888888889 1 0.1165625
1 0.19865625 0.22576388888888888 0.0074687500000000006 0.22576388888888888 0.0074687500000000006 0.37090277777777775 0.19865625 0.37090277777777775 0.19865625 0.22576388888888888
6 0.791 0.5273263888888889 0.701125 0.5273263888888889 0.701125 0.6398958333333333 0.791 0.6398958333333333 0.791 0.5273263888888889
5 0.79994375 0.5950000000000001 0.8891937499999999 0.5950000000000001 0.8936 0.4505347222222222 0.6027125 0.4517569444444444 0.6071187499999999 0.5986736111111112 0.70298125 0.5974444444444444 0.7007749999999999 0.5203194444444444 0.7988375 0.5227638888888889 0.79994375 0.5950000000000001
7 0.8881249999999999 0.4296875 0.8098750000000001 0.4296875 0.8098750000000001 0.5129513888888888 0.8881249999999999 0.5129513888888888 0.8881249999999999 0.4296875
5 0.39734375 1 0.39734375 0.7755555555555556 0.00290625 0.7755555555555556 0.00290625 1 0.39734375 1
5 1 0.7836458333333334 0.61 0.7836458333333334 0.61 0.9999652777777778 1 0.9999652777777778 1 0.7836458333333334
6 0.6018125000000001 0.3109722222222222 0.4995625 0.3109722222222222 0.4995625 0.41625 0.6018125000000001 0.41625 0.6018125000000001 0.3109722222222222
2 0.49521875 0.4187152777777778 0.40803124999999996 0.4187152777777778 0.40803124999999996 0.5275347222222222 0.49521875 0.5275347222222222 0.49521875 0.4187152777777778
5 0.0008437500000000001 0 0.0008437500000000001 0.11666666666666667 1 0.11666666666666667 1 0 0.0008437500000000001 0
1 0.39753125 0.22225694444444447 0.20334375 0.22225694444444447 0.20334375 0.37038194444444444 0.39753125 0.37038194444444444 0.39753125 0.22225694444444447
1 0.59665625 0.10836805555555556 0.40584375 0.10836805555555556 0.40584375 0.21760416666666668 0.59665625 0.21760416666666668 0.59665625 0.10836805555555556