5 0.00625 0 0.00625 0.9930555555555556 0.09821250000000001 0.9930555555555556 0.10044375000000001 0.17609027777777778 0.8973187499999999 0.1736111111111111 0.9017875 0.9930555555555556 0.99776875 0.9930555555555556 1 0 0.00625 0
5 0.8046875 0.9930555555555556 0.80625 0.9930555555555556 0.9 0.9930555555555556 0.9 0.8546875 0.8046875 0.8546875 0.8046875 0.9930555555555556
5 0.8109375 0.39375000000000004 0.84375 0.39375000000000004 0.8453125 0.3921875 0.85 0.3921875 0.8515625 0.39375000000000004 0.86875 0.39375000000000004 0.8703125 0.3921875 0.875 0.3921875 0.8765625 0.39375000000000004 0.9 0.39375000000000004 0.9 0.184375 0.8046875 0.184375 0.8046875 0.33281249999999996 0.80625 0.334375 0.80625 0.390625 0.8078125 0.3921875 0.809375 0.3921875 0.8109375 0.39375000000000004
5 0.7953125 0.8890625000000001 0.7953125 0.85625 0.79375 0.8546875 0.79375 0.8531249999999999 0.603125 0.8531249999999999 0.603125 0.953125 0.7953125 0.953125 0.7953125 0.9156249999999999 0.79375 0.9140625 0.79375 0.890625 0.7953125 0.8890625000000001
5 0.25 0.8546875 0.2484375 0.8531249999999999 0.23125 0.8531249999999999 0.2296875 0.8546875 0.221875 0.8546875 0.2203125 0.8531249999999999 0.2046875 0.8531249999999999 0.203125 0.8546875 0.203125 0.9546874999999999 0.396875 0.9546874999999999 0.396875 0.8531249999999999 0.271875 0.8531249999999999 0.2703125 0.8546875 0.2625 0.8546875 0.2609375 0.8531249999999999 0.259375 0.8531249999999999 0.2578125 0.8546875 0.25 0.8546875
5 0.1953125 0.184375 0.1015625 0.184375 0.1015625 0.390625 0.103125 0.3921875 0.1046875 0.3921875 0.10625 0.39375000000000004 0.1953125 0.39375000000000004 0.1953125 0.184375
5 0.3 0.4078125 0.3 0.5046875 0.3015625 0.5062500000000001 0.3015625 0.5093749999999999 0.396875 0.5093749999999999 0.396875 0.4078125 0.3 0.4078125
6 0.6015625 0.5921875000000001 0.6015625 0.684375 0.603125 0.6859375000000001 0.603125 0.6875 0.69375 0.6875 0.69375 0.5921875000000001 0.6015625 0.5921875000000001
5 0.771875 0.8484375 0.7734375 0.8500000000000001 0.796875 0.8500000000000001 0.796875 0.40937500000000004 0.703125 0.40937500000000004 0.703125 0.8484375 0.7046875 0.8484375 0.70625 0.8500000000000001 0.7203125 0.8500000000000001 0.721875 0.8484375 0.771875 0.8484375
5 0.19375 0.9930555555555556 0.19375 0.8531249999999999 0.1 0.8531249999999999 0.1 0.9930555555555556 0.19375 0.9930555555555556
5 0.7 0.5093749999999999 0.7 0.40625 0.603125 0.40625 0.603125 0.5093749999999999 0.7 0.5093749999999999
8 0.4984375 0.7328125000000001 0.4984375 0.6265624999999999 0.4015625 0.6265624999999999 0.4015625 0.7328125000000001 0.4984375 0.7328125000000001
2 0.50625 0.4359375 0.50625 0.4390625 0.5078125 0.44062500000000004 0.5078125 0.51875 0.590625 0.51875 0.590625 0.4359375 0.50625 0.4359375
5 0.796875 0.290625 0.796875 0.18593749999999998 0.203125 0.18593749999999998 0.203125 0.290625 0.796875 0.290625
8 0.6140625 0.9930555555555556 0.6140625 0.9656250000000001 0.384375 0.9656250000000001 0.384375 0.9930555555555556 0.6140625 0.9930555555555556
5 0.2953125 0.5078125 0.296875 0.5062500000000001 0.296875 0.42656249999999996 0.1984375 0.42656249999999996 0.1984375 0.428125 0.196875 0.4296875 0.196875 0.84375 0.296875 0.84375 0.296875 0.5093749999999999 0.2953125 0.5078125