5 0.4953125 0.8531249999999999 0.496875 0.8515625 0.4984375 0.8515625 0.4984375 0.640625 0.303125 0.640625 0.303125 0.8500000000000001 0.3046875 0.8500000000000001 0.3078125 0.8531249999999999 0.4953125 0.8531249999999999
5 0.00625 0 0.00625 0.30625 0.0328125 0.30625 0.034375 0.3046875 0.121875 0.3046875 0.1234375 0.303125 0.15625 0.303125 0.1578125 0.3046875 0.6109375 0.3046875 0.6140625 0.30781250000000004 0.615625 0.30781250000000004 0.6171875 0.30937499999999996 0.6203125 0.30937499999999996 0.621875 0.3109375 0.625 0.3109375 0.6265625 0.30937499999999996 0.6625 0.30937499999999996 0.6640625 0.30781250000000004 0.6859375 0.30781250000000004 0.6875 0.30625 0.7015625 0.30625 0.703125 0.30781250000000004 0.725 0.30781250000000004 0.7265625 0.30625 0.7828125 0.30625 0.784375 0.30781250000000004 0.790625 0.30781250000000004 0.7953125 0.3125 0.7953125 0.5125 0.796875 0.5140625000000001 0.796875 0.5234375 0.7984375 0.5249999999999999 0.7984375 0.53125 0.8 0.5328124999999999 0.8 0.5671875 0.8015625 0.5687500000000001 0.8015625 0.5718749999999999 0.8 0.5734375 0.8 0.7953125000000001 0.8015625 0.796875 0.8025 0.9930555555555556 1 0.9930555555555556 1 0 0.00625 0
5 0.6015312500000001 0.5218750000000001 0.79371875 0.5218750000000001 0.79371875 0.3109027777777778 0.6015312500000001 0.3109027777777778 0.6015312500000001 0.5218750000000001
2 0.503125 0.5296875000000001 0.59375 0.5296875000000001 0.59375 0.4155902777777778 0.503125 0.4155902777777778 0.503125 0.5296875000000001
5 0.10621875 0.4155902777777778 0.40465625000000005 0.4155902777777778 0.40465625000000005 0.3046875 0.10621875 0.3046875 0.10621875 0.4155902777777778
5 0.00625 0.5250347222222222 0.1 0.5250347222222222 0.1 0.30940972222222224 0.00625 0.30940972222222224 0.00625 0.5250347222222222
1 0.4078125 0.3922222222222222 0.4921875 0.3922222222222222 0.4921875 0.3109722222222222 0.4078125 0.3109722222222222 0.4078125 0.3922222222222222
1 0.4 0.7203124999999999 0.496875 0.7203124999999999 0.496875 0.6374652777777778 0.4 0.6374652777777778 0.4 0.7203124999999999
6 0.509375 0.7328125000000001 0.590625 0.7328125000000001 0.590625 0.6249652777777778 0.509375 0.6249652777777778 0.509375 0.7328125000000001
5 0.70153125 0.9930555555555556 0.79996875 0.9930555555555556 0.79996875 0.96875 0.70153125 0.96875 0.70153125 0.9930555555555556
5 0.00625 0.9930902777777777 0.103125 0.9930902777777777 0.103125 0.9656597222222223 0.00625 0.9656597222222223 0.00625 0.9930902777777777
5 0.4925 0.4166319444444444 0.6025 0.4166319444444444 0.6025 0.3073958333333333 0.4925 0.3073958333333333 0.4925 0.4166319444444444