5 0.196875 0.10625000000000001 0.1984375 0.10468749999999999 0.2015625 0.10468749999999999 0.2015625 0.0015625 0.0015625 0.0015625 0.0015625 0.10625000000000001 0.196875 0.10625000000000001
9 0.1046875 0.33281249999999996 0.10625 0.33125000000000004 0.1078125 0.33125000000000004 0.1078125 0.3140625 0.10625 0.3125 0.10625 0.265625 0.1046875 0.2640625 0.1046875 0.23124999999999998 0.0078125 0.23124999999999998 0.0078125 0.33281249999999996 0.1046875 0.33281249999999996
8 0.21875 0.8843749999999999 0.21875 0.784375 0.0015625 0.784375 0.0015625 0.8843749999999999 0.21875 0.8843749999999999
6 0.096875 0.18906250000000002 0.096875 0.08906249999999999 0.0046875 0.08906249999999999 0.0046875 0.18906250000000002 0.096875 0.18906250000000002
2 0.496875 0.5265625 0.496875 0.4203125 0.4046875 0.4203125 0.4046875 0.5265625 0.496875 0.5265625
5 0.4921875 0.221875 0.4921875 0.00625 0.3 0.00625 0.3 0.221875 0.4921875 0.221875
5 0.503125 0.8843749999999999 0.503125 0.66875 0.3015625 0.66875 0.3015625 0.8843749999999999 0.503125 0.8843749999999999
6 0.8921875 0.30156249999999996 0.8921875 0.2 0.8078125 0.2 0.8078125 0.30156249999999996 0.8921875 0.30156249999999996
5 0.296875 0.328125 0.296875 0.003125 0.2046875 0.003125 0.2046875 0.328125 0.296875 0.328125
6 0.796875 0.6375 0.7984375 0.6359375 0.7984375 0.53125 0.7015625 0.53125 0.7015625 0.6375 0.796875 0.6375
5 0.196875 0.33125000000000004 0.1984375 0.3296875 0.2 0.3296875 0.2 0.23124999999999998 0.109375 0.23124999999999998 0.109375 0.33125000000000004 0.196875 0.33125000000000004
5 0.7 0.10625000000000001 0.7 0.0015625 0.5 0.0015625 0.5 0.10625000000000001 0.7 0.10625000000000001
5 0.796875 0.3296875 0.796875 0.2265625 0.7046875 0.2265625 0.7046875 0.3296875 0.796875 0.3296875
5 0.99375 0.8859375 0.99375 0.66875 0.8984375 0.66875 0.8984375 0.8859375 0.99375 0.8859375
5 0.3 0.3296875 0.3015625 0.33125000000000004 0.4109375 0.33125000000000004 0.4125 0.33281249999999996 0.41875 0.33281249999999996 0.4203125 0.33125000000000004 0.440625 0.33125000000000004 0.4421875 0.33281249999999996 0.6171875 0.33281249999999996 0.61875 0.33125000000000004 0.696875 0.33125000000000004 0.6984375 0.3296875 0.7 0.3296875 0.7 0.234375 0.296875 0.234375 0.296875 0.3296875 0.3 0.3296875
5 0.9 0.10625000000000001 0.9 0.0015625 0.8 0.0015625 0.8 0.10625000000000001 0.9 0.10625000000000001
5 0.99375 0.33125000000000004 0.99375 0.22499999999999998 0.903125 0.22499999999999998 0.903125 0.33125000000000004 0.99375 0.33125000000000004
6 0.3 0.5265625 0.3 0.503125 0.2984375 0.5015624999999999 0.2984375 0.4203125 0.2015625 0.4203125 0.2015625 0.5265625 0.3 0.5265625
8 0.7953125 0.1109375 0.7953125 0.0015625 0.703125 0.0015625 0.703125 0.1109375 0.7953125 0.1109375
8 0.99375 0.1109375 0.99375 0.003125 0.903125 0.003125 0.903125 0.1109375 0.99375 0.1109375
5 1 0.8854166666666666 0 0.8854166666666666 0 1 1 1 1 0.8854166666666666