5 0.4 0.64375 0.4046875 0.64375 0.40625 0.6453125 0.4984375 0.6453125 0.4984375 0.43437499999999996 0.303125 0.43437499999999996 0.303125 0.6421874999999999 0.3046875 0.64375 0.3921875 0.64375 0.39375 0.6453125 0.3984375 0.6453125 0.4 0.64375
5 0.7921875 0.3140625 0.796875 0.3140625 0.796875 0.103125 0.6015625 0.103125 0.6015625 0.3125 0.603125 0.3140625 0.7828125 0.3140625 0.784375 0.3125 0.790625 0.3125 0.7921875 0.3140625
1 0.4921875 0.1828125 0.4921875 0.10625000000000001 0.4078125 0.10625000000000001 0.4078125 0.1828125 0.4921875 0.1828125
5 0.7015625 0.984375 0.703125 0.9859374999999999 0.8015625 0.9859374999999999 0.8015625 0.765625 0.7015625 0.765625 0.7015625 0.984375
6 0.490625 0.721875 0.490625 0.6296875 0.4109375 0.6296875 0.4109375 0.721875 0.490625 0.721875
5 0.0984375 0.3140625 0.0984375 0.103125 0.00625 0.103125 0.00625 0.3140625 0.0984375 0.3140625
5 0.103125 0.984375 0.103125 0.7640625000000001 0.00625 0.7640625000000001 0.00625 0.984375 0.103125 0.984375
5 0.49375 0.203125 0.4953125 0.20468750000000002 0.6 0.20468750000000002 0.6 0.1 0.49375 0.1 0.49375 0.203125
2 0.5953125 0.5218750000000001 0.5953125 0.421875 0.5046875 0.421875 0.5046875 0.5218750000000001 0.5953125 0.5218750000000001
5 0.3796875 0.2078125 0.38125 0.20625 0.4046875 0.20625 0.4046875 0.09687499999999999 0.103125 0.09687499999999999 0.103125 0.20468750000000002 0.1046875 0.20468750000000002 0.10625 0.20625 0.109375 0.20625 0.1109375 0.2078125 0.3796875 0.2078125
8 0.6234375 0.9828125000000001 0.6234375 0.8796875 0.378125 0.8796875 0.378125 0.9828125000000001 0.6234375 0.9828125000000001
5 0.1046875 0.09843750000000001 0.3953125 0.09843750000000001 0.396875 0.09687499999999999 0.4015625 0.09687499999999999 0.403125 0.0953125 0.40625 0.0953125 0.4078125 0.09687499999999999 0.48125 0.09687499999999999 0.4828125 0.0953125 0.4890625 0.0953125 0.490625 0.09375 0.4921875 0.0953125 0.4953125 0.0953125 0.496875 0.09687499999999999 0.5015625 0.09687499999999999 0.503125 0.09843750000000001 0.590625 0.09843750000000001 0.5921875 0.09687499999999999 0.60625 0.09687499999999999 0.6078125 0.09843750000000001 0.6453125 0.09843750000000001 0.646875 0.09687499999999999 0.7125 0.09687499999999999 0.7140625 0.09843750000000001 0.759375 0.09843750000000001 0.7609375 0.1 0.7890625 0.1 0.790625 0.1015625 0.7921875 0.1015625 0.7953125 0.10468749999999999 0.7953125 0.10625000000000001 0.796875 0.1078125 0.796875 0.13124999999999998 0.7984375 0.1328125 0.7984375 0.15781250000000002 0.8 0.159375 0.8 0.203125 0.7984375 0.20468750000000002 0.7984375 0.29374999999999996 0.8 0.2953125 0.8 0.30000000000000004 0.7984375 0.30156249999999996 0.7984375 0.303125 0.8 0.3046875 0.8 0.32499999999999996 0.8015625 0.3265625 0.8 0.328125 0.8 0.5046875 0.7984375 0.5062500000000001 0.7984375 0.5125 0.8 0.5140625000000001 0.8 0.5171874999999999 0.7984375 0.51875 0.7984375 0.5249999999999999 0.8 0.5265625 0.8 0.528125 0.7984375 0.5296875000000001 0.7984375 0.5375000000000001 0.8 0.5390625 0.8 0.5406249999999999 0.7984375 0.5421875 0.7984375 0.5484374999999999 0.8 0.55 0.8 0.5531250000000001 0.7984375 0.5546875 0.7984375 0.6484375 0.8 0.6499999999999999 0.8 0.7718750000000001 0.8015625 0.7734375 0.8015625 0.8890625000000001 0.8 0.890625 0.8 0.9203125000000001 0.8015625 0.921875 0.8015625 0.9515625000000001 0.8 0.953125 0.8 0.9656250000000001 0.8015625 0.9671875000000001 0.8015625 0.9828125000000001 0.7953125 0.9890625000000001 0.7921875 0.9890625000000001 0.790625 0.9906250000000001 0.784375 0.9906250000000001 0.7828125 0.9921875 0.753125 0.9921875 0.7515625 0.9930555555555556 0.9921875 0.9930555555555556 0.9921875 0.0015625 0.034375 0.0015625 0.034375 0.09843750000000001 0.08125 0.09843750000000001 0.0828125 0.09687499999999999 0.103125 0.09687499999999999 0.1046875 0.09843750000000001