5 0.440625 0.7718750000000001 0.4421875 0.7703125 0.471875 0.7703125 0.4734375 0.7718750000000001 0.4859375 0.7718750000000001 0.4875 0.7734375 0.49375 0.7734375 0.4953125 0.7749999999999999 0.496875 0.7749999999999999 0.5 0.778125 0.5 0.7796875000000001 0.5015625 0.78125 0.5015625 0.878125 0.503125 0.8796875 0.503125 0.8812500000000001 0.50625 0.8843749999999999 0.5078125 0.8843749999999999 0.509375 0.8859375 0.690625 0.8859375 0.6921875 0.8843749999999999 0.69375 0.8843749999999999 0.6953125 0.8828125 0.6953125 0.5578125 0.69375 0.5562499999999999 0.396875 0.5562499999999999 0.396875 0.7749999999999999 0.4 0.7749999999999999 0.4015625 0.7734375 0.428125 0.7734375 0.4296875 0.7718750000000001 0.440625 0.7718750000000001
2 0.59375 0.5171874999999999 0.59375 0.4234375 0.5109375 0.4234375 0.5109375 0.5171874999999999 0.59375 0.5171874999999999
7 0.4890625 0.8421875000000001 0.4890625 0.76875 0.4109375 0.76875 0.4109375 0.8421875000000001 0.4890625 0.8421875000000001
5 0.3 0.328125 0.3 0.22968750000000002 0.00625 0.22968750000000002 0.00625 0.328125 0.3 0.328125
5 0.0953125 0.7718750000000001 0.0953125 0.671875 0.00625 0.671875 0.00625 0.7718750000000001 0.0953125 0.7718750000000001
5 0.903125 0.8812500000000001 0.9046875 0.8828125 0.996875 0.8828125 0.996875 0.7828124999999999 0.903125 0.7828124999999999 0.903125 0.8812500000000001
5 0.996875 0.6609375 0.996875 0.559375 0.903125 0.559375 0.903125 0.6609375 0.996875 0.6609375
5 0.525 0.4375 0.5265625 0.4359375 0.53125 0.4359375 0.534375 0.43281250000000004 0.5375 0.43281250000000004 0.5390625 0.43125 0.546875 0.43125 0.5484375 0.43281250000000004 0.5625 0.43281250000000004 0.565625 0.4359375 0.5671875 0.4359375 0.5703125 0.4390625 0.571875 0.4390625 0.5734375 0.44062500000000004 0.5765625 0.44062500000000004 0.578125 0.44218749999999996 0.996875 0.44218749999999996 0.996875 0.33906250000000004 0.509375 0.33906250000000004 0.509375 0.44062500000000004 0.5125 0.44062500000000004 0.5140625 0.4390625 0.51875 0.4390625 0.5203125 0.4375 0.525 0.4375
10 0.790625 0.6640625 0.790625 0.5515625 0.7015625 0.5515625 0.7015625 0.6640625 0.790625 0.6640625
5 0.396875 0.9930555555555556 0.396875 0.1109375 0.303125 0.1109375 0.303125 0.9930555555555556 0.396875 0.9930555555555556
10 0.8921875 0.7765625 0.8921875 0.6781250000000001 0.8046875 0.6781250000000001 0.8046875 0.7765625 0.8921875 0.7765625
5 0.99684375 0.1171875 0.50465625 0.1171875 0.50465625 0.22031250000000002 0.99684375 0.22031250000000002 0.99684375 0.1171875