5 0.7546875 0.659375 0.7546875 0.5671875 0.571875 0.5671875 0.571875 0.659375 0.7546875 0.659375
5 0.590625 0.22968750000000002 0.590625 0.23281249999999998 0.5921875 0.234375 0.5921875 0.23750000000000002 0.59375 0.23906249999999998 0.59375 0.3453125 0.5953125 0.34687500000000004 0.5953125 0.38749999999999996 0.596875 0.3890625 0.596875 0.4203125 0.5984375 0.421875 0.5984375 0.428125 0.6 0.4296875 0.6 0.43437499999999996 0.6015625 0.43437499999999996 0.603125 0.4359375 0.6140625 0.4359375 0.615625 0.4375 0.61875 0.4375 0.6203125 0.4359375 0.7671875 0.4359375 0.76875 0.43437499999999996 0.76875 0.34687500000000004 0.7703125 0.3453125 0.7703125 0.34375 0.7765625 0.3375 0.778125 0.3375 0.7796875 0.3359375 0.7828125 0.3359375 0.784375 0.3375 0.7921875 0.3375 0.79375 0.3359375 0.85 0.3359375 0.8515625 0.3375 0.853125 0.3375 0.85625 0.34062499999999996 0.85625 0.34375 0.8578125 0.3453125 0.8578125 0.35624999999999996 0.85625 0.3578125 0.85625 0.38125 0.8578125 0.3828125 0.8578125 0.4234375 0.85625 0.42500000000000004 0.85625 0.428125 0.8578125 0.4296875 0.8578125 0.43437499999999996 0.859375 0.4359375 0.9296875 0.4359375 0.93125 0.43437499999999996 0.93125 0.40625 0.9328125 0.4046875 0.9328125 0.4 0.93125 0.3984375 0.93125 0.23906249999999998 0.9328125 0.23750000000000002 0.9328125 0.23124999999999998 0.9359375 0.22812500000000002 0.9359375 0.2265625 0.9421875 0.22031250000000002 0.9421875 0.21875 0.94375 0.21718749999999998 0.94375 0.0015625 0.5859375 0.0015625 0.5859375 0.22031250000000002 0.5875 0.221875 0.5875 0.22343749999999998 0.5890625 0.22499999999999998 0.5890625 0.22812500000000002 0.590625 0.22968750000000002
5 0.00625 0.6578124999999999 0.0078125 0.659375 0.1546875 0.659375 0.1546875 0.5703125 0.00625 0.5703125 0.00625 0.6578124999999999
1 0.1625 0.6578124999999999 0.165625 0.6609375 0.259375 0.6609375 0.259375 0.5562499999999999 0.1625 0.5562499999999999 0.1625 0.6578124999999999
1 0.7625 0.659375 0.7640625 0.6609375 0.859375 0.6609375 0.859375 0.5562499999999999 0.7625 0.5562499999999999 0.7625 0.659375
5 0.9953125 0.659375 0.9953125 0.5703125 0.8703125 0.5703125 0.8703125 0.659375 0.9953125 0.659375
5 0.33125 0.43125 0.33125 0.4296875 0.3328125 0.428125 0.3328125 0.396875 0.334375 0.39531249999999996 0.334375 0.365625 0.3328125 0.36406249999999996 0.334375 0.36250000000000004 0.334375 0.34375 0.3328125 0.3421875 0.3328125 0.24687499999999998 0.334375 0.24531250000000002 0.334375 0.24062499999999998 0.3359375 0.23906249999999998 0.3359375 0.23124999999999998 0.3375 0.22968750000000002 0.3375 0.2265625 0.3390625 0.22499999999999998 0.3390625 0.004687500000000001 0.0078125 0.004687500000000001 0.0078125 0.43437499999999996 0.009375 0.4359375 0.325 0.4359375 0.3265625 0.43437499999999996 0.328125 0.43437499999999996 0.33125 0.43125
5 0.2671875 0.6578124999999999 0.26875 0.659375 0.3546875 0.659375 0.3546875 0.5671875 0.2671875 0.5671875 0.2671875 0.6578124999999999
5 0.9921875 0.9930555555555556 0.9921875 0.8937499999999999 0.784375 0.8937499999999999 0.784375 0.9930555555555556 0.9921875 0.9930555555555556
5 0.740625 0.9930555555555556 0.740625 0.8921874999999999 0.384375 0.8921874999999999 0.384375 0.9930555555555556 0.740625 0.9930555555555556
8 0.8484375 0.43437499999999996 0.8484375 0.34375 0.778125 0.34375 0.778125 0.43437499999999996 0.8484375 0.43437499999999996
2 0.59375 0.5234375 0.59375 0.4234375 0.5109375 0.4234375 0.5109375 0.5234375 0.59375 0.5234375
5 0.340625 0.9930555555555556 0.340625 0.8921874999999999 0.0078125 0.8921874999999999 0.0078125 0.9930555555555556 0.340625 0.9930555555555556