2 0.46875 0.51875 0.4703125 0.5171874999999999 0.49375 0.5171874999999999 0.49375 0.43125 0.40625 0.43125 0.40625 0.51875 0.46875 0.51875
6 0.8890625 0.6609375 0.8890625 0.5578125 0.809375 0.5578125 0.809375 0.6609375 0.8890625 0.6609375
5 0.99375 0.6875 0.99375 0.590625 0.9046875 0.590625 0.9046875 0.6875 0.99375 0.6875
5 0.1921875 0.24531250000000002 0.19375 0.24375000000000002 0.19375 0.14687499999999998 0.0046875 0.14687499999999998 0.0046875 0.24531250000000002 0.1921875 0.24531250000000002
5 0.99375 0.24375000000000002 0.99375 0.2421875 0.99375 0.15000000000000002 0.60625 0.15000000000000002 0.60625 0.24375000000000002 0.99375 0.24375000000000002
5 0.4015625 0.9930555555555556 0.4015625 0.5859375 0.303125 0.5859375 0.303125 0.9930555555555556 0.4015625 0.9930555555555556
5 0.0953125 0.13906249999999998 0.0953125 0.0015625 0.0046875 0.0015625 0.0046875 0.13906249999999998 0.0953125 0.13906249999999998
5 0.49375 0.9930555555555556 0.49375 0.6265624999999999 0.4109375 0.6265624999999999 0.4109375 0.9930555555555556 0.49375 0.9930555555555556
8 0.5984375 0.028124999999999997 0.5984375 0.0015625 0.4984375 0.0015625 0.4984375 0.028124999999999997 0.5984375 0.028124999999999997
8 0.396875 0.026562500000000003 0.396875 0.0015625 0.2984375 0.0015625 0.2984375 0.026562500000000003 0.396875 0.026562500000000003
5 0.7015625 0.14218750000000002 0.7995625000000001 0.14218750000000002 0.7995625000000001 0.0015625 0.7015625 0.0015625 0.7015625 0.14218750000000002
5 0.794625 0 0.794625 0.1413888888888889 1 0.1413888888888889 1 0 0.794625 0
5 0.49330625 0.6324375 0.49776875 0.6994027777777778 0.6964312500000001 0.6894861111111111 0.6941937499999999 0.5853194444444445 0.40625 0.5927569444444445 0.40848125 0.6324375 0.49330625 0.6324375