5 0.5203125 0.3359375 0.51875 0.3375 0.5140625 0.3375 0.509375 0.3421875 0.5078125 0.3421875 0.503125 0.34687500000000004 0.503125 0.35468750000000004 0.5046875 0.35624999999999996 0.5046875 0.365625 0.503125 0.3671875 0.503125 0.40312499999999996 0.5015625 0.4046875 0.5015625 0.4234375 0.5 0.42500000000000004 0.5 0.43281250000000004 0.5015625 0.43437499999999996 0.5015625 0.44375 0.503125 0.4453125 0.503125 0.44843750000000004 0.5046875 0.44999999999999996 0.5046875 0.46249999999999997 0.50625 0.46406250000000004 0.50625 0.5140625000000001 0.5046875 0.515625 0.5046875 0.528125 0.503125 0.5296875000000001 0.503125 0.53125 0.5015625 0.5328124999999999 0.5015625 0.5421875 0.5 0.54375 0.5 0.55 0.4984375 0.5515625 0.4984375 0.5531250000000001 0.496875 0.5546875 0.4953125 0.5546875 0.49375 0.5562499999999999 0.490625 0.5562499999999999 0.4890625 0.5578125 0.4875 0.5578125 0.4859375 0.5562499999999999 0.303125 0.5562499999999999 0.3015625 0.5546875 0.2828125 0.5546875 0.28125 0.5562499999999999 0.2109375 0.5562499999999999 0.209375 0.5578125 0.2046875 0.5578125 0.203125 0.559375 0.203125 0.565625 0.2015625 0.5671875 0.2015625 0.5703125 0.2 0.5718749999999999 0.2 0.5828125 0.2015625 0.5843750000000001 0.2015625 0.6734374999999999 0.203125 0.675 0.203125 0.6796875 0.2015625 0.6812499999999999 0.2015625 0.7078125 0.203125 0.7093750000000001 0.203125 0.7281249999999999 0.2046875 0.7296875 0.2046875 0.765625 0.20625 0.7671874999999999 0.20625 0.7703125 0.2078125 0.7718750000000001 0.3921875 0.7718750000000001 0.396875 0.7671874999999999 0.396875 0.7281249999999999 0.3984375 0.7265625 0.3984375 0.671875 0.403125 0.6671875 0.40625 0.6671875 0.4078125 0.6656249999999999 0.4234375 0.6656249999999999 0.425 0.6640625 0.446875 0.6640625 0.4484375 0.6625000000000001 0.4515625 0.6625000000000001 0.453125 0.6640625 0.465625 0.6640625 0.4671875 0.6656249999999999 0.490625 0.6656249999999999 0.4921875 0.6640625 0.5 0.6640625 0.5015625 0.6625000000000001 0.5765625 0.6625000000000001 0.578125 0.6609375 0.5921875 0.6609375 0.5953125 0.6578124999999999 0.5953125 0.6546875000000001 0.596875 0.653125 0.596875 0.5640624999999999 0.5984375 0.5625 0.5984375 0.45156250000000003 0.6 0.44999999999999996 0.6 0.44843750000000004 0.603125 0.4453125 0.6046875 0.4453125 0.60625 0.44375 0.6140625 0.44375 0.615625 0.44218749999999996 0.76875 0.44218749999999996 0.7703125 0.44062500000000004 0.790625 0.44062500000000004 0.7921875 0.4390625 0.79375 0.4390625 0.796875 0.4359375 0.796875 0.43281250000000004 0.7984375 0.43125 0.7984375 0.39531249999999996 0.796875 0.39375000000000004 0.796875 0.3515625 0.7953125 0.35 0.7953125 0.34062499999999996 0.79375 0.33906250000000004 0.79375 0.3375 0.7921875 0.3359375 0.759375 0.3359375 0.7578125 0.334375 0.7125 0.334375 0.7109375 0.3359375 0.5609375 0.3359375 0.559375 0.334375 0.55625 0.334375 0.5546875 0.3359375 0.55 0.3359375 0.5484375 0.334375 0.54375 0.334375 0.5421875 0.3359375 0.5203125 0.3359375
10 0.0921875 0.7796875000000001 0.0921875 0.671875 0.0046875 0.671875 0.0046875 0.7796875000000001 0.0921875 0.7796875000000001
5 0.8953125 0.7796875000000001 0.8953125 0.5562499999999999 0.8046875 0.5562499999999999 0.8046875 0.7796875000000001 0.8953125 0.7796875000000001
2 0.4921875 0.5218750000000001 0.4921875 0.415625 0.403125 0.415625 0.403125 0.5218750000000001 0.4921875 0.5218750000000001
5 0.8953125 0.9930555555555556 0.8953125 0.83125 0.8046875 0.83125 0.8046875 0.9930555555555556 0.8953125 0.9930555555555556
5 0.7984375 0.10625000000000001 0.7984375 0.003125 0.40625 0.003125 0.40625 0.10625000000000001 0.7984375 0.10625000000000001
10 0.103125 0.1015625 0.103125 0.00625 0.0078125 0.00625 0.0078125 0.1015625 0.103125 0.1015625
10 0.309375 0.1 0.309375 0.0078125 0.2125 0.0078125 0.2125 0.1 0.309375 0.1
10 0.090625 0.9930555555555556 0.090625 0.8953125000000001 0.00625 0.8953125000000001 0.00625 0.9930555555555556 0.090625 0.9930555555555556
10 0.2 0.6609375 0.2 0.5546875 0.1078125 0.5546875 0.1078125 0.6609375 0.2 0.6609375
5 0.196875 0.55 0.196875 0.11249999999999999 0.10625 0.11249999999999999 0.10625 0.55 0.196875 0.55
10 0.1890625 0.8828125 0.1890625 0.7875000000000001 0.1 0.7875000000000001 0.1 0.8828125 0.1890625 0.8828125
5 0.8984375 0.10625000000000001 0.8984375 0.0015625 0.803125 0.0015625 0.803125 0.10625000000000001 0.8984375 0.10625000000000001
10 0.1 0.22031250000000002 0.1 0.11406250000000001 0.0046875 0.11406250000000001 0.0046875 0.22031250000000002 0.1 0.22031250000000002
10 0.3890625 0.4359375 0.3890625 0.34062499999999996 0.3015625 0.34062499999999996 0.3015625 0.4359375 0.3890625 0.4359375
5 0.803125 0.9930555555555556 0.803125 0.5578125 0.7046875 0.5578125 0.7046875 0.9930555555555556 0.803125 0.9930555555555556
10 0.6984375 0.8890625000000001 0.6984375 0.7828124999999999 0.60625 0.7828124999999999 0.60625 0.8890625000000001 0.6984375 0.8890625000000001
10 0.5921875 0.8828125 0.5921875 0.7765625 0.5109375 0.7765625 0.5109375 0.8828125 0.5921875 0.8828125
10 0.4921875 0.9930555555555556 0.4921875 0.8937499999999999 0.409375 0.8937499999999999 0.409375 0.9930555555555556 0.4921875 0.9930555555555556
10 0.29375 0.9930555555555556 0.29375 0.8968750000000001 0.2 0.8968750000000001 0.2 0.9930555555555556 0.29375 0.9930555555555556
10 0.803125 0.3265625 0.803125 0.22812500000000002 0.7140625 0.22812500000000002 0.7140625 0.3265625 0.803125 0.3265625
10 0.29375 0.5562499999999999 0.29375 0.45625000000000004 0.203125 0.45625000000000004 0.203125 0.5562499999999999 0.29375 0.5562499999999999
10 0.803125 0.21875 0.803125 0.11875000000000001 0.7125 0.11875000000000001 0.7125 0.21875 0.803125 0.21875
10 0.3875 0.8812500000000001 0.3875 0.7890625 0.2984375 0.7890625 0.2984375 0.8812500000000001 0.3875 0.8812500000000001
10 0.3921875 0.21718749999999998 0.3921875 0.109375 0.309375 0.109375 0.309375 0.21718749999999998 0.3921875 0.21718749999999998
5 0.8973187499999999 0.828375 0.8950875 0.890375 0.99375 0.8878958333333333 0.99375 0.7837291666666667 0.81473125 0.7862083333333333 0.8080375 0.8308541666666667 0.8973187499999999 0.828375
10 0.6004375 0.6671527777777777 0.6941875 0.6671527777777777 0.6941875 0.560486111111111 0.6004375 0.560486111111111 0.6004375 0.6671527777777777