6 0.703125 0.3125 0.703125 0.4140625 0.796875 0.4140625 0.796875 0.3125 0.703125 0.3125
6 0.8953125 0.75 0.8953125 0.64375 0.8046875 0.64375 0.8046875 0.7484375000000001 0.8921875 0.7484375000000001 0.89375 0.75 0.8953125 0.75
8 0.484375 0.890625 0.484375 0.9930555555555556 0.7203125 0.9930555555555556 0.7203125 0.890625 0.484375 0.890625
5 0.10625 0.11249999999999999 0.10625 0.22031250000000002 0.4984375 0.22031250000000002 0.4984375 0.11249999999999999 0.10625 0.11249999999999999
8 0.503125 0.11406250000000001 0.503125 0.21250000000000002 0.596875 0.21250000000000002 0.596875 0.11406250000000001 0.503125 0.11406250000000001
5 0.2078125 0.5515625 0.296875 0.5515625 0.296875 0.3359375 0.2046875 0.3359375 0.2046875 0.546875 0.20625 0.5484374999999999 0.20625 0.55 0.2078125 0.5515625
5 0.4015625 0.334375 0.4015625 0.5562499999999999 0.496875 0.5562499999999999 0.496875 0.334375 0.4015625 0.334375
5 0.2953125 0.6703125000000001 0.2046875 0.6703125000000001 0.2046875 0.8843749999999999 0.20625 0.8859375 0.2953125 0.8859375 0.2953125 0.6703125000000001
5 0.4015625 0.6640625 0.4015625 0.8921874999999999 0.4953125 0.8921874999999999 0.4953125 0.6640625 0.4015625 0.6640625
5 0.103125 0.3421875 0.103125 0.9930555555555556 0.196875 0.9930555555555556 0.196875 0.3421875 0.103125 0.3421875
5 0.1 0.6515625 0.0984375 0.6499999999999999 0.0984375 0.59375 0.1 0.5921875000000001 0.1 0.5125 0.0984375 0.5109375 0.0984375 0.49062500000000003 0.1 0.48906249999999996 0.0984375 0.48750000000000004 0.0984375 0.48281250000000003 0.1 0.48124999999999996 0.1 0.44218749999999996 0.0984375 0.44062500000000004 0.0984375 0.38125 0.1 0.37968749999999996 0.1 0.30625 0.1015625 0.3046875 0.1015625 0.215625 0.1 0.2140625 0.1 0.20468750000000002 0.1015625 0.203125 0.1015625 0.1921875 0.103125 0.190625 0.103125 0.16875 0.1046875 0.1671875 0.1046875 0.14375 0.103125 0.14218750000000002 0.103125 0.13437500000000002 0.1015625 0.1328125 0.1015625 0.128125 0.1 0.12656250000000002 0.1 0.11406250000000001 0.1015625 0.11249999999999999 0.1015625 0.1109375 0.103125 0.109375 0.1296875 0.109375 0.13125 0.1109375 0.15625 0.1109375 0.1578125 0.109375 0.2265625 0.109375 0.228125 0.1078125 0.2296875 0.1078125 0.23125 0.109375 0.33125 0.109375 0.3328125 0.1109375 0.35 0.1109375 0.3515625 0.109375 0.40625 0.109375 0.4078125 0.1109375 0.4984375 0.1109375 0.503125 0.10625000000000001 0.50625 0.10625000000000001 0.5078125 0.1078125 0.509375 0.1078125 0.5109375 0.109375 0.5125 0.1078125 0.51875 0.1078125 0.5203125 0.109375 0.5890625 0.109375 0.590625 0.1078125 0.5984375 0.1078125 0.6 0.109375 0.628125 0.109375 0.6296875 0.1109375 0.6765625 0.1109375 0.678125 0.109375 0.753125 0.109375 0.7546875 0.1109375 0.85 0.1109375 0.8515625 0.109375 0.8890625 0.109375 0.890625 0.1078125 0.9484375 0.1078125 0.95 0.109375 0.990625 0.109375 0.9921875 0.1078125 0.9953125 0.1078125 0.9953125 0.003125 0.00625 0.003125 0.00625 0.9874999999999999 0.0984375 0.9874999999999999 0.1 0.9859374999999999 0.1 0.6515625
5 0.60465625 0.21875 0.99684375 0.21875 0.99684375 0.11249999999999999 0.60465625 0.11249999999999999 0.60465625 0.21875
2 0.5109375 0.5302430555555556 0.5890625 0.5302430555555556 0.5890625 0.4200347222222222 0.5109375 0.4200347222222222 0.5109375 0.5302430555555556