7 0.575 0.2828125 0.575 0.2140625 0.4984375 0.2140625 0.4984375 0.2828125 0.575 0.2828125
5 0.4046875 0.6703125000000001 0.403125 0.671875 0.4 0.671875 0.3984375 0.6734374999999999 0.396875 0.6734374999999999 0.3953125 0.675 0.39375 0.675 0.390625 0.6781250000000001 0.390625 0.6812499999999999 0.3890625 0.6828125 0.3890625 0.6921875 0.390625 0.6937500000000001 0.390625 0.715625 0.3890625 0.7171875000000001 0.3890625 0.7734375 0.3875 0.7749999999999999 0.3875 0.8843749999999999 0.384375 0.8875 0.3828125 0.8875 0.38125 0.8890625000000001 0.375 0.8890625000000001 0.3734375 0.890625 0.321875 0.890625 0.3203125 0.8890625000000001 0.2859375 0.8890625000000001 0.284375 0.890625 0.26875 0.890625 0.2671875 0.8890625000000001 0.2453125 0.8890625000000001 0.24375 0.890625 0.2203125 0.890625 0.21875 0.8890625000000001 0.1984375 0.8890625000000001 0.196875 0.8875 0.18125 0.8875 0.1796875 0.8890625000000001 0.171875 0.8890625000000001 0.1703125 0.890625 0.140625 0.890625 0.1390625 0.8890625000000001 0.121875 0.8890625000000001 0.1203125 0.890625 0.103125 0.890625 0.1015625 0.8921874999999999 0.096875 0.8921874999999999 0.09375 0.8953125000000001 0.09375 0.9930555555555556 0.4828125 0.9930555555555556 0.484375 0.9921875 0.484375 0.9765625 0.4828125 0.9750000000000001 0.4828125 0.9624999999999999 0.48125 0.9609375 0.48125 0.9375 0.4828125 0.9359375000000001 0.4828125 0.8953125000000001 0.484375 0.8937499999999999 0.484375 0.878125 0.4859375 0.8765624999999999 0.484375 0.875 0.484375 0.8062499999999999 0.4859375 0.8046875 0.4859375 0.7828124999999999 0.49375 0.7749999999999999 0.4984375 0.7749999999999999 0.5 0.7734375 0.5625 0.7734375 0.5640625 0.7749999999999999 0.565625 0.7749999999999999 0.5671875 0.7734375 0.665625 0.7734375 0.6671875 0.7718750000000001 0.678125 0.7718750000000001 0.68125 0.76875 0.68125 0.7671874999999999 0.6828125 0.765625 0.6828125 0.6703125000000001 0.6796875 0.6671875 0.6421875 0.6671875 0.640625 0.6656249999999999 0.590625 0.6656249999999999 0.5890625 0.6671875 0.5671875 0.6671875 0.565625 0.66875 0.5171875 0.66875 0.515625 0.6671875 0.490625 0.6671875 0.4890625 0.66875 0.409375 0.66875 0.4078125 0.6703125000000001 0.4046875 0.6703125000000001
5 0.43125 0.421875 0.4328125 0.4203125 0.44375 0.4203125 0.4453125 0.41874999999999996 0.446875 0.4203125 0.45 0.4203125 0.4515625 0.421875 0.4609375 0.421875 0.4625 0.4234375 0.4671875 0.4234375 0.46875 0.42500000000000004 0.471875 0.42500000000000004 0.4796875 0.43281250000000004 0.4796875 0.43437499999999996 0.48125 0.4359375 0.48125 0.4375 0.484375 0.44062500000000004 0.4875 0.44062500000000004 0.4890625 0.44218749999999996 0.6390625 0.44218749999999996 0.640625 0.44062500000000004 0.6828125 0.44062500000000004 0.684375 0.4390625 0.684375 0.2265625 0.6828125 0.22499999999999998 0.6015625 0.22499999999999998 0.6 0.2265625 0.596875 0.2265625 0.5921875 0.23124999999999998 0.590625 0.23124999999999998 0.5890625 0.23281249999999998 0.5890625 0.3046875 0.5875 0.30625 0.5875 0.3296875 0.5828125 0.334375 0.571875 0.334375 0.5703125 0.33281249999999996 0.56875 0.33281249999999996 0.5671875 0.334375 0.5578125 0.334375 0.55625 0.33281249999999996 0.41875 0.33281249999999996 0.4171875 0.334375 0.403125 0.334375 0.4015625 0.33281249999999996 0.3953125 0.33281249999999996 0.39375 0.33125000000000004 0.390625 0.33125000000000004 0.3875 0.328125 0.3875 0.3265625 0.3859375 0.32499999999999996 0.3859375 0.23906249999999998 0.384375 0.23750000000000002 0.384375 0.23124999999999998 0.3828125 0.22968750000000002 0.3828125 0.22812500000000002 0.3796875 0.22499999999999998 0.2984375 0.22499999999999998 0.2984375 0.44218749999999996 0.4 0.44218749999999996 0.4015625 0.44062500000000004 0.4046875 0.44062500000000004 0.4203125 0.42500000000000004 0.421875 0.42500000000000004 0.4234375 0.4234375 0.428125 0.4234375 0.4296875 0.421875 0.43125 0.421875
10 0.6859375 0.659375 0.6859375 0.5562499999999999 0.59375 0.5562499999999999 0.59375 0.659375 0.6859375 0.659375
2 0.4046875 0.41874999999999996 0.4046875 0.51875 0.40625 0.51875 0.4078125 0.5171874999999999 0.4765625 0.5171874999999999 0.478125 0.51875 0.4921875 0.51875 0.49375 0.5171874999999999 0.4953125 0.5171874999999999 0.4953125 0.41874999999999996 0.4046875 0.41874999999999996
5 0.1828125 0.328125 0.1828125 0.22499999999999998 0.0921875 0.22499999999999998 0.0921875 0.328125 0.1828125 0.328125
10 0.684375 0.5515625 0.684375 0.44843750000000004 0.59375 0.44843750000000004 0.59375 0.5515625 0.684375 0.5515625
6 0.909375 0.7437499999999999 0.9828125 0.7437499999999999 0.984375 0.7421875 0.984375 0.64375 0.890625 0.64375 0.890625 0.7421875 0.9078125 0.7421875 0.909375 0.7437499999999999
10 0.5859375 0.9930555555555556 0.5859375 0.8921874999999999 0.4890625 0.8921874999999999 0.4890625 0.9930555555555556 0.5859375 0.9930555555555556
10 0.184375 0.6640625 0.184375 0.5546875 0.0890625 0.5546875 0.0890625 0.6640625 0.184375 0.6640625
5 0.69375 0.0546875 0.69375 0.4375 0.6953125 0.4375 0.696875 0.4390625 0.7 0.4390625 0.7015625 0.44062500000000004 0.7078125 0.44062500000000004 0.709375 0.44218749999999996 0.784375 0.44218749999999996 0.784375 0.0546875 0.69375 0.0546875
5 0.784375 0.9930555555555556 0.784375 0.8921874999999999 0.6890625 0.8921874999999999 0.6890625 0.9930555555555556 0.784375 0.9930555555555556
5 0.0015625 0.8843749999999999 0.01875 0.8843749999999999 0.0203125 0.8859375 0.0609375 0.8859375 0.0625 0.8843749999999999 0.0828125 0.8843749999999999 0.084375 0.8828125 0.084375 0.44843750000000004 0.0015625 0.44843750000000004 0.0015625 0.8843749999999999
10 0.2828125 0.5484374999999999 0.2828125 0.44375 0.19375 0.44375 0.19375 0.5484374999999999 0.2828125 0.5484374999999999
5 0.0015625 0.014062499999999999 0.0015625 0.10625000000000001 0.6890625 0.10625000000000001 0.690625 0.10468749999999999 0.690625 0.014062499999999999 0.0015625 0.014062499999999999
10 0.0875 0.9930555555555556 0.0875 0.890625 0.0015625 0.890625 0.0015625 0.9930555555555556 0.0875 0.9930555555555556
10 0.2796875 0.7703125 0.2796875 0.6703125000000001 0.1875 0.6703125000000001 0.1875 0.7703125 0.2796875 0.7703125
10 0.184375 0.8859375 0.184375 0.778125 0.0890625 0.778125 0.0890625 0.8859375 0.184375 0.8859375
10 0.184375 0.4359375 0.184375 0.33906250000000004 0.09375 0.33906250000000004 0.09375 0.4359375 0.184375 0.4359375
5 0.99375 0.1016875 0.99375 0.0024791666666666664 0.6964312500000001 0.009923611111111112 0.68973125 0.052083333333333336 0.7924125 0.049604166666666664 0.7901812500000001 0.09672916666666667 0.99375 0.1016875
5 0.5915 0.9970138888888889 0.68525 0.9970138888888889 0.68525 0.8953472222222223 0.5915 0.8953472222222223 0.5915 0.9970138888888889