5 0.9999687500000001 0.007430555555555556 0.8526562500000001 0.007430555555555556 0.8526562500000001 0.11409722222222222 0.9999687500000001 0.11409722222222222 0.9999687500000001 0.007430555555555556
5 0.74553125 0.2281597222222222 0.34821875 0.2281597222222222 0.34821875 0.32739583333333333 0.74553125 0.32739583333333333 0.74553125 0.2281597222222222
5 0.05134375 0.004930555555555555 0.00003125 0.004930555555555555 0.00003125 0.11159722222222222 0.05134375 0.11159722222222222 0.05134375 0.004930555555555555
5 0 0.5555902777777777 0.140625 0.5555902777777777 0.140625 0.33482638888888894 0 0.33482638888888894 0 0.5555902777777777
5 0.33925 0.5629513888888888 0.154 0.5629513888888888 0.154 0.6621875 0.33925 0.6621875 0.33925 0.5629513888888888
5 0.54909375 0.6646875 0.35040625 0.6646875 0.35040625 0.7787847222222222 0.54909375 0.7787847222222222 0.54909375 0.6646875
5 1 0.3372986111111111 0.7589312500000001 0.3397847222222222 0.75223125 0.5505972222222222 0.9575875 0.5530763888888889 0.9575875 0.7738125 0.859375 0.7738125 0.8504437499999999 0.9002986111111111 0.5513375 0.8928541666666666 0.5513375 0.9930555555555556 0.9464312500000001 0.9930555555555556 0.9464312500000001 0.8829375 1 0.8878958333333333 1 0.3372986111111111
6 0.9442187499999999 0.5257986111111111 0.8594062499999999 0.5257986111111111 0.8594062499999999 0.6373958333333333 0.9442187499999999 0.6373958333333333 0.9442187499999999 0.5257986111111111
6 0.34153125 0.3075347222222222 0.25446875 0.3075347222222222 0.25446875 0.42163194444444446 0.34153125 0.42163194444444446 0.34153125 0.3075347222222222
9 0.5513125 0.33482638888888894 0.3504375 0.33482638888888894 0.3504375 0.5555902777777777 0.5513125 0.5555902777777777 0.5513125 0.33482638888888894
2 0.59596875 0.4191319444444444 0.51115625 0.4191319444444444 0.51115625 0.5282291666666666 0.59596875 0.5282291666666666 0.59596875 0.4191319444444444
5 0.00625 0.9871041666666667 0.34375 0.9930555555555556 0.34375 0.8928541666666666 0.0424125 0.8953402777777778 0.04018125 0.78125 0.00625 0.7762916666666667 0.00625 0.9871041666666667