0 0 0.6622013888888889 0.20758749999999998 0.6696458333333334 0.203125 0.4414652777777778 0.29464375 0.4513888888888889 0.29464375 0.3844236111111111 0.1049125 0.3844236111111111 0.10044375000000001 0.0024791666666666664 0.0044624999999999995 0 0 0.6622013888888889
2 0.4921875 0.5265625 0.4921875 0.421875 0.403125 0.421875 0.403125 0.5265625 0.4921875 0.5265625
0 0.7142875 0 0.7120562500000001 0.052083333333333336 0.5089312500000001 0.04215972222222222 0.5044625 0.44643055555555555 0.70089375 0.4513888888888889 0.6986625 0.6572430555555555 0.8035687499999999 0.672125 0.796875 0 0.7142875 0
6 0.59375 0.19374999999999998 0.59375 0.12031249999999999 0.5078125 0.12031249999999999 0.5078125 0.19374999999999998 0.59375 0.19374999999999998
1 0.3 0.6656249999999999 0.3 0.44843750000000004 0.2015625 0.44843750000000004 0.2015625 0.6656249999999999 0.3 0.6656249999999999
8 0.503125 0.8843749999999999 0.503125 0.7671874999999999 0.29375 0.7671874999999999 0.29375 0.8843749999999999 0.503125 0.8843749999999999
5 0.24375 0.890625 0.2453125 0.8890625000000001 0.2484375 0.8890625000000001 0.25 0.890625 0.2859375 0.890625 0.2875 0.8890625000000001 0.2890625 0.8890625000000001 0.2890625 0.6734374999999999 0.003125 0.6734374999999999 0.003125 0.890625 0.24375 0.890625
1 0.49996875 0.6647222222222222 0.60490625 0.6647222222222222 0.60490625 0.4365277777777778 0.49996875 0.4365277777777778 0.49996875 0.6647222222222222
0 0.20759375000000002 0.23065972222222225 0.40628125 0.23065972222222225 0.40628125 0.04461805555555556 0.20759375000000002 0.04461805555555556 0.20759375000000002 0.23065972222222225
6 0.6078125 0.5265625 0.6953125 0.5265625 0.6953125 0.4187152777777778 0.6078125 0.4187152777777778 0.6078125 0.5265625
5 0.8035687499999999 0.6696458333333334 0.50223125 0.6770833333333334 0.5089312500000001 0.8829375 0.9017875 0.8804583333333333 0.8973187499999999 0 0.81473125 0.004958333333333333 0.8035687499999999 0.6696458333333334
5 0.9017875 0 0.9017875 0.8854166666666666 0 0.8829375 0 0.9930555555555556 0.99375 0.9930555555555556 0.99375 0 0.9017875 0