6 0.5975312500000001 0.19378472222222223 0.50534375 0.19378472222222223 0.50534375 0.3046875 0.5975312500000001 0.3046875 0.5975312500000001 0.19378472222222223
5 0.99378125 0.0015972222222222223 0.80784375 0.0015972222222222223 0.80784375 0.10784722222222222 0.99378125 0.10784722222222222 0.99378125 0.0015972222222222223
6 0.7969062499999999 0.5312152777777778 0.70471875 0.5312152777777778 0.70471875 0.6390625000000001 0.7969062499999999 0.6390625000000001 0.7969062499999999 0.5312152777777778
5 0.99378125 0.22499999999999998 0.60471875 0.22499999999999998 0.60471875 0.44375 0.99378125 0.44375 0.99378125 0.22499999999999998
2 0.48909375 0.41718750000000004 0.40940624999999997 0.41718750000000004 0.40940624999999997 0.5265625 0.48909375 0.5265625 0.48909375 0.41718750000000004
6 0.29065625 0.4124652777777778 0.21096875 0.4124652777777778 0.21096875 0.5265625 0.29065625 0.5265625 0.29065625 0.4124652777777778
1 0.39734375 0.4439236111111111 0.30803125 0.4439236111111111 0.30803125 0.5555208333333334 0.39734375 0.5555208333333334 0.39734375 0.4439236111111111
12 0.99375 0.66875 0.00625 0.66875 0.00625 0.9930555555555556 0.99375 0.9930555555555556 0.99375 0.66875
5 0.20003125000000002 0.0030902777777777777 0.0015937500000000001 0.0030902777777777777 0.0015937500000000001 0.6734374999999999 0.20003125000000002 0.6734374999999999 0.20003125000000002 0.0030902777777777777
5 0.39734375 0.22572916666666668 0.20315625 0.22572916666666668 0.20315625 0.38940972222222225 0.39734375 0.38940972222222225 0.39734375 0.22572916666666668
5 0.39284375 0.3844097222222222 0.31028125 0.3844097222222222 0.31028125 0.4414236111111111 0.39284375 0.4414236111111111 0.39284375 0.3844097222222222
5 0.3973125 0.5580208333333334 0.3058125 0.5580208333333334 0.3058125 0.6572569444444444 0.3973125 0.6572569444444444 0.3973125 0.5580208333333334
5 0.30134375 0.5580208333333334 0.20090625 0.5580208333333334 0.20090625 0.6572569444444444 0.30134375 0.6572569444444444 0.30134375 0.5580208333333334
5 0.404 0.00003472222222222222 0.203125 0.00003472222222222222 0.203125 0.10913194444444445 0.404 0.10913194444444445 0.404 0.00003472222222222222
5 0.80134375 0.00003472222222222222 0.40628125 0.00003472222222222222 0.40628125 0.11163194444444444 0.80134375 0.11163194444444444 0.80134375 0.00003472222222222222