2 0.59375 0.5234375 0.59375 0.4203125 0.5046875 0.4203125 0.5046875 0.5234375 0.59375 0.5234375
6 0.6984375 0.0796875 0.6984375 0.0015625 0.603125 0.0015625 0.603125 0.0796875 0.6984375 0.0796875
6 0.30625 0.0015625 0.30625 0.078125 0.3078125 0.0796875 0.3921875 0.0796875 0.39375 0.08124999999999999 0.39375 0.0015625 0.30625 0.0015625
6 0.0125 0.5296875000000001 0.0125 0.5531250000000001 0.0109375 0.5546875 0.0109375 0.6359375 0.0875 0.6359375 0.0875 0.5296875000000001 0.0125 0.5296875000000001
6 0.6875 0.5234375 0.6875 0.421875 0.6109375 0.421875 0.6109375 0.5234375 0.6875 0.5234375
6 0.390625 0.6359375 0.390625 0.5328124999999999 0.309375 0.5328124999999999 0.309375 0.6359375 0.390625 0.6359375
6 0.6015625 0.85625 0.603125 0.8578125000000001 0.6875 0.8578125000000001 0.6875 0.7562500000000001 0.6015625 0.7562500000000001 0.6015625 0.85625
6 0.090625 0.9671875000000001 0.090625 0.8625 0.0109375 0.8625 0.0109375 0.9671875000000001 0.090625 0.9671875000000001
5 0.2895 0.8887847222222223 0.20600000000000002 0.8887847222222223 0.20600000000000002 0.9999652777777778 0.2895 0.9999652777777778 0.2895 0.8887847222222223
5 0.18953124999999998 0.8872222222222222 0.11271875 0.8872222222222222 0.11271875 0.9955555555555556 0.18953124999999998 0.9955555555555556 0.18953124999999998 0.8872222222222222
5 0.196875 0.33906250000000004 0.103125 0.33906250000000004 0.103125 0.8928819444444444 0.196875 0.8928819444444444 0.196875 0.33906250000000004
5 0.301375 0.33815972222222224 0.20224999999999999 0.33815972222222224 0.20224999999999999 0.8864236111111111 0.301375 0.8864236111111111 0.301375 0.33815972222222224
5 0.7953125 0.33902777777777776 0.7015625 0.33902777777777776 0.7015625 0.8863888888888889 0.7953125 0.8863888888888889 0.7953125 0.33902777777777776
5 0.8921875 0.3405902777777778 0.7984375 0.3405902777777778 0.7984375 0.8913541666666666 0.8921875 0.8913541666666666 0.8921875 0.3405902777777778
5 0.8895 0.8822569444444445 0.806 0.8822569444444445 0.806 0.9980208333333334 0.8895 0.9980208333333334 0.8895 0.8822569444444445
5 0.7901875 1 0.7901875 0.8829166666666667 0.7038125 0.8829166666666667 0.7038125 1 0.7901875 1
5 0.996875 0.0030902777777777777 0.9011250000000001 0.0030902777777777777 0.9011250000000001 0.9930208333333334 0.996875 0.9930208333333334 0.996875 0.0030902777777777777
5 0.8984687499999999 0.12277777777777778 0.10515624999999999 0.12277777777777778 0.10515624999999999 0.22430555555555554 0.8984687499999999 0.22430555555555554 0.8984687499999999 0.12277777777777778