5 0.4265625 0.003125 0.4265625 0.1078125 0.615625 0.1078125 0.615625 0.003125 0.4265625 0.003125
5 0.9994999999999999 1 0.9994999999999999 0.7841666666666667 0 0.7841666666666667 0 1 0.9994999999999999 1
5 0.42340625000000004 0.7718750000000001 0.62184375 0.7718750000000001 0.62184375 0.559375 0.42340625000000004 0.559375 0.42340625000000004 0.7718750000000001
2 0.5078125 0.5234375 0.5890625 0.5234375 0.5890625 0.4218402777777778 0.5078125 0.4218402777777778 0.5078125 0.5234375
6 0.11559375000000001 0.5275 0.20778124999999997 0.5275 0.20778124999999997 0.4290277777777778 0.11559375000000001 0.4290277777777778 0.11559375000000001 0.5275
6 0.01403125 0.1921875 0.10934375 0.1921875 0.10934375 0.08753472222222222 0.01403125 0.08753472222222222 0.01403125 0.1921875
5 0.22503125000000002 0.2249652777777778 0.62321875 0.2249652777777778 0.62321875 0.12031249999999999 0.22503125000000002 0.12031249999999999 0.22503125000000002 0.2249652777777778
5 0.12653125 0.21715277777777778 0.22184374999999998 0.21715277777777778 0.22184374999999998 0.11715277777777779 0.12653125 0.11715277777777779 0.12653125 0.21715277777777778
5 0.62809375 0.21715277777777778 0.72028125 0.21715277777777778 0.72028125 0.003125 0.62809375 0.003125 0.62809375 0.21715277777777778
6 0.81403125 0.0796875 0.90934375 0.0796875 0.90934375 0.0015625 0.81403125 0.0015625 0.81403125 0.0796875
5 0.9203125 0.22343749999999998 0.9984375 0.22343749999999998 0.9984375 0.12184027777777778 0.9203125 0.12184027777777778 0.9203125 0.22343749999999998
5 0.9151562500000001 0.12152777777777778 0.9999687500000001 0.12152777777777778 0.9999687500000001 0.0025 0.9151562500000001 0.0025 0.9151562500000001 0.12152777777777778
9 0.8192187499999999 0.2182638888888889 0.9219062499999999 0.2182638888888889 0.9219062499999999 0.11659722222222221 0.8192187499999999 0.11659722222222221 0.8192187499999999 0.2182638888888889
8 0.7078125 0.7749999999999999 0.9453125 0.7749999999999999 0.9453125 0.675 0.7078125 0.675 0.7078125 0.7749999999999999
5 0.721875 0.22343749999999998 0.815625 0.22343749999999998 0.815625 0.11878472222222222 0.721875 0.11878472222222222 0.721875 0.22343749999999998
6 0.7171875 0.3031597222222222 0.8078125 0.3031597222222222 0.8078125 0.1953125 0.7171875 0.1953125 0.7171875 0.3031597222222222