8 0.70984375 0.3298611111111111 0.48440625 0.3298611111111111 0.48440625 0.4538888888888889 0.70984375 0.4538888888888889 0.70984375 0.3298611111111111
2 0.509375 0.51875 0.5125 0.5218750000000001 0.5875 0.5218750000000001 0.5875 0.42500000000000004 0.509375 0.42500000000000004 0.509375 0.51875
6 0.884375 0.7453125 0.884375 0.6421874999999999 0.809375 0.6421874999999999 0.809375 0.7453125 0.884375 0.7453125
5 0.7953125 0.8859375 0.7953125 0.45156250000000003 0.703125 0.45156250000000003 0.703125 0.8859375 0.7953125 0.8859375
5 0.8973187499999999 0.3372986111111111 0.90401875 0.890375 0.8046875 0.8968750000000001 0.8046875 0.9930555555555556 0.996875 0.9930555555555556 0.99776875 0.3372986111111111 0.8973187499999999 0.3372986111111111
5 0.4984375 0.8843749999999999 0.4984375 0.44999999999999996 0.4015625 0.44999999999999996 0.4015625 0.8843749999999999 0.4984375 0.8843749999999999
5 0.29018125 0.8928541666666666 0.29910625 0.3372986111111111 0.19866250000000002 0.33234027777777775 0.2046875 0.9930555555555556 0.396875 0.9930555555555556 0.396875 0.8937499999999999 0.29018125 0.8928541666666666
5 1 0.009375000000000001 0.0203125 0.009375000000000001 0.0203125 0.9930555555555556 0.2046875 0.9930555555555556 0.20625 0.9921875 0.20625 0.9328124999999999 0.2046875 0.9312499999999999 0.2046875 0.8968750000000001 0.20625 0.8953125000000001 0.20625 0.8328125 0.2046875 0.83125 0.2046875 0.7609375 0.20625 0.7593749999999999 0.20625 0.7250000000000001 0.2046875 0.7234375 0.2046875 0.5609375000000001 0.203125 0.559375 0.203125 0.546875 0.2046875 0.5453125000000001 0.2046875 0.49687499999999996 0.203125 0.49531250000000004 0.203125 0.37968749999999996 0.2015625 0.37812500000000004 0.2015625 0.34687500000000004 0.203125 0.3453125 0.203125 0.34375 0.2046875 0.3421875 0.2046875 0.33906250000000004 0.20625 0.3375 0.20625 0.3359375 0.209375 0.33281249999999996 0.2140625 0.33281249999999996 0.215625 0.33125000000000004 0.2171875 0.33281249999999996 0.221875 0.33281249999999996 0.2234375 0.334375 0.2453125 0.334375 0.246875 0.33281249999999996 0.265625 0.33281249999999996 0.2671875 0.33125000000000004 0.2828125 0.33125000000000004 0.284375 0.3296875 0.3109375 0.3296875 0.3125 0.33125000000000004 0.31875 0.33125000000000004 0.3203125 0.33281249999999996 0.3328125 0.33281249999999996 0.334375 0.334375 0.38125 0.334375 0.3828125 0.33281249999999996 0.3859375 0.33281249999999996 0.3875 0.33125000000000004 0.39375 0.33125000000000004 0.3953125 0.3296875 0.4859375 0.3296875 0.4875 0.328125 0.496875 0.328125 0.4984375 0.3296875 0.5765625 0.3296875 0.578125 0.328125 0.65625 0.328125 0.6578125 0.3296875 0.8078125 0.3296875 0.809375 0.33125000000000004 0.875 0.33125000000000004 0.8765625 0.33281249999999996 0.878125 0.33281249999999996 0.8796875 0.33125000000000004 0.884375 0.33125000000000004 0.8859375 0.3296875 0.8875 0.33125000000000004 0.8921875 0.33125000000000004 0.89375 0.3296875 0.9078125 0.3296875 0.909375 0.33125000000000004 0.9328125 0.33125000000000004 0.934375 0.33281249999999996 0.96875 0.33281249999999996 0.9703125 0.334375 0.9796875 0.334375 0.98125 0.33281249999999996 0.9828125 0.33281249999999996 0.984375 0.33125000000000004 0.9890625 0.33125000000000004 0.990625 0.3296875 0.99375 0.3296875 0.9953125 0.328125 1 0.328125 1 0.009375000000000001
5 0.90309375 0.33906250000000004 0.80153125 0.33906250000000004 0.80153125 0.5469097222222222 0.90309375 0.5469097222222222 0.90309375 0.33906250000000004
5 0.3953125 0.3390972222222222 0.3015625 0.3390972222222222 0.3015625 0.5515972222222223 0.3953125 0.5515972222222223 0.3953125 0.3390972222222222
8 0.7165 1 0.7165 0.8904166666666666 0.479875 0.8904166666666666 0.479875 1 0.7165 1