5 0.796875 0.4390625 0.796875 0.34062499999999996 0.603125 0.34062499999999996 0.603125 0.4390625 0.796875 0.4390625
5 0.396875 0.4390625 0.396875 0.34062499999999996 0.2046875 0.34062499999999996 0.2046875 0.4390625 0.396875 0.4390625
6 0.3890625 0.0953125 0.3890625 0.0015625 0.3125 0.0015625 0.3125 0.0953125 0.3890625 0.0953125
5 0.296875 0.334375 0.296875 0.003125 0.2046875 0.003125 0.2046875 0.334375 0.296875 0.334375
8 0.6140625 0.5531250000000001 0.6140625 0.453125 0.375 0.453125 0.375 0.5531250000000001 0.6140625 0.5531250000000001
2 0.4046875 0.5234375 0.490625 0.5234375 0.49375 0.5203125 0.49375 0.515625 0.4921875 0.5140625000000001 0.4921875 0.44687499999999997 0.49375 0.4453125 0.49375 0.4296875 0.4046875 0.4296875 0.4046875 0.5234375
5 0.8 0.33281249999999996 0.8 0.003125 0.7046875 0.003125 0.7046875 0.33281249999999996 0.8 0.33281249999999996
5 0.8046875 0.3375 0.8046875 0.5546875 0.9 0.5546875 0.9015625 0.5531250000000001 0.9015625 0.3375 0.8046875 0.3375
5 0.19375 0.5546875 0.1953125 0.5546875 0.196875 0.5531250000000001 0.196875 0.34062499999999996 0.0984375 0.34062499999999996 0.0984375 0.5562499999999999 0.1921875 0.5562499999999999 0.19375 0.5546875
8 0.596875 0.21875 0.596875 0.11249999999999999 0.5015625 0.11249999999999999 0.5015625 0.21875 0.596875 0.21875
5 0 0.9930555555555556 0.99375 0.9930555555555556 0.9921875 0.003125 0.9 0.003125 0.9 0.026562500000000003 0.8984375 0.028124999999999997 0.8984375 0.0390625 0.9 0.040624999999999994 0.9 0.33281249999999996 0.9015625 0.334375 0.9015625 0.353125 0.903125 0.35468750000000004 0.903125 0.37187499999999996 0.9015625 0.3734375 0.9015625 0.4296875 0.9 0.43125 0.9 0.47343749999999996 0.8984375 0.47500000000000003 0.8984375 0.4765625 0.9 0.47812499999999997 0.9 0.546875 0.8984375 0.5484374999999999 0.8984375 0.5515625 0.8921875 0.5578125 0.8890625 0.5578125 0.8875 0.559375 0.8421875 0.559375 0.840625 0.5578125 0.7796875 0.5578125 0.778125 0.5562499999999999 0.7609375 0.5562499999999999 0.759375 0.5578125 0.7578125 0.5562499999999999 0.725 0.5562499999999999 0.7234375 0.5578125 0.621875 0.5578125 0.6203125 0.5562499999999999 0.5765625 0.5562499999999999 0.575 0.5578125 0.40625 0.5578125 0.4046875 0.5562499999999999 0.2234375 0.5562499999999999 0.221875 0.5578125 0.18125 0.5578125 0.1796875 0.559375 0.15625 0.559375 0.1546875 0.5609375000000001 0.1390625 0.5609375000000001 0.1375 0.559375 0.1140625 0.559375 0.1125 0.5609375000000001 0.109375 0.5609375000000001 0.1078125 0.559375 0.1015625 0.559375 0.0984375 0.5562499999999999 0.0984375 0.4921875 0.096875 0.49062500000000003 0.096875 0.48906249999999996 0.0984375 0.48750000000000004 0.0984375 0.453125 0.096875 0.45156250000000003 0.096875 0.36406249999999996 0.0984375 0.36250000000000004 0.0984375 0.0921875 0.096875 0.09062500000000001 0.096875 0.048437499999999994 0.0984375 0.046875 0.0984375 0.003125 0 0.003125 0 0.9930555555555556