0 0.296875 1 0.296875 0.8333333333333334 0.107125 0.8333333333333334 0.107125 1 0.296875 1
0 0.20534375 0.34225694444444443 0.40178125 0.34225694444444443 0.40178125 0.2256597222222222 0.20534375 0.2256597222222222 0.20534375 0.34225694444444443
0 0.70535625 0.9920625 0.70535625 0.3422638888888889 0.40401875 0.3372986111111111 0.40625 0.45386805555555554 0.60714375 0.4588263888888889 0.6004437499999999 0.8258958333333334 0.4107125 0.828375 0.40848125 0.9930555555555556 0.70535625 0.9920625
2 0.4890625 0.5234375 0.4890625 0.4203125 0.40625 0.4203125 0.40625 0.5234375 0.4890625 0.5234375
6 0.2890625 0.4125 0.290625 0.41093749999999996 0.290625 0.30937499999999996 0.209375 0.30937499999999996 0.209375 0.4125 0.2890625 0.4125
0 0 0.6876736111111111 0.49375 0.6876736111111111 0.49375 0.5829861111111111 0 0.5829861111111111 0 0.6876736111111111
5 0.19375 0.328125 0.19375 0.22812500000000002 0.0015625 0.22812500000000002 0.0015625 0.328125 0.19375 0.328125
0 0.2 0.44843750000000004 0.2 0.334375 0.0015625 0.334375 0.0015625 0.44843750000000004 0.2 0.44843750000000004
5 0.0046875 0.21875 0.7953125 0.21875 0.7953125 0.12027777777777778 0.0046875 0.12027777777777778 0.0046875 0.21875
6 0.0125 0.5234375 0.09375 0.5234375 0.09375 0.4203125 0.0125 0.4203125 0.0125 0.5234375
6 0.40784374999999995 0.9718402777777777 0.49378124999999995 0.9718402777777777 0.49378124999999995 0.8984375 0.40784374999999995 0.8984375 0.40784374999999995 0.9718402777777777
0 0 0.6696180555555555 0.5 0.6696180555555555 0.5 0.5927430555555556 0 0.5927430555555556 0 0.6696180555555555
5 0.4017875 0.32490277777777776 0.703125 0.32738194444444446 0.6986625 0.9930555555555556 0.8013375 0.9930555555555556 0.8080375 0.22569444444444445 0.40401875 0.22321527777777778 0.4017875 0.32490277777777776
5 0 0 0.00893125 0.11409027777777776 0.8035687499999999 0.11656944444444445 0.8035687499999999 0.9930555555555556 0.99375 0.9930555555555556 0.99375 0 0 0