5 0.428125 0.2109375 0.428125 0.0015625 0.1015625 0.0015625 0.1015625 0.2109375 0.428125 0.2109375
2 0.4875 0.51875 0.4890625 0.5171874999999999 0.4890625 0.43281250000000004 0.4078125 0.43281250000000004 0.4078125 0.51875 0.4875 0.51875
5 0.6359375 0.9930555555555556 0.6359375 0.8937499999999999 0.2828125 0.8937499999999999 0.2828125 0.9930555555555556 0.6359375 0.9930555555555556
5 0.5625 0.21250000000000002 0.5640625 0.2109375 0.5640625 0.20937499999999998 0.565625 0.2078125 0.565625 0.20468750000000002 0.5640625 0.203125 0.5640625 0.19374999999999998 0.5625 0.1921875 0.5625 0.184375 0.5640625 0.1828125 0.5640625 0.12656250000000002 0.5625 0.125 0.5625 0.12187500000000001 0.5640625 0.12031249999999999 0.5640625 0.11875000000000001 0.571875 0.1109375 0.6046875 0.1109375 0.60625 0.11249999999999999 0.6203125 0.11249999999999999 0.621875 0.11406250000000001 0.6296875 0.11406250000000001 0.63125 0.11562499999999999 0.6375 0.11562499999999999 0.6390625 0.11406250000000001 0.646875 0.11406250000000001 0.6484375 0.11562499999999999 0.65 0.11562499999999999 0.6515625 0.1171875 0.653125 0.1171875 0.65625 0.12031249999999999 0.65625 0.2109375 0.6578125 0.21250000000000002 0.828125 0.21250000000000002 0.8296875 0.2109375 0.8296875 0.20937499999999998 0.83125 0.2078125 0.83125 0.203125 0.8328125 0.20156249999999998 0.8328125 0.003125 0.49375 0.003125 0.49375 0.21250000000000002 0.5625 0.21250000000000002
8 0.6453125 0.20937499999999998 0.6453125 0.12031249999999999 0.575 0.12031249999999999 0.575 0.20937499999999998 0.6453125 0.20937499999999998
6 0.7390625 0.7453125 0.7390625 0.64375 0.659375 0.64375 0.659375 0.7453125 0.7390625 0.7453125
5 0.053125 0.8812500000000001 0.053125 0.8796875 0.0546875 0.878125 0.0546875 0.7890625 0.003125 0.7890625 0.003125 0.8812500000000001 0.053125 0.8812500000000001
5 0.99375 0.9930555555555556 0.99375 0.8921874999999999 0.6890625 0.8921874999999999 0.6890625 0.9930555555555556 0.99375 0.9930555555555556
5 0.99375 0.8796875 0.99375 0.7859375 0.9 0.7859375 0.8984375 0.7875000000000001 0.8765625 0.7875000000000001 0.875 0.7859375 0.7953125 0.7859375 0.79375 0.7875000000000001 0.71875 0.7875000000000001 0.7171875 0.7859375 0.6984375 0.7859375 0.696875 0.7875000000000001 0.68125 0.7875000000000001 0.6796875 0.7859375 0.275 0.7859375 0.275 0.8796875 0.99375 0.8796875
5 0.040625 0.9930555555555556 0.040625 0.8921874999999999 0.003125 0.8921874999999999 0.003125 0.9930555555555556 0.040625 0.9930555555555556
5 0.003125 0 0.003125 0.2140625 0.0296875 0.2140625 0.0296875 0 0.003125 0