5 0.7125 0.13906249999999998 0.7125 0.1328125 0.7140625 0.13124999999999998 0.7140625 0.12187500000000001 0.415625 0.12187500000000001 0.415625 0.22031250000000002 0.7140625 0.22031250000000002 0.7140625 0.140625 0.7125 0.13906249999999998
5 0.91075 0 0.91075 1 1 1 1 0 0.91075 0
5 0.21096875 0.5640277777777778 0.00940625 0.5640277777777778 0.00940625 0.6625000000000001 0.21096875 0.6625000000000001 0.21096875 0.5640277777777778
1 0.3125 0.5562499999999999 0.213625 0.5562499999999999 0.213625 0.7769444444444444 0.3125 0.7769444444444444 0.3125 0.5562499999999999
1 0.6091249999999999 0.5546527777777778 0.513375 0.5546527777777778 0.513375 0.7738194444444445 0.6091249999999999 0.7738194444444445 0.6091249999999999 0.5546527777777778
5 0.215625 0.11559027777777778 0.10625 0.11559027777777778 0.10625 0.21871527777777777 0.215625 0.21871527777777777 0.215625 0.11559027777777778
5 0.21409375000000003 0.3374652777777778 0.10628125 0.3374652777777778 0.10628125 0.44059027777777776 0.21409375000000003 0.44059027777777776 0.21409375000000003 0.3374652777777778
5 0.8125 0 0.81473125 0.5481180555555556 0.6160687499999999 0.5431527777777778 0.6138375 0.6572430555555555 0.71651875 0.6597222222222222 0.9129437499999999 0.6646805555555555 0.90848125 0 0.8125 0
6 0.3015625 0.1953125 0.2234375 0.1953125 0.2234375 0.3031597222222222 0.3015625 0.3031597222222222 0.3015625 0.1953125
5 0.7125 0.3374652777777778 0.41875 0.3374652777777778 0.41875 0.44059027777777776 0.7125 0.44059027777777776 0.7125 0.3374652777777778
2 0.4078125 0.421875 0.4078125 0.5234375 0.4890625 0.5234375 0.4890625 0.421875 0.4078125 0.421875
6 0.70934375 0.6422569444444445 0.62028125 0.6422569444444445 0.62028125 0.7484375000000001 0.70934375 0.7484375000000001 0.70934375 0.6422569444444445