5 0.384375 0.003125 0.384375 0.1078125 0.5734375 0.1078125 0.5734375 0.003125 0.384375 0.003125
5 1 0.7841666666666667 0.0005 0.7841666666666667 0.0005 1 1 1 1 0.7841666666666667
5 0.57659375 0.559375 0.37815625 0.559375 0.37815625 0.7718750000000001 0.57659375 0.7718750000000001 0.57659375 0.559375
2 0.4921875 0.4218402777777778 0.4109375 0.4218402777777778 0.4109375 0.5234375 0.4921875 0.5234375 0.4921875 0.4218402777777778
6 0.88440625 0.4290277777777778 0.79221875 0.4290277777777778 0.79221875 0.5275 0.88440625 0.5275 0.88440625 0.4290277777777778
6 0.98596875 0.08753472222222222 0.8906562499999999 0.08753472222222222 0.8906562499999999 0.1921875 0.98596875 0.1921875 0.98596875 0.08753472222222222
5 0.77496875 0.12031249999999999 0.37678124999999996 0.12031249999999999 0.37678124999999996 0.2249652777777778 0.77496875 0.2249652777777778 0.77496875 0.12031249999999999
5 0.87346875 0.11715277777777779 0.77815625 0.11715277777777779 0.77815625 0.21715277777777778 0.87346875 0.21715277777777778 0.87346875 0.11715277777777779
5 0.37190625 0.003125 0.27971875 0.003125 0.27971875 0.21715277777777778 0.37190625 0.21715277777777778 0.37190625 0.003125
6 0.18596875 0.0015625 0.09065625000000001 0.0015625 0.09065625000000001 0.0796875 0.18596875 0.0796875 0.18596875 0.0015625
5 0.0796875 0.12184027777777778 0.0015625 0.12184027777777778 0.0015625 0.22343749999999998 0.0796875 0.22343749999999998 0.0796875 0.12184027777777778
5 0.08484375 0.0025 0.00003125 0.0025 0.00003125 0.12152777777777778 0.08484375 0.12152777777777778 0.08484375 0.0025
9 0.18078125 0.11659722222222221 0.07809374999999999 0.11659722222222221 0.07809374999999999 0.2182638888888889 0.18078125 0.2182638888888889 0.18078125 0.11659722222222221
8 0.2921875 0.675 0.0546875 0.675 0.0546875 0.7749999999999999 0.2921875 0.7749999999999999 0.2921875 0.675
5 0.278125 0.11878472222222222 0.184375 0.11878472222222222 0.184375 0.22343749999999998 0.278125 0.22343749999999998 0.278125 0.11878472222222222
6 0.2828125 0.1953125 0.1921875 0.1953125 0.1921875 0.3031597222222222 0.2828125 0.3031597222222222 0.2828125 0.1953125