7 0.5890625 0.840625 0.5890625 0.765625 0.5109375 0.765625 0.5109375 0.8421875000000001 0.5859375 0.8421875000000001 0.5875 0.840625 0.5890625 0.840625
8 0.3890625 0.328125 0.3890625 0.22812500000000002 0.3078125 0.22812500000000002 0.3078125 0.328125 0.3890625 0.328125
2 0.4921875 0.5234375 0.49375 0.5218750000000001 0.49375 0.515625 0.4921875 0.5140625000000001 0.4921875 0.4203125 0.49375 0.41874999999999996 0.4109375 0.41874999999999996 0.4109375 0.5234375 0.4921875 0.5234375
5 0.3140625 0.8875 0.315625 0.8890625000000001 0.4953125 0.8890625000000001 0.4953125 0.784375 0.30625 0.784375 0.30625 0.8890625000000001 0.3078125 0.8875 0.3140625 0.8875
6 0.3875 0.6375 0.3875 0.6171875 0.3859375 0.6156250000000001 0.3859375 0.5328124999999999 0.3875 0.53125 0.3875 0.5296875000000001 0.309375 0.5296875000000001 0.309375 0.6375 0.3875 0.6375
5 0.3984375 0.328125 0.6984375 0.328125 0.6984375 0.30625 0.7 0.3046875 0.7 0.22968750000000002 0.6984375 0.22812500000000002 0.6984375 0.2265625 0.7 0.22499999999999998 0.3984375 0.22499999999999998 0.3984375 0.328125
5 0.6046875 0.8890625000000001 0.60625 0.8890625000000001 0.6078125 0.8875 0.609375 0.8875 0.6109375 0.8890625000000001 0.696875 0.8890625000000001 0.7 0.8859375 0.7 0.6703125000000001 0.6046875 0.6703125000000001 0.6046875 0.8890625000000001
6 0.49375 0.746875 0.49375 0.64375 0.40625 0.64375 0.40625 0.7484375000000001 0.490625 0.7484375000000001 0.4921875 0.746875 0.49375 0.746875
6 0.6890625 0.415625 0.6890625 0.33125000000000004 0.6875 0.3296875 0.6875 0.31718749999999996 0.6890625 0.31562500000000004 0.6890625 0.3125 0.60625 0.3125 0.60625 0.415625 0.6890625 0.415625
5 1 0.00003472222222222222 0 0.00003472222222222222 0 0.2157986111111111 1 0.2157986111111111 1 0.00003472222222222222
5 0 0.9930555555555556 0.99375 0.9930555555555556 0.99375 0.21329166666666666 0.70089375 0.22073611111111113 0.703125 0.8854166666666666 0.3080375 0.8953402777777778 0.3013375 0.21825694444444443 0 0.21825694444444443 0 0.9930555555555556