2 0.4078125 0.428125 0.4078125 0.5203125 0.4875 0.5203125 0.4890625 0.51875 0.4890625 0.428125 0.4078125 0.428125
6 0.565625 0.6343749999999999 0.565625 0.5296875000000001 0.4921875 0.5296875000000001 0.490625 0.53125 0.484375 0.53125 0.484375 0.6343749999999999 0.565625 0.6343749999999999
5 0.078125 0.9930555555555556 0.078125 0.5796874999999999 0.0015625 0.5796874999999999 0.0015625 0.9930555555555556 0.078125 0.9930555555555556
5 0.775 0.659375 0.7767875 0.6076388888888888 0.8638375 0.6076388888888888 0.8638375 0.5654791666666666 0.578125 0.5609375000000001 0.578125 0.6609375 0.7734375 0.6609375 0.775 0.659375
5 0.471875 0.11249999999999999 0.471875 0.0015625 0.3796875 0.0015625 0.3796875 0.11249999999999999 0.471875 0.11249999999999999
5 0.865625 0.9930555555555556 0.865625 0.6031249999999999 0.78125 0.6031249999999999 0.78125 0.9930555555555556 0.865625 0.9930555555555556
5 0.46205625 0 0.46651875 0.11656944444444445 0.8683062500000001 0.11904861111111112 0.8703125 0.9930555555555556 0.99375 0.9930555555555556 0.99375 0 0.46205625 0
5 0.0859375 0.9930902777777777 0.1703125 0.9930902777777777 0.1703125 0.5987152777777778 0.0859375 0.5987152777777778 0.0859375 0.9930902777777777
5 0.77815625 0.5625 0.8672187499999999 0.5625 0.8672187499999999 0.1597222222222222 0.77815625 0.1597222222222222 0.77815625 0.5625
5 0.7723187499999999 0.1636875 0.8638375 0.1661736111111111 0.8705375 0.12400694444444443 0.28125 0.12152777777777778 0.2767875 0.21825694444444443 0.7767875 0.21825694444444443 0.7723187499999999 0.1636875
5 0.16518125 0.6572430555555555 0.375 0.6597222222222222 0.37276875 0.5580347222222222 0.08258750000000001 0.5580347222222222 0.08481875 0.6076388888888888 0.16964375 0.6125972222222222 0.16518125 0.6572430555555555