5 0.1 0.659375 0.2953125 0.659375 0.2953125 0.5640624999999999 0.0984375 0.5640624999999999 0.0984375 0.6578124999999999 0.1 0.659375
6 0.590625 0.7437499999999999 0.590625 0.6453125 0.509375 0.6453125 0.509375 0.7437499999999999 0.590625 0.7437499999999999
2 0.40625 0.5203125 0.4921875 0.5203125 0.4953125 0.5171874999999999 0.4953125 0.42500000000000004 0.4046875 0.42500000000000004 0.4046875 0.51875 0.40625 0.5203125
6 0.290625 0.7453125 0.290625 0.64375 0.209375 0.64375 0.209375 0.7453125 0.290625 0.7453125
5 0.70625 0.4359375 0.8 0.4359375 0.8 0.2265625 0.7046875 0.2265625 0.7046875 0.4375 0.70625 0.4359375
5 0.803125 0.6578124999999999 0.803125 0.5625 0.5015625 0.5625 0.5015625 0.6578124999999999 0.803125 0.6578124999999999
5 0.1953125 0.4375 0.1953125 0.0015625 0.09375 0.0015625 0.09375 0.4375 0.1953125 0.4375
5 0.80784375 0.9905555555555554 0.89378125 0.9905555555555554 0.89378125 0.0022222222222222222 0.80784375 0.0022222222222222222 0.80784375 0.9905555555555554
5 0.99375 1 0.99375 0.0025 0.8883749999999999 0.0025 0.8883749999999999 1 0.99375 1
5 0.0015625 0.7953819444444444 0.0921875 0.7953819444444444 0.0921875 0.0015625 0.0015625 0.0015625 0.0015625 0.7953819444444444
5 0.0015625 0.8812847222222222 0.0953125 0.8812847222222222 0.0953125 0.7906597222222222 0.0015625 0.7906597222222222 0.0015625 0.8812847222222222