5 0.5296875 0.21875 0.53125 0.21718749999999998 0.596875 0.21718749999999998 0.5984375 0.215625 0.6 0.215625 0.6 0.11406250000000001 0.3953125 0.11406250000000001 0.3953125 0.21875 0.5296875 0.21875
9 0.4859375 0.44375 0.4875 0.44218749999999996 0.4890625 0.44218749999999996 0.490625 0.44375 0.5 0.44375 0.5015625 0.44218749999999996 0.5046875 0.44218749999999996 0.5046875 0.3421875 0.40625 0.3421875 0.40625 0.44375 0.45 0.44375 0.4515625 0.44218749999999996 0.4546875 0.44218749999999996 0.45625 0.44375 0.4609375 0.44375 0.4625 0.44218749999999996 0.478125 0.44218749999999996 0.4796875 0.44375 0.4859375 0.44375
5 0.696875 0.4375 0.696875 0.1078125 0.6046875 0.1078125 0.6046875 0.4375 0.696875 0.4375
5 0.196875 0.4375 0.196875 0.1109375 0.10625 0.1109375 0.10625 0.4375 0.196875 0.4375
6 0.2109375 0.659375 0.2109375 0.5562499999999999 0.1359375 0.5562499999999999 0.1359375 0.659375 0.2109375 0.659375
6 0.4984375 0.30156249999999996 0.4984375 0.20156249999999998 0.403125 0.20156249999999998 0.403125 0.30156249999999996 0.4984375 0.30156249999999996
5 0.9015625 0.9930555555555556 0.9015625 0.784375 0.703125 0.784375 0.703125 0.9930555555555556 0.9015625 0.9930555555555556
5 0.384375 0.334375 0.384375 0.11562499999999999 0.2 0.11562499999999999 0.2 0.334375 0.384375 0.334375
5 0.8890625 0.33281249999999996 0.8890625 0.11562499999999999 0.7 0.11562499999999999 0.7 0.33281249999999996 0.8890625 0.33281249999999996
5 0.4 0.4390625 0.4 0.3453125 0.2 0.3453125 0.2 0.4390625 0.4 0.4390625
2 0.49375 0.5249999999999999 0.4953125 0.5249999999999999 0.496875 0.5234375 0.496875 0.4203125 0.4046875 0.4203125 0.4046875 0.5265625 0.4921875 0.5265625 0.49375 0.5249999999999999
5 0.99375 0.44062500000000004 0.99375 0.3453125 0.7 0.3453125 0.7 0.44062500000000004 0.99375 0.44062500000000004
5 0.6015625 0.3421875 0.509375 0.3421875 0.509375 0.4390625 0.5984375 0.4390625 0.6 0.4375 0.6 0.4359375 0.6015625 0.43437499999999996 0.6015625 0.4234375 0.6 0.421875 0.6 0.41874999999999996 0.6015625 0.41718750000000004 0.6015625 0.3421875
5 0.2984375 0.9930555555555556 0.2984375 0.78125 0.1 0.78125 0.1 0.9930555555555556 0.2984375 0.9930555555555556
8 0.615625 0.9930555555555556 0.615625 0.8968750000000001 0.3828125 0.8968750000000001 0.3828125 0.9930555555555556 0.615625 0.9930555555555556
5 0.99375 0.21875 0.99375 0.11406250000000001 0.896875 0.11406250000000001 0.896875 0.21875 0.99375 0.21875
5 0 0 0 0.9930555555555556 0.0984375 0.9930555555555556 0.0984375 0.8671875 0.1 0.8656250000000001 0.1 0.8531249999999999 0.0984375 0.8515625 0.0984375 0.84375 0.1 0.8421875000000001 0.1 0.8125 0.1015625 0.8109375000000001 0.1015625 0.7484375000000001 0.103125 0.746875 0.103125 0.7140625 0.1046875 0.7124999999999999 0.1046875 0.6187499999999999 0.103125 0.6171875 0.103125 0.575 0.1046875 0.5734375 0.1046875 0.5703125 0.103125 0.5687500000000001 0.103125 0.5421875 0.1015625 0.5406249999999999 0.1015625 0.5265625 0.1 0.5249999999999999 0.1 0.48750000000000004 0.1015625 0.48593749999999997 0.1015625 0.45468749999999997 0.1 0.453125 0.1 0.45156250000000003 0.1015625 0.44999999999999996 0.1015625 0.4453125 0.103125 0.44375 0.103125 0.44062500000000004 0.1046875 0.4390625 0.1046875 0.3296875 0.103125 0.328125 0.103125 0.32343750000000004 0.1046875 0.321875 0.1046875 0.3203125 0.103125 0.31875 0.103125 0.1671875 0.1046875 0.16562500000000002 0.1046875 0.140625 0.103125 0.13906249999999998 0.103125 0.11875000000000001 0.1046875 0.1171875 0.1046875 0.11249999999999999 0.10625 0.1109375 0.1078125 0.1109375 0.109375 0.109375 0.1890625 0.109375 0.190625 0.1078125 0.2109375 0.1078125 0.2125 0.109375 0.29375 0.109375 0.2953125 0.1109375 0.3 0.1109375 0.3015625 0.109375 0.303125 0.1109375 0.384375 0.1109375 0.3859375 0.109375 0.4171875 0.109375 0.41875 0.1109375 0.54375 0.1109375 0.5453125 0.109375 0.5953125 0.109375 0.596875 0.1078125 0.603125 0.1078125 0.6046875 0.10625000000000001 0.615625 0.10625000000000001 0.6171875 0.1078125 0.628125 0.1078125 0.6296875 0.10625000000000001 0.6546875 0.10625000000000001 0.65625 0.1078125 0.675 0.1078125 0.6765625 0.109375 0.684375 0.109375 0.6859375 0.1078125 0.709375 0.1078125 0.7109375 0.109375 0.7890625 0.109375 0.790625 0.1109375 0.8734375 0.1109375 0.875 0.109375 0.93125 0.109375 0.9328125 0.1109375 0.9828125 0.1109375 0.984375 0.109375 0.99375 0.109375 0.99375 0 0 0
6 0.59821875 0.6473263888888889 0.7031562499999999 0.6473263888888889 0.7031562499999999 0.5332291666666666 0.59821875 0.5332291666666666 0.59821875 0.6473263888888889