5 0.5078125 0.8843749999999999 0.8921875 0.8843749999999999 0.8921875 0.6734027777777778 0.5078125 0.6734027777777778 0.5078125 0.8843749999999999
5 0.00621875 0.4828472222222222 0.29840625 0.4828472222222222 0.29840625 0.33284722222222224 0.00621875 0.33284722222222224 0.00621875 0.4828472222222222
6 0.70465625 0.9687847222222222 0.7968437500000001 0.9687847222222222 0.7968437500000001 0.8594097222222222 0.70465625 0.8594097222222222 0.70465625 0.9687847222222222
5 0.00621875 0.8875 0.29215625 0.8875 0.29215625 0.675 0.00621875 0.675 0.00621875 0.8875
7 0.21090625 0.4000347222222222 0.29059375 0.4000347222222222 0.29059375 0.3219097222222222 0.21090625 0.3219097222222222 0.21090625 0.4000347222222222
7 0.1109375 0.4000347222222222 0.1890625 0.4000347222222222 0.1890625 0.3219097222222222 0.1109375 0.3219097222222222 0.1109375 0.4000347222222222
7 0.01246875 0.3984375 0.08903124999999999 0.3984375 0.08903124999999999 0.3218402777777778 0.01246875 0.3218402777777778 0.01246875 0.3984375
5 0.00621875 0.21878472222222223 0.29215625 0.21878472222222223 0.29215625 0.009409722222222222 0.00621875 0.009409722222222222 0.00621875 0.21878472222222223
1 0.31090625 0.10468749999999999 0.49371875000000004 0.10468749999999999 0.49371875000000004 0.0015625 0.31090625 0.0015625 0.31090625 0.10468749999999999
5 0.5077812500000001 0.109375 0.89709375 0.109375 0.89709375 0.009375000000000001 0.5077812500000001 0.009375000000000001 0.5077812500000001 0.109375
1 0.7030937500000001 0.259375 0.89528125 0.259375 0.89528125 0.11715277777777779 0.7030937500000001 0.11715277777777779 0.7030937500000001 0.259375
1 0.50621875 0.2593402777777778 0.69215625 0.2593402777777778 0.69215625 0.11246527777777778 0.50621875 0.11246527777777778 0.50621875 0.2593402777777778
6 0.3015625 0.3046875 0.4015625 0.3046875 0.4015625 0.20309027777777777 0.3015625 0.20309027777777777 0.3015625 0.3046875
6 0.40309375000000003 0.415625 0.49840625000000005 0.415625 0.49840625000000005 0.30937499999999996 0.40309375000000003 0.30937499999999996 0.40309375000000003 0.415625
2 0.5078125 0.5265277777777777 0.5921875 0.5265277777777777 0.5921875 0.4202777777777778 0.5078125 0.4202777777777778 0.5078125 0.5265277777777777
5 0.8973437499999999 0 0.8973437499999999 0.9994791666666667 0.9977812500000001 0.9994791666666667 0.9977812500000001 0 0.8973437499999999 0