5 0 0 0 0.9930555555555556 0.99375 0.9930555555555556 0.99375 0 0.9 0 0.9 0.00625 0.9015625 0.0078125 0.9015625 0.0109375 0.903125 0.0125 0.903125 0.0171875 0.9015625 0.018750000000000003 0.9015625 0.029687500000000002 0.9 0.03125 0.9 0.1078125 0.8984375 0.109375 0.8984375 0.24843749999999998 0.9 0.25 0.9 0.2515625 0.8984375 0.25312500000000004 0.8984375 0.3359375 0.9 0.3375 0.9 0.7718750000000001 0.8953125 0.7765625 0.88125 0.7765625 0.8796875 0.7749999999999999 0.5234375 0.7749999999999999 0.521875 0.7765625 0.4890625 0.7765625 0.4875 0.7749999999999999 0.13125 0.7749999999999999 0.1296875 0.7765625 0.115625 0.7765625 0.1140625 0.778125 0.1125 0.7765625 0.1046875 0.7765625 0.103125 0.7749999999999999 0.1015625 0.7749999999999999 0.1 0.7734375 0.1 0.7718750000000001 0.0984375 0.7703125 0.0984375 0.35468750000000004 0.1 0.353125 0.1 0.3296875 0.1015625 0.328125 0.1015625 0.31718749999999996 0.103125 0.31562500000000004 0.103125 0.3140625 0.1015625 0.3125 0.1015625 0.30625 0.103125 0.3046875 0.103125 0.2796875 0.1015625 0.27812499999999996 0.1015625 0.24375000000000002 0.1 0.2421875 0.1 0.19374999999999998 0.1015625 0.1921875 0.1015625 0.17343750000000002 0.103125 0.171875 0.103125 0.12031249999999999 0.1046875 0.11875000000000001 0.1046875 0 0 0
6 0.496875 0.2984375 0.496875 0.20156249999999998 0.403125 0.20156249999999998 0.403125 0.30000000000000004 0.4046875 0.30000000000000004 0.40625 0.2984375 0.496875 0.2984375
2 0.49375 0.5203125 0.49375 0.42500000000000004 0.40625 0.42500000000000004 0.40625 0.5203125 0.49375 0.5203125
8 0.5171875 0.7749999999999999 0.5171875 0.65625 0.2765625 0.65625 0.2765625 0.7749999999999999 0.5171875 0.7749999999999999
5 0.70534375 0.33482638888888894 0.89728125 0.33482638888888894 0.89728125 0.1165625 0.70534375 0.1165625 0.70534375 0.33482638888888894
5 0.10265625 0.33482638888888894 0.29684374999999996 0.33482638888888894 0.29684374999999996 0.1190625 0.10265625 0.1190625 0.10265625 0.33482638888888894
5 0.31253125000000004 0.11163194444444444 0.39734375 0.11163194444444444 0.39734375 0.00003472222222222222 0.31253125000000004 0.00003472222222222222 0.31253125000000004 0.11163194444444444
5 0.45534375000000005 0.10913194444444445 0.55353125 0.10913194444444445 0.55353125 0.00003472222222222222 0.45534375000000005 0.00003472222222222222 0.45534375000000005 0.10913194444444445
5 0.6093437500000001 0.10666666666666666 0.69865625 0.10666666666666666 0.69865625 0.0025 0.6093437500000001 0.0025 0.6093437500000001 0.10666666666666666
5 0.7075625 0 0.7075625 0.11406250000000001 0.8973125 0.11406250000000001 0.8973125 0 0.7075625 0
5 0.11381250000000001 0 0.11381250000000001 0.11406250000000001 0.3013125 0.11406250000000001 0.3013125 0 0.11381250000000001 0
5 0.39509375 0 0.39509375 0.10416666666666667 0.45315625 0.10416666666666667 0.45315625 0 0.39509375 0
5 0.54909375 0 0.54909375 0.10666666666666666 0.60715625 0.10666666666666666 0.60715625 0 0.54909375 0