5 0.2890625 0.3359375 0.2875 0.334375 0.2421875 0.334375 0.240625 0.3359375 0.2078125 0.3359375 0.20625 0.3375 0.20625 0.33906250000000004 0.2046875 0.34062499999999996 0.2046875 0.35 0.203125 0.3515625 0.203125 0.39375000000000004 0.2015625 0.39531249999999996 0.2015625 0.43125 0.203125 0.43281250000000004 0.203125 0.4359375 0.20625 0.4390625 0.2078125 0.4390625 0.209375 0.44062500000000004 0.2296875 0.44062500000000004 0.23125 0.44218749999999996 0.384375 0.44218749999999996 0.3859375 0.44375 0.39375 0.44375 0.3953125 0.4453125 0.396875 0.4453125 0.4 0.44843750000000004 0.4 0.44999999999999996 0.4015625 0.45156250000000003 0.4015625 0.5625 0.403125 0.5640624999999999 0.403125 0.653125 0.4046875 0.6546875000000001 0.4046875 0.6578124999999999 0.4078125 0.6609375 0.421875 0.6609375 0.4234375 0.6625000000000001 0.4984375 0.6625000000000001 0.5 0.6640625 0.5078125 0.6640625 0.509375 0.6656249999999999 0.5328125 0.6656249999999999 0.534375 0.6640625 0.546875 0.6640625 0.5484375 0.6625000000000001 0.5515625 0.6625000000000001 0.553125 0.6640625 0.575 0.6640625 0.5765625 0.6656249999999999 0.5921875 0.6656249999999999 0.59375 0.6671875 0.596875 0.6671875 0.6015625 0.671875 0.6015625 0.7265625 0.603125 0.7281249999999999 0.603125 0.7671874999999999 0.6078125 0.7718750000000001 0.7921875 0.7718750000000001 0.79375 0.7703125 0.79375 0.7671874999999999 0.7953125 0.765625 0.7953125 0.7296875 0.796875 0.7281249999999999 0.796875 0.7093750000000001 0.7984375 0.7078125 0.7984375 0.6812499999999999 0.796875 0.6796875 0.796875 0.675 0.7984375 0.6734374999999999 0.7984375 0.5843750000000001 0.8 0.5828125 0.8 0.5718749999999999 0.7984375 0.5703125 0.7984375 0.5671875 0.796875 0.565625 0.796875 0.559375 0.7953125 0.5578125 0.790625 0.5578125 0.7890625 0.5562499999999999 0.71875 0.5562499999999999 0.7171875 0.5546875 0.6984375 0.5546875 0.696875 0.5562499999999999 0.5140625 0.5562499999999999 0.5125 0.5578125 0.5109375 0.5578125 0.509375 0.5562499999999999 0.50625 0.5562499999999999 0.5046875 0.5546875 0.503125 0.5546875 0.5015625 0.5531250000000001 0.5015625 0.5515625 0.5 0.55 0.5 0.54375 0.4984375 0.5421875 0.4984375 0.5328124999999999 0.496875 0.53125 0.496875 0.5296875000000001 0.4953125 0.528125 0.4953125 0.515625 0.49375 0.5140625000000001 0.49375 0.46406250000000004 0.4953125 0.46249999999999997 0.4953125 0.44999999999999996 0.496875 0.44843750000000004 0.496875 0.4453125 0.4984375 0.44375 0.4984375 0.43437499999999996 0.5 0.43281250000000004 0.5 0.42500000000000004 0.4984375 0.4234375 0.4984375 0.4046875 0.496875 0.40312499999999996 0.496875 0.3671875 0.4953125 0.365625 0.4953125 0.35624999999999996 0.496875 0.35468750000000004 0.496875 0.34687500000000004 0.4921875 0.3421875 0.490625 0.3421875 0.4859375 0.3375 0.48125 0.3375 0.4796875 0.3359375 0.4578125 0.3359375 0.45625 0.334375 0.4515625 0.334375 0.45 0.3359375 0.4453125 0.3359375 0.44375 0.334375 0.440625 0.334375 0.4390625 0.3359375 0.2890625 0.3359375
10 0.9953125 0.7796875000000001 0.9953125 0.671875 0.9078125 0.671875 0.9078125 0.7796875000000001 0.9953125 0.7796875000000001
5 0.1953125 0.7796875000000001 0.1953125 0.5562499999999999 0.1046875 0.5562499999999999 0.1046875 0.7796875000000001 0.1953125 0.7796875000000001
2 0.596875 0.5218750000000001 0.596875 0.415625 0.5078125 0.415625 0.5078125 0.5218750000000001 0.596875 0.5218750000000001
5 0.1953125 0.9930555555555556 0.1953125 0.83125 0.1046875 0.83125 0.1046875 0.9930555555555556 0.1953125 0.9930555555555556
5 0.59375 0.10625000000000001 0.59375 0.003125 0.2015625 0.003125 0.2015625 0.10625000000000001 0.59375 0.10625000000000001
10 0.9921875 0.1015625 0.9921875 0.00625 0.896875 0.00625 0.896875 0.1015625 0.9921875 0.1015625
10 0.7875 0.1 0.7875 0.0078125 0.690625 0.0078125 0.690625 0.1 0.7875 0.1
10 0.99375 0.9930555555555556 0.99375 0.8953125000000001 0.909375 0.8953125000000001 0.909375 0.9930555555555556 0.99375 0.9930555555555556
10 0.8921875 0.6609375 0.8921875 0.5546875 0.8 0.5546875 0.8 0.6609375 0.8921875 0.6609375
5 0.89375 0.55 0.89375 0.11249999999999999 0.803125 0.11249999999999999 0.803125 0.55 0.89375 0.55
10 0.9 0.8828125 0.9 0.7875000000000001 0.8109375 0.7875000000000001 0.8109375 0.8828125 0.9 0.8828125
5 0.196875 0.10625000000000001 0.196875 0.0015625 0.1015625 0.0015625 0.1015625 0.10625000000000001 0.196875 0.10625000000000001
10 0.9953125 0.22031250000000002 0.9953125 0.11406250000000001 0.9 0.11406250000000001 0.9 0.22031250000000002 0.9953125 0.22031250000000002
10 0.6984375 0.4359375 0.6984375 0.34062499999999996 0.6109375 0.34062499999999996 0.6109375 0.4359375 0.6984375 0.4359375
5 0.2953125 0.9930555555555556 0.2953125 0.5578125 0.196875 0.5578125 0.196875 0.9930555555555556 0.2953125 0.9930555555555556
10 0.39375 0.8890625000000001 0.39375 0.7828124999999999 0.3015625 0.7828124999999999 0.3015625 0.8890625000000001 0.39375 0.8890625000000001
10 0.4890625 0.8828125 0.4890625 0.7765625 0.4078125 0.7765625 0.4078125 0.8828125 0.4890625 0.8828125
10 0.590625 0.9930555555555556 0.590625 0.8937499999999999 0.5078125 0.8937499999999999 0.5078125 0.9930555555555556 0.590625 0.9930555555555556
10 0.8 0.9930555555555556 0.8 0.8968750000000001 0.70625 0.8968750000000001 0.70625 0.9930555555555556 0.8 0.9930555555555556
10 0.2859375 0.3265625 0.2859375 0.22812500000000002 0.196875 0.22812500000000002 0.196875 0.3265625 0.2859375 0.3265625
10 0.796875 0.5562499999999999 0.796875 0.45625000000000004 0.70625 0.45625000000000004 0.70625 0.5562499999999999 0.796875 0.5562499999999999
10 0.2875 0.21875 0.2875 0.11875000000000001 0.196875 0.11875000000000001 0.196875 0.21875 0.2875 0.21875
10 0.7015625 0.8812500000000001 0.7015625 0.7890625 0.6125 0.7890625 0.6125 0.8812500000000001 0.7015625 0.8812500000000001
10 0.690625 0.21718749999999998 0.690625 0.109375 0.6078125 0.109375 0.6078125 0.21718749999999998 0.690625 0.21718749999999998
5 0.00625 0.7837291666666667 0.00625 0.8878958333333333 0.1049125 0.890375 0.10268124999999999 0.828375 0.19196249999999998 0.8308541666666667 0.18526875 0.7862083333333333 0.00625 0.7837291666666667
10 0.3995625 0.560486111111111 0.3058125 0.560486111111111 0.3058125 0.6671527777777777 0.3995625 0.6671527777777777 0.3995625 0.560486111111111