5 0.5078125 0.7703125 0.5078125 0.5640624999999999 0.3140625 0.5640624999999999 0.3140625 0.7703125 0.5078125 0.7703125
5 0.3109375 0.7718750000000001 0.3109375 0.5640624999999999 0.115625 0.5640624999999999 0.115625 0.7718750000000001 0.3109375 0.7718750000000001
2 0.4859375 0.51875 0.4875 0.5171874999999999 0.4890625 0.5171874999999999 0.4890625 0.4234375 0.40625 0.4234375 0.40625 0.51875 0.425 0.51875 0.4265625 0.5203125 0.434375 0.5203125 0.4359375 0.51875 0.4703125 0.51875 0.471875 0.5203125 0.4828125 0.5203125 0.484375 0.51875 0.4859375 0.51875
5 0.80625 0.44062500000000004 0.80625 0.16249999999999998 0.721875 0.16249999999999998 0.721875 0.44062500000000004 0.80625 0.44062500000000004
5 0.26875 0.3296875 0.2703125 0.328125 0.275 0.328125 0.2765625 0.3296875 0.7078125 0.3296875 0.7078125 0.171875 0.1171875 0.171875 0.1171875 0.3296875 0.26875 0.3296875
5 0.8046875 0.9930555555555556 0.8046875 0.6640625 0.7203125 0.6640625 0.7203125 0.9930555555555556 0.8046875 0.9930555555555556
7 0.015625 0.546875 0.015625 0.6203125 0.0875 0.6203125 0.0890625 0.6187499999999999 0.0890625 0.546875 0.015625 0.546875
5 0.7142875 0.11904861111111112 0.7254437499999999 0.16120833333333331 0.81026875 0.1636875 0.81026875 0.22569444444444445 0.99375 0.22569444444444445 0.99375 0.12152777777777778 0.7142875 0.11904861111111112
5 0.99375 0.11562499999999999 0.99375 0.003125 0.003125 0.003125 0.003125 0.11562499999999999 0.99375 0.11562499999999999
5 0.7125 0.9930555555555556 0.7125 0.890625 0.0046875 0.890625 0.0046875 0.9930555555555556 0.7125 0.9930555555555556
5 0.1078125 0.55 0.1078125 0.16562500000000002 0.0140625 0.16562500000000002 0.0140625 0.55 0.0640625 0.55 0.065625 0.5484374999999999 0.0859375 0.5484374999999999 0.0875 0.55 0.09375 0.55 0.0953125 0.5484374999999999 0.096875 0.5484374999999999 0.0984375 0.55 0.1078125 0.55
6 0.296875 0.41093749999999996 0.296875 0.30937499999999996 0.203125 0.30937499999999996 0.203125 0.41093749999999996 0.296875 0.41093749999999996