2 0.5875 0.5203125 0.5875 0.4203125 0.5078125 0.4203125 0.5078125 0.5203125 0.5875 0.5203125
5 0.234375 0.004687500000000001 0.1375 0.004687500000000001 0.1375 0.3296875 0.1390625 0.33125000000000004 0.140625 0.33125000000000004 0.1421875 0.33281249999999996 0.234375 0.33281249999999996 0.234375 0.004687500000000001
5 0.334375 0.7749999999999999 0.334375 0.5562499999999999 0.034375 0.5562499999999999 0.034375 0.7749999999999999 0.334375 0.7749999999999999
1 0.4390625 0.9930555555555556 0.4390625 0.7859375 0.3390625 0.7859375 0.3390625 0.9930555555555556 0.4390625 0.9930555555555556
1 0.440625 0.7734375 0.440625 0.559375 0.340625 0.559375 0.340625 0.7734375 0.440625 0.7734375
1 0.7375 0.9930555555555556 0.7375 0.7859375 0.6390625 0.7859375 0.6390625 0.9930555555555556 0.7375 0.9930555555555556
5 0.8390625 0.109375 0.8390625 0.0015625 0.2390625 0.0015625 0.2390625 0.109375 0.8390625 0.109375
5 0.8375 0.003125 0.8375 0.3296875 0.8390625 0.33125000000000004 0.8390625 0.33281249999999996 0.9375 0.33281249999999996 0.9375 0.003125 0.8375 0.003125
8 0.6328125 0.31562500000000004 0.6328125 0.22499999999999998 0.44375 0.22499999999999998 0.44375 0.31562500000000004 0.6328125 0.31562500000000004
5 0.034375 0.0015625 0.034375 0.10468749999999999 0.046875 0.10468749999999999 0.0484375 0.10625000000000001 0.1375 0.10625000000000001 0.1375 0.0015625 0.034375 0.0015625
5 0.0328125 0.76875 0.0328125 0.44843750000000004 0.00625 0.44843750000000004 0.00625 0.76875 0.0328125 0.76875
5 0.0328125 0.9930555555555556 0.0328125 0.8937499999999999 0.00625 0.8937499999999999 0.00625 0.9930555555555556 0.0328125 0.9930555555555556
1 0.440625 0.5640624999999999 0.440625 0.3375 0.3390625 0.3375 0.3390625 0.5640624999999999 0.440625 0.5640624999999999
5 0.03125 0.10468749999999999 0.03125 0.0015625 0.00625 0.0015625 0.00625 0.10468749999999999 0.03125 0.10468749999999999
1 0.7359375 0.7718750000000001 0.7359375 0.559375 0.6359375 0.559375 0.6359375 0.7718750000000001 0.7359375 0.7718750000000001
5 0.9984375 0.0015625 0.9375 0.0015625 0.9375 0.103125 0.9390625 0.10468749999999999 0.940625 0.10468749999999999 0.9421875 0.10625000000000001 0.9984375 0.10625000000000001 0.9984375 0.0015625
1 0.7410625 0.3373263888888889 0.6339375 0.3373263888888889 0.6339375 0.5530902777777778 0.7410625 0.5530902777777778 0.7410625 0.3373263888888889
5 0.3325625 0.5530902777777778 0.0356875 0.5530902777777778 0.0356875 0.7713541666666667 0.3325625 0.7713541666666667 0.3325625 0.5530902777777778
5 1 0.5630208333333333 0.73884375 0.5630208333333333 0.73884375 0.7762847222222222 1 0.7762847222222222 1 0.5630208333333333
5 0.8392875 0.11409027777777776 0.24106875 0.109125 0.234375 0.33234027777777775 0.44643125 0.33234027777777775 0.4330375 0.22817361111111112 0.63839375 0.22073611111111113 0.6361625 0.33234027777777775 0.8325875 0.3298611111111111 0.8392875 0.11409027777777776