5 0.834375 0.6609375 0.834375 0.5640624999999999 0.6421875 0.5640624999999999 0.6421875 0.6609375 0.834375 0.6609375
5 0.24375 0.5640624999999999 0.24375 0.659375 0.2453125 0.6609375 0.434375 0.6609375 0.434375 0.5640624999999999 0.24375 0.5640624999999999
5 0.234375 0.7734375 0.234375 0.5609375000000001 0.1375 0.5609375000000001 0.1375 0.7749999999999999 0.2296875 0.7749999999999999 0.23125 0.7734375 0.234375 0.7734375
5 0.8421875 0.5609375000000001 0.840625 0.5625 0.840625 0.7749999999999999 0.9375 0.7749999999999999 0.9375 0.5609375000000001 0.8421875 0.5609375000000001
8 0.425 0.675 0.425 0.7718750000000001 0.6484375 0.7718750000000001 0.65 0.7703125 0.65 0.675 0.425 0.675
5 0.334375 0.5484374999999999 0.334375 0.128125 0.2421875 0.128125 0.2421875 0.5484374999999999 0.334375 0.5484374999999999
5 0.7390625 0.21718749999999998 0.7390625 0.1171875 0.640625 0.1171875 0.640625 0.21718749999999998 0.7390625 0.21718749999999998
6 0.5171875 0.40937500000000004 0.5171875 0.3109375 0.4328125 0.3109375 0.4328125 0.40937500000000004 0.5171875 0.40937500000000004
5 0.23125 0.1015625 0.23125 0.0015625 0.140625 0.0015625 0.140625 0.1015625 0.23125 0.1015625
2 0.4875 0.51875 0.4875 0.42500000000000004 0.409375 0.42500000000000004 0.409375 0.5218750000000001 0.4859375 0.5218750000000001 0.4859375 0.5203125 0.4875 0.51875
5 0.434375 0.21718749999999998 0.434375 0.11875000000000001 0.3375 0.11875000000000001 0.3375 0.21718749999999998 0.434375 0.21718749999999998
8 0.5390625 0.334375 0.5390625 0.44218749999999996 0.634375 0.44218749999999996 0.6359375 0.44062500000000004 0.6359375 0.334375 0.5390625 0.334375
5 0.846875 0.0015625 0.846875 0.1015625 0.93125 0.1015625 0.9328125 0.1 0.9328125 0.0015625 0.846875 0.0015625
5 0.8375 0.55 0.8375 0.503125 0.8390625 0.5015624999999999 0.8390625 0.46875 0.840625 0.46718750000000003 0.840625 0.11406250000000001 0.7421875 0.11406250000000001 0.7421875 0.55 0.8375 0.55
5 0 0 0 0.9930555555555556 0.99375 0.9930555555555556 0.99375 0 0.9390625 0 0.9390625 0.003125 0.9375 0.004687500000000001 0.9375 0.0796875 0.9359375 0.08124999999999999 0.9359375 0.10625000000000001 0.934375 0.1078125 0.934375 0.1109375 0.9328125 0.11249999999999999 0.9328125 0.11562499999999999 0.934375 0.1171875 0.934375 0.11875000000000001 0.9359375 0.12031249999999999 0.9359375 0.1671875 0.9375 0.16875 0.9375 0.5625 0.9390625 0.5640624999999999 0.9390625 0.6578124999999999 0.9375 0.659375 0.9375 0.7140625 0.9390625 0.715625 0.9390625 0.7281249999999999 0.9375 0.7296875 0.9375 0.7625 0.9390625 0.7640625000000001 0.9390625 0.7703125 0.9375 0.7718750000000001 0.9375 0.7765625 0.934375 0.7796875000000001 0.93125 0.7796875000000001 0.9296875 0.78125 0.8609375 0.78125 0.859375 0.7796875000000001 0.7890625 0.7796875000000001 0.7875 0.778125 0.784375 0.778125 0.7828125 0.7796875000000001 0.7515625 0.7796875000000001 0.75 0.778125 0.7234375 0.778125 0.721875 0.7765625 0.7203125 0.7765625 0.71875 0.778125 0.7140625 0.778125 0.7125 0.7765625 0.6578125 0.7765625 0.65625 0.7749999999999999 0.6453125 0.7749999999999999 0.64375 0.7765625 0.6359375 0.7765625 0.634375 0.7749999999999999 0.528125 0.7749999999999999 0.5265625 0.7765625 0.4984375 0.7765625 0.496875 0.7749999999999999 0.4640625 0.7749999999999999 0.4625 0.7765625 0.421875 0.7765625 0.4203125 0.7749999999999999 0.4078125 0.7749999999999999 0.40625 0.7765625 0.2328125 0.7765625 0.23125 0.778125 0.209375 0.778125 0.2078125 0.7796875000000001 0.175 0.7796875000000001 0.1734375 0.78125 0.153125 0.78125 0.1515625 0.7796875000000001 0.140625 0.7796875000000001 0.1359375 0.7749999999999999 0.1359375 0.37187499999999996 0.1375 0.37031250000000004 0.1375 0.0625 0.1359375 0.060937500000000006 0.1359375 0 0 0