9 0.50625 0.34065972222222224 0.403125 0.34065972222222224 0.403125 0.4437847222222222 0.50625 0.4437847222222222 0.50625 0.34065972222222224
5 0.60003125 0.11249999999999999 0.39534375 0.11249999999999999 0.39534375 0.21875 0.60003125 0.21875 0.60003125 0.11249999999999999
5 0.603125 0.109375 0.603125 0.4390625 0.696875 0.4390625 0.696875 0.109375 0.603125 0.109375
5 0.1984375 0.34375 0.1984375 0.44062500000000004 0.2 0.44062500000000004 0.2015625 0.44218749999999996 0.4015625 0.44218749999999996 0.4015625 0.34375 0.1984375 0.34375
5 0.6984375 0.11562499999999999 0.6984375 0.33281249999999996 0.89375 0.33281249999999996 0.89375 0.11562499999999999 0.6984375 0.11562499999999999
5 0.1984375 0.33281249999999996 0.3890625 0.33281249999999996 0.3890625 0.11406250000000001 0.1984375 0.11406250000000001 0.19696249999999998 0.2260833333333333 0.1984375 0.33281249999999996
5 0.7 0.44218749999999996 0.99375 0.44218749999999996 0.99375 0.34375 0.6984375 0.34375 0.6984375 0.44062500000000004 0.7 0.44218749999999996
5 0.50625 0.3421875 0.50625 0.44062500000000004 0.6 0.44062500000000004 0.6 0.3421875 0.50625 0.3421875
6 0.4078125 0.1984375 0.4078125 0.303125 0.496875 0.303125 0.496875 0.1984375 0.4078125 0.1984375
6 0.5109375 0.415625 0.5109375 0.5249999999999999 0.5890625 0.5249999999999999 0.5890625 0.415625 0.5109375 0.415625
6 0.128125 0.5578125 0.128125 0.6609375 0.2109375 0.6609375 0.2109375 0.5578125 0.128125 0.5578125
5 0.109375 0.11562499999999999 0.109375 0.4375 0.1953125 0.4375 0.1953125 0.11562499999999999 0.109375 0.11562499999999999
5 0.896875 0.11406250000000001 0.896875 0.21875 0.99375 0.21875 0.99375 0.11406250000000001 0.896875 0.11406250000000001
12 0.003125 0.6765625 0.003125 0.9930555555555556 0.9921875 0.9930555555555556 0.9921875 0.6765625 0.003125 0.6765625
2 0.492625 0.4201736111111111 0.40199999999999997 0.4201736111111111 0.40199999999999997 0.5295486111111111 0.492625 0.5295486111111111 0.492625 0.4201736111111111
5 0.99375 0.10923611111111112 0.99375 0 0 0.003791666666666667 0.0010125 0.6676527777777778 0.10506875 0.6676527777777778 0.10641875 0.11043055555555555 0.99375 0.10923611111111112