5 0 0 0 0.9930555555555556 0.40401875 0.9930555555555556 0.39955625 0.21577083333333336 0.99375 0.22569444444444445 0.99375 0 0 0
5 0.59846875 0.2234722222222222 0.40315625 0.2234722222222222 0.40315625 0.2797222222222222 0.59846875 0.2797222222222222 0.59846875 0.2234722222222222
5 0.59821875 0.28770833333333334 0.40403124999999995 0.28770833333333334 0.40403124999999995 0.44395833333333334 0.59821875 0.44395833333333334 0.59821875 0.28770833333333334
5 0.9999687500000001 0.2232291666666667 0.60265625 0.2232291666666667 0.60265625 0.44399305555555557 0.9999687500000001 0.44399305555555557 0.9999687500000001 0.2232291666666667
6 0.79534375 0.5281597222222223 0.7031562499999999 0.5281597222222223 0.7031562499999999 0.6390625000000001 0.79534375 0.6390625000000001 0.79534375 0.5281597222222223
5 0.99378125 0.5578472222222222 0.8047187499999999 0.5578472222222222 0.8047187499999999 0.7703472222222223 0.99378125 0.7703472222222223 0.99378125 0.5578472222222222
6 0.99375 0.8296874999999999 0.903125 0.8296874999999999 0.903125 0.9375347222222222 0.99375 0.9375347222222222 0.99375 0.8296874999999999
1 0.5875 0.7797222222222222 0.5125 0.7797222222222222 0.5125 0.8672222222222222 0.5875 0.8672222222222222 0.5875 0.7797222222222222
6 0.49378124999999995 0.7453125 0.41096875 0.7453125 0.41096875 0.8609374999999999 0.49378124999999995 0.8609374999999999 0.49378124999999995 0.7453125
5 0.59596875 0.5431597222222222 0.40178125 0.5431597222222222 0.40178125 0.7267013888888889 0.59596875 0.7267013888888889 0.59596875 0.5431597222222222
5 0.50221875 0.8904166666666666 0.39953125 0.8904166666666666 0.39953125 0.9920833333333334 0.50221875 0.9920833333333334 0.50221875 0.8904166666666666
5 0.6016874999999999 0.8928472222222221 0.5079374999999999 0.8928472222222221 0.5079374999999999 0.9945138888888889 0.6016874999999999 0.9945138888888889 0.6016874999999999 0.8928472222222221
2 0.49065624999999996 0.41718750000000004 0.40784374999999995 0.41718750000000004 0.40784374999999995 0.5250347222222222 0.49065624999999996 0.5250347222222222 0.49065624999999996 0.41718750000000004
5 0.596 0.7168055555555556 0.5045 0.7168055555555556 0.5045 0.78375 0.596 0.78375 0.596 0.7168055555555556