5 0.70625 0.453125 0.7078125 0.45468749999999997 0.7078125 0.5109375 0.70625 0.5125 0.70625 0.59375 0.7046875 0.5953124999999999 0.7046875 0.6171875 0.703125 0.6187499999999999 0.703125 0.6234375000000001 0.6984375 0.628125 0.696875 0.628125 0.69375 0.625 0.6859375 0.625 0.684375 0.6234375000000001 0.68125 0.6234375000000001 0.6796875 0.621875 0.6765625 0.621875 0.675 0.6203125 0.66875 0.6203125 0.6671875 0.6187499999999999 0.6421875 0.6187499999999999 0.640625 0.6171875 0.615625 0.6171875 0.6140625 0.6187499999999999 0.590625 0.6187499999999999 0.5890625 0.6203125 0.571875 0.6203125 0.5703125 0.6187499999999999 0.5203125 0.6187499999999999 0.51875 0.6203125 0.515625 0.6203125 0.5140625 0.621875 0.5125 0.621875 0.5109375 0.6234375000000001 0.509375 0.6234375000000001 0.50625 0.6265624999999999 0.50625 0.7328125000000001 0.509375 0.7359374999999999 0.5171875 0.7359374999999999 0.51875 0.7375 0.5328125 0.7375 0.534375 0.7390625 0.5796875 0.7390625 0.58125 0.7375 0.590625 0.7375 0.5921875 0.7359374999999999 0.5984375 0.7359374999999999 0.6 0.7375 0.6015625 0.7375 0.603125 0.7390625 0.603125 0.7609375 0.6046875 0.7625 0.6046875 0.7765625 0.60625 0.778125 0.60625 0.9234374999999999 0.6078125 0.9249999999999999 0.6078125 0.9421875000000001 0.609375 0.9437500000000001 0.609375 0.9468749999999999 0.6109375 0.9484374999999999 0.615625 0.9484374999999999 0.6203125 0.953125 0.6328125 0.953125 0.634375 0.9546874999999999 0.6390625 0.9546874999999999 0.640625 0.953125 0.6421875 0.9546874999999999 0.7984375 0.9546874999999999 0.7984375 0.4125 0.7078125 0.4125 0.7078125 0.4375 0.70625 0.4390625 0.70625 0.44375 0.7078125 0.4453125 0.70625 0.44687499999999997 0.70625 0.453125
4 0.4984375 0.7359374999999999 0.4984375 0.6296875 0.40625 0.6296875 0.40625 0.7359374999999999 0.4984375 0.7359374999999999
4 0.70625 0.2953125 0.70625 0.3984375 0.7078125 0.4 0.7078125 0.40156250000000004 0.8 0.40156250000000004 0.8 0.2953125 0.70625 0.2953125
5 0.3921875 0.9578125000000001 0.39375 0.9562499999999999 0.396875 0.9562499999999999 0.396875 0.6171875 0.39375 0.6171875 0.3921875 0.6156250000000001 0.3875 0.6156250000000001 0.3859375 0.6140625 0.359375 0.6140625 0.3578125 0.6156250000000001 0.346875 0.6156250000000001 0.3453125 0.6171875 0.328125 0.6171875 0.3265625 0.6187499999999999 0.309375 0.6187499999999999 0.3046875 0.6140625 0.3046875 0.5578125 0.30625 0.5562499999999999 0.30625 0.5265625 0.3046875 0.5249999999999999 0.3046875 0.5234375 0.303125 0.5218750000000001 0.2078125 0.5218750000000001 0.2078125 0.9578125000000001 0.2671875 0.9578125000000001 0.26875 0.9562499999999999 0.38125 0.9562499999999999 0.3828125 0.9578125000000001 0.3921875 0.9578125000000001
4 0.3 0.5125 0.3 0.40625 0.2046875 0.40625 0.2046875 0.5125 0.3 0.5125
2 0.5953125 0.5218750000000001 0.5953125 0.421875 0.50625 0.421875 0.50625 0.5218750000000001 0.5953125 0.5218750000000001
6 0.896875 0.721875 0.896875 0.621875 0.8140625 0.621875 0.8140625 0.721875 0.896875 0.721875
6 0.6953125 0.27656250000000004 0.6953125 0.1765625 0.603125 0.1765625 0.603125 0.27656250000000004 0.6953125 0.27656250000000004
6 0.4078125 0.49687499999999996 0.409375 0.49843750000000003 0.4859375 0.49843750000000003 0.4859375 0.3921875 0.4078125 0.3921875 0.4078125 0.49687499999999996
6 0.0890625 0.49687499999999996 0.0890625 0.3984375 0.009375 0.3984375 0.009375 0.49687499999999996 0.0890625 0.49687499999999996
6 0.3109375 0.2734375 0.3125 0.275 0.3875 0.275 0.3875 0.175 0.3109375 0.175 0.3109375 0.2734375
5 0.3015625 0.35 0.3 0.34843749999999996 0.3 0.3375 0.3015625 0.3359375 0.3015625 0.3203125 0.3 0.31875 0.3 0.30937499999999996 0.3015625 0.30781250000000004 0.3015625 0.2890625 0.303125 0.2875 0.303125 0.28593749999999996 0.3046875 0.28437500000000004 0.3046875 0.2640625 0.303125 0.26249999999999996 0.303125 0.259375 0.3015625 0.2578125 0.3015625 0.215625 0.303125 0.2140625 0.303125 0.2 0.3046875 0.1984375 0.3046875 0.19374999999999998 0.30625 0.1921875 0.30625 0.190625 0.3109375 0.18593749999999998 0.3125 0.18593749999999998 0.3140625 0.184375 0.315625 0.184375 0.3171875 0.1828125 0.31875 0.184375 0.321875 0.184375 0.3234375 0.18593749999999998 0.33125 0.18593749999999998 0.3328125 0.1875 0.34375 0.1875 0.3453125 0.18906250000000002 0.3578125 0.18906250000000002 0.359375 0.190625 0.384375 0.190625 0.3859375 0.18906250000000002 0.3875 0.18906250000000002 0.3890625 0.1875 0.390625 0.1875 0.3921875 0.18593749999999998 0.39375 0.18593749999999998 0.3984375 0.18125000000000002 0.421875 0.18125000000000002 0.4234375 0.1828125 0.4421875 0.1828125 0.44375 0.184375 0.465625 0.184375 0.4671875 0.1828125 0.478125 0.1828125 0.4796875 0.18125000000000002 0.4921875 0.18125000000000002 0.49375 0.1828125 0.50625 0.1828125 0.5078125 0.184375 0.515625 0.184375 0.5171875 0.18593749999999998 0.5203125 0.18593749999999998 0.521875 0.1875 0.528125 0.1875 0.5296875 0.18906250000000002 0.53125 0.18906250000000002 0.5328125 0.190625 0.5421875 0.190625 0.54375 0.1921875 0.5640625 0.1921875 0.565625 0.190625 0.571875 0.190625 0.5734375 0.18906250000000002 0.584375 0.18906250000000002 0.5859375 0.1875 0.590625 0.1875 0.5921875 0.18593749999999998 0.59375 0.18593749999999998 0.5984375 0.18125000000000002 0.60625 0.18125000000000002 0.6078125 0.1828125 0.615625 0.1828125 0.6171875 0.18125000000000002 0.6234375 0.18125000000000002 0.625 0.1796875 0.690625 0.1796875 0.6921875 0.17812499999999998 0.69375 0.17812499999999998 0.6984375 0.17343750000000002 0.7015625 0.1765625 0.7015625 0.17812499999999998 0.703125 0.1796875 0.703125 0.203125 0.7046875 0.20468750000000002 0.7046875 0.22812500000000002 0.703125 0.22968750000000002 0.703125 0.23750000000000002 0.7046875 0.23906249999999998 0.7046875 0.25625 0.703125 0.2578125 0.703125 0.26249999999999996 0.7046875 0.2640625 0.7046875 0.2671875 0.703125 0.26875000000000004 0.703125 0.27031249999999996 0.7046875 0.271875 0.7046875 0.27812499999999996 0.7078125 0.28125 0.7078125 0.2828125 0.709375 0.28437500000000004 0.7109375 0.28437500000000004 0.7125 0.28593749999999996 0.7203125 0.28593749999999996 0.721875 0.2875 0.771875 0.2875 0.7734375 0.28593749999999996 0.790625 0.28593749999999996 0.7921875 0.28437500000000004 0.7953125 0.28437500000000004 0.796875 0.2828125 0.7984375 0.2828125 0.7984375 0.28125 0.8 0.2796875 0.8 0.2734375 0.8015625 0.271875 0.8015625 0.17812499999999998 0.803125 0.1765625 0.803125 0.16875 0.8046875 0.1671875 0.8046875 0.14218750000000002 0.803125 0.140625 0.803125 0.13124999999999998 0.8046875 0.1296875 0.8046875 0.12656250000000002 0.803125 0.125 0.803125 0.12031249999999999 0.8046875 0.11875000000000001 0.8046875 0.10468749999999999 0.80625 0.103125 0.80625 0.0921875 0.8078125 0.09062500000000001 0.8078125 0.06875 0.2078125 0.06875 0.2078125 0.396875 0.2984375 0.396875 0.3 0.39531249999999996 0.3 0.3921875 0.3015625 0.390625 0.3015625 0.35
6 0.5890625 0.271875 0.5890625 0.17343750000000002 0.5109375 0.17343750000000002 0.5109375 0.271875 0.5890625 0.271875
5 0.09821875 1 0.09821875 0.952361111111111 0.01115625 0.952361111111111 0.01115625 1 0.09821875 1