7 0.4890625 0.840625 0.4890625 0.76875 0.4125 0.76875 0.4125 0.840625 0.4890625 0.840625
7 0.9125 0.7296875 0.9140625 0.73125 0.9890625 0.73125 0.9890625 0.65625 0.9125 0.65625 0.9125 0.7296875
5 0.403125 0.44062500000000004 0.4953125 0.44062500000000004 0.496875 0.4390625 0.496875 0.22499999999999998 0.403125 0.22499999999999998 0.403125 0.44062500000000004
5 0.8921875 0.8843749999999999 0.89375 0.8843749999999999 0.89375 0.8828125 0.896875 0.8796875 0.896875 0.878125 0.8984375 0.8765624999999999 0.8984375 0.79375 0.9 0.7921875 0.9 0.7296875 0.8984375 0.7281249999999999 0.8984375 0.7171875000000001 0.9 0.715625 0.9 0.684375 0.9015625 0.6828125 0.9015625 0.6703125000000001 0.903125 0.66875 0.903125 0.6671875 0.9078125 0.6625000000000001 0.909375 0.6625000000000001 0.9125 0.659375 0.9125 0.6578124999999999 0.9140625 0.65625 0.9296875 0.65625 0.93125 0.6546875000000001 0.953125 0.6546875000000001 0.9546875 0.65625 0.9671875 0.65625 0.96875 0.6578124999999999 0.971875 0.6578124999999999 0.9734375 0.659375 0.9828125 0.659375 0.984375 0.6609375 0.99375 0.6609375 0.99375 0.5562499999999999 0.8046875 0.5562499999999999 0.8046875 0.8828125 0.80625 0.8843749999999999 0.8078125 0.8843749999999999 0.809375 0.8859375 0.890625 0.8859375 0.8921875 0.8843749999999999
2 0.5953125 0.5203125 0.5953125 0.41874999999999996 0.5046875 0.41874999999999996 0.5046875 0.5203125 0.5953125 0.5203125
5 0.5015625 0.8453124999999999 0.503125 0.846875 0.503125 0.8531249999999999 0.5015625 0.8546875 0.5015625 0.871875 0.503125 0.8734375000000001 0.503125 0.8796875 0.5015625 0.8812500000000001 0.5015625 0.8843749999999999 0.4984375 0.8875 0.49375 0.8875 0.4921875 0.8890625000000001 0.4078125 0.8890625000000001 0.40625 0.8875 0.403125 0.8875 0.4015625 0.8859375 0.4015625 0.8843749999999999 0.4 0.8828125 0.4 0.840625 0.3984375 0.8390625 0.3984375 0.7984374999999999 0.4 0.796875 0.3984375 0.7953125000000001 0.3984375 0.7875000000000001 0.396875 0.7859375 0.396875 0.784375 0.39375 0.78125 0.3921875 0.78125 0.390625 0.7796875000000001 0.30625 0.7796875000000001 0.3046875 0.78125 0.3046875 0.9930555555555556 0.596875 0.9930555555555556 0.5984375 0.9930555555555556 0.5984375 0.9890625000000001 0.6 0.9874999999999999 0.6 0.9156249999999999 0.5984375 0.9140625 0.6 0.9125000000000001 0.6 0.9078124999999999 0.5984375 0.90625 0.5984375 0.8953125000000001 0.6 0.8937499999999999 0.6 0.8890625000000001 0.6015625 0.8875 0.603125 0.8875 0.6046875 0.8859375 0.6875 0.8859375 0.6890625 0.8843749999999999 0.6921875 0.8843749999999999 0.69375 0.8828125 0.69375 0.7796875000000001 0.509375 0.7796875000000001 0.5078125 0.78125 0.50625 0.78125 0.503125 0.784375 0.503125 0.7921875 0.5015625 0.79375 0.5015625 0.8453124999999999
5 0.0953125 0.44062500000000004 0.0953125 0.33906250000000004 0.00625 0.33906250000000004 0.00625 0.44062500000000004 0.0953125 0.44062500000000004
5 0.10625 0.5609375000000001 0.10625 0.6625000000000001 0.58125 0.6625000000000001 0.5828125 0.6609375 0.59375 0.6609375 0.59375 0.5609375000000001 0.10625 0.5609375000000001
5 0.2953125 0.44062500000000004 0.2953125 0.3359375 0.2046875 0.3359375 0.2046875 0.44062500000000004 0.2953125 0.44062500000000004
10 0.090625 0.546875 0.090625 0.45156250000000003 0.00625 0.45156250000000003 0.00625 0.546875 0.090625 0.546875
10 0.0078125 0.559375 0.0078125 0.6671875 0.0984375 0.6671875 0.096875 0.6656249999999999 0.0984375 0.6640625 0.0984375 0.559375 0.0078125 0.559375
5 0.1953125 0.9930555555555556 0.1953125 0.7796875000000001 0.1046875 0.7796875000000001 0.1046875 0.9930555555555556 0.1953125 0.9930555555555556
5 0.8953125 0.44062500000000004 0.8953125 0.3375 0.6078125 0.3375 0.6078125 0.44062500000000004 0.8953125 0.44062500000000004
10 0.596875 0.528125 0.5953125 0.5296875000000001 0.5953125 0.546875 0.6890625 0.546875 0.6890625 0.44843750000000004 0.60625 0.44843750000000004 0.6046875 0.44999999999999996 0.603125 0.44843750000000004 0.5953125 0.44843750000000004 0.5953125 0.5249999999999999 0.596875 0.5265625 0.596875 0.528125
5 0.9984375 0.11875000000000001 0.9984375 0.004687500000000001 0.00625 0.004687500000000001 0.00625 0.11875000000000001 0.9984375 0.11875000000000001
10 0.2875 0.5484374999999999 0.2875 0.45156250000000003 0.196875 0.45156250000000003 0.196875 0.5484374999999999 0.2875 0.5484374999999999
5 1 0.12187500000000001 0.00625 0.12187500000000001 0.00625 0.221875 1 0.221875 1 0.12187500000000001
10 0.2984375 0.7796875000000001 0.1984375 0.7796875000000001 0.1984375 0.8954513888888889 0.2984375 0.8954513888888889 0.2984375 0.7796875000000001
10 0.700875 0.6696527777777779 0.607125 0.6696527777777779 0.607125 0.7738194444444445 0.700875 0.7738194444444445 0.700875 0.6696527777777779