7 0.4109375 0.765625 0.4109375 0.840625 0.4125 0.840625 0.4140625 0.8421875000000001 0.4890625 0.8421875000000001 0.4890625 0.765625 0.4109375 0.765625
8 0.6921875 0.328125 0.6921875 0.22812500000000002 0.6109375 0.22812500000000002 0.6109375 0.328125 0.6921875 0.328125
2 0.5890625 0.5234375 0.5890625 0.41874999999999996 0.50625 0.41874999999999996 0.5078125 0.4203125 0.5078125 0.5140625000000001 0.50625 0.515625 0.50625 0.5218750000000001 0.5078125 0.5234375 0.5890625 0.5234375
5 0.69375 0.784375 0.5046875 0.784375 0.5046875 0.8890625000000001 0.684375 0.8890625000000001 0.6859375 0.8875 0.6921875 0.8875 0.69375 0.8890625000000001 0.69375 0.784375
6 0.690625 0.6375 0.690625 0.5296875000000001 0.6125 0.5296875000000001 0.6125 0.53125 0.6140625 0.5328124999999999 0.6140625 0.6156250000000001 0.6125 0.6171875 0.6125 0.6375 0.690625 0.6375
5 0.3015625 0.328125 0.6015625 0.328125 0.6015625 0.22499999999999998 0.3 0.22499999999999998 0.3015625 0.2265625 0.3015625 0.22812500000000002 0.3 0.22968750000000002 0.3 0.3046875 0.3015625 0.30625 0.3015625 0.328125
5 0.39375 0.8890625000000001 0.3953125 0.8890625000000001 0.3953125 0.6703125000000001 0.3 0.6703125000000001 0.3 0.8859375 0.303125 0.8890625000000001 0.3890625 0.8890625000000001 0.390625 0.8875 0.3921875 0.8875 0.39375 0.8890625000000001
6 0.50625 0.64375 0.50625 0.746875 0.5078125 0.746875 0.509375 0.7484375000000001 0.59375 0.7484375000000001 0.59375 0.64375 0.50625 0.64375
6 0.39375 0.415625 0.39375 0.3125 0.3109375 0.3125 0.3109375 0.31562500000000004 0.3125 0.31718749999999996 0.3125 0.3296875 0.3109375 0.33125000000000004 0.3109375 0.415625 0.39375 0.415625
5 1 0.00003472222222222222 0 0.00003472222222222222 0 0.2157986111111111 1 0.2157986111111111 1 0.00003472222222222222
5 1 0.21825694444444443 0.6986625 0.21825694444444443 0.6919625 0.8953402777777778 0.296875 0.8854166666666666 0.29910625 0.22073611111111113 0.00625 0.21329166666666666 0.00625 0.9930555555555556 1 0.9930555555555556 1 0.21825694444444443