5 0.0265625 0.23593750000000002 0.025 0.23750000000000002 0.0203125 0.23750000000000002 0.0203125 0.45625000000000004 0.025 0.4609375 0.025 0.46249999999999997 0.0265625 0.46406250000000004 0.0265625 0.46562499999999996 0.0296875 0.46875 0.0296875 0.47812499999999997 0.03125 0.47968750000000004 0.03125 0.6546875000000001 0.0296875 0.65625 0.0296875 0.6625000000000001 0.03125 0.6640625 0.03125 0.66875 0.0328125 0.6703125000000001 0.0328125 0.671875 0.103125 0.671875 0.1046875 0.6703125000000001 0.1046875 0.6656249999999999 0.10625 0.6640625 0.1046875 0.6625000000000001 0.1046875 0.5765625000000001 0.109375 0.5718749999999999 0.1109375 0.5718749999999999 0.1140625 0.5687500000000001 0.1171875 0.5687500000000001 0.11875 0.5703125 0.128125 0.5703125 0.1296875 0.5718749999999999 0.134375 0.5718749999999999 0.1359375 0.5703125 0.1453125 0.5703125 0.146875 0.5718749999999999 0.18125 0.5718749999999999 0.1828125 0.5703125 0.184375 0.5703125 0.1859375 0.5718749999999999 0.1890625 0.5718749999999999 0.19375 0.5765625000000001 0.19375 0.6703125000000001 0.1953125 0.671875 0.3609375 0.671875 0.365625 0.6671875 0.3671875 0.6671875 0.3671875 0.6656249999999999 0.36875 0.6640625 0.36875 0.6625000000000001 0.371875 0.659375 0.371875 0.6421874999999999 0.3703125 0.640625 0.3703125 0.6296875 0.36875 0.628125 0.36875 0.60625 0.3671875 0.6046875 0.3671875 0.5015624999999999 0.36875 0.5 0.36875 0.47031249999999997 0.3703125 0.46875 0.3703125 0.46562499999999996 0.371875 0.46406250000000004 0.371875 0.46249999999999997 0.3734375 0.4609375 0.3734375 0.45781249999999996 0.3765625 0.45468749999999997 0.3765625 0.23750000000000002 0.359375 0.23750000000000002 0.3578125 0.23593750000000002 0.3078125 0.23593750000000002 0.30625 0.234375 0.284375 0.234375 0.2828125 0.23593750000000002 0.253125 0.23593750000000002 0.2515625 0.234375 0.234375 0.234375 0.2328125 0.23593750000000002 0.20625 0.23593750000000002 0.2046875 0.234375 0.1625 0.234375 0.1609375 0.23593750000000002 0.1421875 0.23593750000000002 0.140625 0.234375 0.1390625 0.23593750000000002 0.103125 0.23593750000000002 0.1015625 0.234375 0.1 0.23593750000000002 0.0640625 0.23593750000000002 0.0625 0.234375 0.0484375 0.234375 0.046875 0.23593750000000002 0.0265625 0.23593750000000002
5 0.6234375 0.23593750000000002 0.6234375 0.4609375 0.625 0.46249999999999997 0.625 0.46406250000000004 0.6265625 0.46562499999999996 0.6265625 0.46875 0.628125 0.47031249999999997 0.628125 0.47343749999999996 0.6296875 0.47500000000000003 0.6296875 0.48593749999999997 0.63125 0.48750000000000004 0.63125 0.6109374999999999 0.6296875 0.6125 0.6296875 0.6671875 0.63125 0.66875 0.63125 0.6703125000000001 0.9625 0.6703125000000001 0.9640625 0.66875 0.965625 0.66875 0.9703125 0.6640625 0.9703125 0.6625000000000001 0.971875 0.6609375 0.971875 0.6171875 0.9703125 0.6156250000000001 0.9703125 0.5375000000000001 0.96875 0.5359375 0.96875 0.47968750000000004 0.9703125 0.47812499999999997 0.9703125 0.47187500000000004 0.971875 0.47031249999999997 0.971875 0.46562499999999996 0.9734375 0.46406250000000004 0.9734375 0.4609375 0.975 0.45937500000000003 0.975 0.45625000000000004 0.978125 0.453125 0.978125 0.23750000000000002 0.95 0.23750000000000002 0.9484375 0.23593750000000002 0.9453125 0.23593750000000002 0.94375 0.23750000000000002 0.90625 0.23750000000000002 0.9046875 0.23593750000000002 0.8734375 0.23593750000000002 0.871875 0.23750000000000002 0.859375 0.23750000000000002 0.8578125 0.23593750000000002 0.84375 0.23593750000000002 0.8421875 0.234375 0.8328125 0.234375 0.83125 0.23593750000000002 0.80625 0.23593750000000002 0.8046875 0.234375 0.73125 0.234375 0.7296875 0.23593750000000002 0.721875 0.23593750000000002 0.7203125 0.234375 0.6828125 0.234375 0.68125 0.23593750000000002 0.671875 0.23593750000000002 0.6703125 0.234375 0.6328125 0.234375 0.63125 0.23593750000000002 0.6234375 0.23593750000000002
5 0.390625 0.2265625 0.390625 0.13437500000000002 0.00625 0.13437500000000002 0.00625 0.2265625 0.390625 0.2265625
5 0.990625 0.22812500000000002 0.9921875 0.2265625 0.9921875 0.14218750000000002 0.99375 0.140625 0.99375 0.13437500000000002 0.6078125 0.13437500000000002 0.6078125 0.22812500000000002 0.990625 0.22812500000000002
5 0.990625 0.8921874999999999 0.9921875 0.890625 0.9921875 0.8031250000000001 0.8078125 0.8031250000000001 0.8078125 0.8921874999999999 0.990625 0.8921874999999999
5 0.2109375 0.8937499999999999 0.2125 0.8921874999999999 0.21875 0.8921874999999999 0.2203125 0.8937499999999999 0.3328125 0.8937499999999999 0.334375 0.8921874999999999 0.3671875 0.8921874999999999 0.36875 0.8937499999999999 0.371875 0.8937499999999999 0.3734375 0.8921874999999999 0.390625 0.8921874999999999 0.3921875 0.890625 0.3921875 0.8328125 0.39375 0.83125 0.39375 0.8015625 0.2078125 0.8015625 0.2078125 0.8937499999999999 0.2109375 0.8937499999999999
1 0.7984375 0.8953125000000001 0.7984375 0.7953125000000001 0.703125 0.7953125000000001 0.703125 0.8953125000000001 0.7984375 0.8953125000000001
1 0.1984375 0.8968750000000001 0.1984375 0.7953125000000001 0.103125 0.7953125000000001 0.103125 0.8968750000000001 0.1984375 0.8968750000000001
5 0.6078125 0.8921874999999999 0.6265625 0.8921874999999999 0.628125 0.8937499999999999 0.6765625 0.8937499999999999 0.678125 0.8921874999999999 0.6953125 0.8921874999999999 0.6953125 0.8031250000000001 0.60625 0.8031250000000001 0.60625 0.8937499999999999 0.6078125 0.8921874999999999
5 0.0921875 0.8953125000000001 0.09375 0.8937499999999999 0.09375 0.8062499999999999 0.00625 0.8062499999999999 0.00625 0.8953125000000001 0.0921875 0.8953125000000001
2 0.4921875 0.5203125 0.4921875 0.51875 0.49375 0.5171874999999999 0.49375 0.428125 0.40625 0.428125 0.40625 0.5203125 0.4921875 0.5203125
8 0.1859375 0.6703125000000001 0.1859375 0.58125 0.1140625 0.58125 0.1140625 0.6703125000000001 0.1859375 0.6703125000000001