2 0.4953125 0.5218750000000001 0.4953125 0.4234375 0.403125 0.4234375 0.403125 0.5218750000000001 0.4953125 0.5218750000000001
6 0.790625 0.8578125000000001 0.790625 0.753125 0.7078125 0.753125 0.7078125 0.8578125000000001 0.790625 0.8578125000000001
5 0.4984375 0.6484375 0.4984375 0.5734375 0.3 0.5734375 0.3 0.6484375 0.4984375 0.6484375
5 0.003125 0 0.003125 0.5531250000000001 0.10625 0.5531250000000001 0.10625 0 0.003125 0
5 0.699775 0.32995833333333335 0.699775 0.12214583333333333 0.506025 0.12214583333333333 0.506025 0.32995833333333335 0.699775 0.32995833333333335
5 0.1140625 0 0.1140625 0.5562499999999999 0.19375 0.5562499999999999 0.19375 0 0.1140625 0
8 0.5015625 0.9930555555555556 0.5015625 0.890625 0.3015625 0.890625 0.3015625 0.9930555555555556 0.5015625 0.9930555555555556
5 0.1984375 0.659375 0.20758749999999998 0.6051597222222223 0.296875 0.6101180555555555 0.29018125 0.5629930555555556 0 0.5629930555555556 0.003125 0.6609375 0.196875 0.6609375 0.1984375 0.659375
5 0.89285625 0.6026805555555556 0.890625 0.5580347222222222 0.50625 0.575 0.50625 0.659375 0.7984375 0.659375 0.8035687499999999 0.6002013888888889 0.89285625 0.6026805555555556
5 0.8921875 0.5625 0.8921875 0.0015625 0.8109375 0.0015625 0.8109375 0.5625 0.8921875 0.5625
5 0.4953125 0.328125 0.4953125 0.11875000000000001 0.30625 0.11875000000000001 0.30625 0.328125 0.4953125 0.328125
5 0.890625 0.8921874999999999 0.890625 0.60625 0.8078125 0.60625 0.8078125 0.8921874999999999 0.890625 0.8921874999999999
5 0.20309375 0.9930555555555556 0.29528125 0.9930555555555556 0.29528125 0.60375 0.20309375 0.60375 0.20309375 0.9930555555555556
5 0.19690625 0.5531250000000001 0.29846875 0.5531250000000001 0.29846875 0.3421527777777778 0.19690625 0.3421527777777778 0.19690625 0.5531250000000001
5 0.50315625 0.9930208333333334 0.89221875 0.9930208333333334 0.89221875 0.8933680555555557 0.50315625 0.8933680555555557 0.50315625 0.9930208333333334
5 0.89509375 0 0.89509375 1 1 1 1 0 0.89509375 0