2 0.5953125 0.5218750000000001 0.5953125 0.4203125 0.503125 0.4203125 0.503125 0.5218750000000001 0.5953125 0.5218750000000001
8 0.4984375 0.384375 0.4984375 0.27812499999999996 0.4015625 0.27812499999999996 0.4015625 0.384375 0.4984375 0.384375
5 0.39375 0.6046875 0.39375 0.5125 0.00625 0.5125 0.00625 0.6046875 0.39375 0.6046875
5 0.80625 0.6046875 0.8078125 0.60625 0.996875 0.60625 0.996875 0.5062500000000001 0.80625 0.5062500000000001 0.80625 0.6046875
8 0.5984375 0.2734375 0.5984375 0.37812500000000004 0.6 0.37968749999999996 0.6 0.38125 0.7015625 0.38125 0.7015625 0.2734375 0.5984375 0.2734375
5 0.8734375 0.16249999999999998 0.875 0.1609375 0.8921875 0.1609375 0.89375 0.16249999999999998 0.9125 0.16249999999999998 0.9125 0.0703125 0.2984375 0.0703125 0.2984375 0.10625000000000001 0.3 0.1078125 0.3 0.159375 0.3015625 0.1609375 0.871875 0.1609375 0.8734375 0.16249999999999998
5 0.2953125 0.5046875 0.2953125 0.06875 0.20625 0.06875 0.20625 0.5046875 0.2953125 0.5046875
5 0.7 0.9930555555555556 0.7 0.953125 0.6015625 0.953125 0.6015625 0.9930555555555556 0.7 0.9930555555555556
5 0.5921875 0.9930555555555556 0.5921875 0.9515625000000001 0.3078125 0.9515625000000001 0.3078125 0.9930555555555556 0.5921875 0.9930555555555556
5 0.9932812500000001 0.06944444444444445 0.9062187500000001 0.06944444444444445 0.9062187500000001 0.5034722222222222 0.9932812500000001 0.5034722222222222 0.9932812500000001 0.06944444444444445
5 0 0.9999652777777778 0.096 0.9999652777777778 0.096 0.9473958333333334 0 0.9473958333333334 0 0.9999652777777778
5 1 0 0.00625 0.0024791666666666664 0.00625 0.5003611111111111 0.202525 0.5019097222222223 0.20535625 0.06200694444444445 1 0.05742361111111111 1 0