5 0 0 0.0022312499999999997 0.9930555555555556 0.09821250000000001 0.9930555555555556 0.10268124999999999 0.1736111111111111 0.8995562500000001 0.17609027777777778 0.9017875 0.9930555555555556 0.99375 0.9930555555555556 0.99375 0 0 0
5 0.1 0.8546875 0.1 0.9930555555555556 0.19375 0.9930555555555556 0.1953125 0.9930555555555556 0.1953125 0.8546875 0.1 0.8546875
5 0.1890625 0.39375000000000004 0.190625 0.3921875 0.1921875 0.3921875 0.19375 0.390625 0.19375 0.334375 0.1953125 0.33281249999999996 0.1953125 0.184375 0.1 0.184375 0.1 0.39375000000000004 0.1234375 0.39375000000000004 0.125 0.3921875 0.1296875 0.3921875 0.13125 0.39375000000000004 0.1484375 0.39375000000000004 0.15 0.3921875 0.1546875 0.3921875 0.15625 0.39375000000000004 0.1890625 0.39375000000000004
5 0.20625 0.8531249999999999 0.20625 0.8546875 0.2046875 0.85625 0.2046875 0.8890625000000001 0.20625 0.890625 0.20625 0.9140625 0.2046875 0.9156249999999999 0.2046875 0.953125 0.396875 0.953125 0.396875 0.8531249999999999 0.20625 0.8531249999999999
5 0.75 0.8546875 0.7421875 0.8546875 0.740625 0.8531249999999999 0.7390625 0.8531249999999999 0.7375 0.8546875 0.7296875 0.8546875 0.728125 0.8531249999999999 0.603125 0.8531249999999999 0.603125 0.9546874999999999 0.796875 0.9546874999999999 0.796875 0.8546875 0.7953125 0.8531249999999999 0.7796875 0.8531249999999999 0.778125 0.8546875 0.7703125 0.8546875 0.76875 0.8531249999999999 0.7515625 0.8531249999999999 0.75 0.8546875
5 0.8953125 0.3921875 0.896875 0.3921875 0.8984375 0.390625 0.8984375 0.184375 0.8046875 0.184375 0.8046875 0.39375000000000004 0.89375 0.39375000000000004 0.8953125 0.3921875
5 0.7 0.5046875 0.7 0.4078125 0.603125 0.4078125 0.603125 0.5093749999999999 0.6984375 0.5093749999999999 0.6984375 0.5062500000000001 0.7 0.5046875
6 0.3984375 0.684375 0.3984375 0.5921875000000001 0.30625 0.5921875000000001 0.30625 0.6875 0.396875 0.6875 0.396875 0.6859375000000001 0.3984375 0.684375
5 0.203125 0.40937500000000004 0.203125 0.8500000000000001 0.2265625 0.8500000000000001 0.228125 0.8484375 0.278125 0.8484375 0.2796875 0.8500000000000001 0.29375 0.8500000000000001 0.2953125 0.8484375 0.296875 0.8484375 0.296875 0.40937500000000004 0.203125 0.40937500000000004
5 0.9 0.9930555555555556 0.9 0.8531249999999999 0.80625 0.8531249999999999 0.80625 0.9930555555555556 0.9 0.9930555555555556
5 0.396875 0.5093749999999999 0.396875 0.40625 0.3 0.40625 0.3 0.5093749999999999 0.396875 0.5093749999999999
8 0.5984375 0.7328125000000001 0.5984375 0.6265624999999999 0.5015625 0.6265624999999999 0.5015625 0.7328125000000001 0.5984375 0.7328125000000001
2 0.49375 0.4390625 0.49375 0.4359375 0.409375 0.4359375 0.409375 0.51875 0.4921875 0.51875 0.4921875 0.44062500000000004 0.49375 0.4390625
5 0.796875 0.290625 0.796875 0.18593749999999998 0.203125 0.18593749999999998 0.203125 0.290625 0.796875 0.290625
8 0.615625 0.9930555555555556 0.615625 0.9656250000000001 0.3859375 0.9656250000000001 0.3859375 0.9930555555555556 0.615625 0.9930555555555556
5 0.703125 0.5062500000000001 0.7046875 0.5078125 0.703125 0.5093749999999999 0.703125 0.84375 0.803125 0.84375 0.803125 0.4296875 0.8015625 0.428125 0.8015625 0.42656249999999996 0.703125 0.42656249999999996 0.703125 0.5062500000000001