2 0.5078125 0.428125 0.5078125 0.5218750000000001 0.590625 0.5218750000000001 0.590625 0.428125 0.5078125 0.428125
0 0.3 0.7578125 0.3 0.9930555555555556 0.603125 0.9930555555555556 0.603125 0.7578125 0.3 0.7578125
5 0.1015625 0 0.1015625 0.528125 0.3015625 0.528125 0.3015625 0 0.1015625 0
5 0.1046875 0.7546875 0.1046875 0.9930555555555556 0.2953125 0.9930555555555556 0.2953125 0.7546875 0.1046875 0.7546875
1 0.4046875 0.4234375 0.4046875 0.5203125 0.496875 0.5203125 0.496875 0.4234375 0.4046875 0.4234375
5 0.00625 0.7562500000000001 0.00625 0.9930555555555556 0.1 0.9930555555555556 0.1 0.7562500000000001 0.00625 0.7562500000000001
5 0.3046875 0 0.3046875 0.528125 0.4 0.528125 0.4 0.5265625 0.4015625 0.5249999999999999 0.4015625 0 0.3046875 0
0 0.0078125 0.0015625 0.0078125 0.5249999999999999 0.1015625 0.5249999999999999 0.1015625 0.0015625 0.0078125 0.0015625
5 0.60625 0.004687500000000001 0.60625 0.9921875 0.7015625 0.9921875 0.7015625 0.004687500000000001 0.60625 0.004687500000000001
5 1 0.004687500000000001 0.7078125 0.004687500000000001 0.7078125 0.9906250000000001 1 0.9906250000000001 1 0.004687500000000001
6 0.01246875 0.7171875000000001 0.09215625 0.7171875000000001 0.09215625 0.6155902777777778 0.01246875 0.6155902777777778 0.01246875 0.7171875000000001