5 0.696875 0.43437499999999996 0.5015625 0.43437499999999996 0.5015625 0.6453125 0.59375 0.6453125 0.5953125 0.64375 0.6 0.64375 0.6015625 0.6453125 0.60625 0.6453125 0.6078125 0.64375 0.6953125 0.64375 0.696875 0.6421874999999999 0.696875 0.43437499999999996
5 0.203125 0.3140625 0.2078125 0.3140625 0.209375 0.3125 0.215625 0.3125 0.2171875 0.3140625 0.396875 0.3140625 0.3984375 0.3125 0.3984375 0.103125 0.203125 0.103125 0.203125 0.3140625
1 0.5921875 0.1828125 0.5921875 0.10625000000000001 0.5078125 0.10625000000000001 0.5078125 0.1828125 0.5921875 0.1828125
5 0.1984375 0.765625 0.1984375 0.9859374999999999 0.296875 0.9859374999999999 0.2984375 0.984375 0.2984375 0.765625 0.1984375 0.765625
6 0.5890625 0.721875 0.5890625 0.6296875 0.509375 0.6296875 0.509375 0.721875 0.5890625 0.721875
5 0.99375 0.3140625 0.99375 0.103125 0.9015625 0.103125 0.9015625 0.3140625 0.99375 0.3140625
5 0.99375 0.984375 0.99375 0.7640625000000001 0.896875 0.7640625000000001 0.896875 0.984375 0.99375 0.984375
5 0.4 0.1 0.4 0.20468750000000002 0.5046875 0.20468750000000002 0.50625 0.203125 0.50625 0.1 0.4 0.1
2 0.4953125 0.5218750000000001 0.4953125 0.421875 0.4046875 0.421875 0.4046875 0.5218750000000001 0.4953125 0.5218750000000001
5 0.5953125 0.09687499999999999 0.5953125 0.20625 0.61875 0.20625 0.6203125 0.2078125 0.8890625 0.2078125 0.890625 0.20625 0.89375 0.20625 0.8953125 0.20468750000000002 0.896875 0.20468750000000002 0.896875 0.09687499999999999 0.5953125 0.09687499999999999
8 0.621875 0.9828125000000001 0.621875 0.8796875 0.3765625 0.8796875 0.3765625 0.9828125000000001 0.621875 0.9828125000000001
5 0.2 0.9656250000000001 0.2 0.953125 0.1984375 0.9515625000000001 0.1984375 0.921875 0.2 0.9203125000000001 0.2 0.890625 0.1984375 0.8890625000000001 0.1984375 0.7734375 0.2 0.7718750000000001 0.2 0.6499999999999999 0.2015625 0.6484375 0.2015625 0.5546875 0.2 0.5531250000000001 0.2 0.55 0.2015625 0.5484374999999999 0.2015625 0.5421875 0.2 0.5406249999999999 0.2 0.5390625 0.2015625 0.5375000000000001 0.2015625 0.5296875000000001 0.2 0.528125 0.2 0.5265625 0.2015625 0.5249999999999999 0.2015625 0.51875 0.2 0.5171874999999999 0.2 0.5140625000000001 0.2015625 0.5125 0.2015625 0.5062500000000001 0.2 0.5046875 0.2 0.328125 0.1984375 0.3265625 0.2 0.32499999999999996 0.2 0.3046875 0.2015625 0.303125 0.2015625 0.30156249999999996 0.2 0.30000000000000004 0.2 0.2953125 0.2015625 0.29374999999999996 0.2015625 0.20468750000000002 0.2 0.203125 0.2 0.159375 0.2015625 0.15781250000000002 0.2015625 0.1328125 0.203125 0.13124999999999998 0.203125 0.1078125 0.2046875 0.10625000000000001 0.2046875 0.10468749999999999 0.2078125 0.1015625 0.209375 0.1015625 0.2109375 0.1 0.2390625 0.1 0.240625 0.09843750000000001 0.2859375 0.09843750000000001 0.2875 0.09687499999999999 0.353125 0.09687499999999999 0.3546875 0.09843750000000001 0.3921875 0.09843750000000001 0.39375 0.09687499999999999 0.4078125 0.09687499999999999 0.409375 0.09843750000000001 0.496875 0.09843750000000001 0.4984375 0.09687499999999999 0.503125 0.09687499999999999 0.5046875 0.0953125 0.5078125 0.0953125 0.509375 0.09375 0.5109375 0.0953125 0.5171875 0.0953125 0.51875 0.09687499999999999 0.5921875 0.09687499999999999 0.59375 0.0953125 0.596875 0.0953125 0.5984375 0.09687499999999999 0.603125 0.09687499999999999 0.6046875 0.09843750000000001 0.8953125 0.09843750000000001 0.896875 0.09687499999999999 0.9171875 0.09687499999999999 0.91875 0.09843750000000001 0.965625 0.09843750000000001 0.965625 0.0015625 0.0078125 0.0015625 0.0078125 0.9930555555555556 0.2484375 0.9930555555555556 0.246875 0.9921875 0.2171875 0.9921875 0.215625 0.9906250000000001 0.209375 0.9906250000000001 0.2078125 0.9890625000000001 0.2046875 0.9890625000000001 0.1984375 0.9828125000000001 0.1984375 0.9671875000000001 0.2 0.9656250000000001