0 0.6984375 0.0109375 0.4015625 0.0109375 0.4015625 0.6625347222222222 0.6984375 0.6625347222222222 0.6984375 0.0109375
5 0.8046875 0.22812500000000002 0.8046875 0.66875 0.99375 0.66875 0.99375 0.22812500000000002 0.8046875 0.22812500000000002
2 0.403125 0.4203125 0.403125 0.51875 0.49375 0.51875 0.49375 0.4203125 0.403125 0.4203125
5 0.2015625 0.0109375 0.2015625 0.44218749999999996 0.4 0.44218749999999996 0.4 0.0109375 0.2015625 0.0109375
1 0.19895625 0.6737291666666666 0.19895625 0.7706041666666666 0.29270625 0.7706041666666666 0.29270625 0.6737291666666666 0.19895625 0.6737291666666666
5 0.9015625 0.9906250000000001 0.9015625 0.8890625000000001 0.8 0.8890625000000001 0.8 0.9930555555555556 0.8984375 0.9930555555555556 0.9 0.9930555555555556 0.9 0.9921875 0.9015625 0.9906250000000001
5 0.7 0.018750000000000003 0.7 0.6640625 0.80666875 0.6657430555555556 0.8025 0.22499999999999998 0.9075 0.22129861111111113 0.9091687500000001 0.017590277777777778 0.7 0.018750000000000003
5 0.0953125 0.014062499999999999 0.0953125 0.44062500000000004 0.2 0.44062500000000004 0.2 0.014062499999999999 0.0953125 0.014062499999999999
5 0.003125 0.9015624999999999 0.003125 0.9930555555555556 0.7890625 0.9930555555555556 0.7890625 0.9015624999999999 0.003125 0.9015624999999999
0 0.09333125 0.07685416666666667 0.004168750000000001 0.07500000000000001 0 0.6638888888888889 0.20166875 0.6638888888888889 0.19583124999999998 0.44259027777777776 0.09416875 0.4444444444444444 0.09333125 0.07685416666666667
6 0.0041875 0 0.0041875 0.07222222222222223 0.09418750000000001 0.07222222222222223 0.09418750000000001 0 0.0041875 0