2 0.5953125 0.5218750000000001 0.5953125 0.421875 0.5046875 0.421875 0.5046875 0.5218750000000001 0.5953125 0.5218750000000001
6 0.4921875 0.12031249999999999 0.4921875 0.018750000000000003 0.409375 0.018750000000000003 0.409375 0.12031249999999999 0.4921875 0.12031249999999999
5 0.5 0.9234374999999999 0.5 0.715625 0.3046875 0.715625 0.3046875 0.9234374999999999 0.5 0.9234374999999999
5 0.8 0.9930555555555556 0.8 0.9390624999999999 0.7015625 0.9390624999999999 0.7015625 0.9930555555555556 0.8 0.9930555555555556
5 0.1046875 0.9930555555555556 0.1046875 0.271875 0.00625 0.271875 0.00625 0.9930555555555556 0.1046875 0.9930555555555556
5 0.60625 0.271875 0.60625 0.37031250000000004 0.8 0.37031250000000004 0.8058062500000001 0.32490277777777776 0.89285625 0.3224236111111111 0.88839375 0.2752986111111111 0.60625 0.271875
5 0.10268124999999999 0.26785416666666667 0.1049125 0.3199375 0.19866250000000002 0.31497916666666664 0.2015625 0.37031250000000004 0.396875 0.37031250000000004 0.396875 0.26875000000000004 0.10268124999999999 0.26785416666666667
5 0.8875 0.9930555555555556 0.8875 0.31562500000000004 0.80625 0.31562500000000004 0.80625 0.9421875000000001 0.8078125 0.9437500000000001 0.8078125 0.9593750000000001 0.80625 0.9609375 0.80625 0.9930555555555556 0.8875 0.9930555555555556
5 0.890625 0.265625 0.890625 0.003125 0.80625 0.003125 0.80625 0.265625 0.890625 0.265625
5 0.9953125 0.9930555555555556 0.9953125 0.0078125 0.890625 0.0078125 0.890625 0.9930555555555556 0.9953125 0.9930555555555556
5 0.20309375 0.31312500000000004 0.11090625000000001 0.31312500000000004 0.11090625000000001 0.9906250000000001 0.20309375 0.9906250000000001 0.20309375 0.31312500000000004
5 0.6993437499999999 0.7131944444444445 0.50115625 0.7131944444444445 0.50115625 0.9209722222222223 0.6993437499999999 0.9209722222222223 0.6993437499999999 0.7131944444444445