5 0.00625 0 0.00625 0.9930555555555556 1 0.9930555555555556 1 0 0.8953125 0 0.8953125 0.11875000000000001 0.896875 0.12031249999999999 0.896875 0.171875 0.8984375 0.17343750000000002 0.8984375 0.1921875 0.9 0.19374999999999998 0.9 0.2421875 0.8984375 0.24375000000000002 0.8984375 0.27812499999999996 0.896875 0.2796875 0.896875 0.3046875 0.8984375 0.30625 0.8984375 0.3125 0.896875 0.3140625 0.896875 0.31562500000000004 0.8984375 0.31718749999999996 0.8984375 0.328125 0.9 0.3296875 0.9 0.353125 0.9015625 0.35468750000000004 0.9015625 0.7703125 0.9 0.7718750000000001 0.9 0.7734375 0.8984375 0.7749999999999999 0.896875 0.7749999999999999 0.8953125 0.7765625 0.8875 0.7765625 0.8859375 0.778125 0.884375 0.7765625 0.8703125 0.7765625 0.86875 0.7749999999999999 0.5125 0.7749999999999999 0.5109375 0.7765625 0.478125 0.7765625 0.4765625 0.7749999999999999 0.1203125 0.7749999999999999 0.11875 0.7765625 0.1046875 0.7765625 0.1 0.7718750000000001 0.1 0.3375 0.1015625 0.3359375 0.1015625 0.25312500000000004 0.1 0.2515625 0.1 0.25 0.1015625 0.24843749999999998 0.1015625 0.109375 0.1 0.1078125 0.1 0.03125 0.0984375 0.029687500000000002 0.0984375 0.018750000000000003 0.096875 0.0171875 0.096875 0.0125 0.0984375 0.0109375 0.0984375 0.0078125 0.1 0.00625 0.1 0 0.00625 0
6 0.503125 0.20156249999999998 0.503125 0.2984375 0.59375 0.2984375 0.5953125 0.30000000000000004 0.596875 0.30000000000000004 0.596875 0.20156249999999998 0.503125 0.20156249999999998
2 0.59375 0.5203125 0.59375 0.42500000000000004 0.50625 0.42500000000000004 0.50625 0.5203125 0.59375 0.5203125
8 0.7234375 0.7749999999999999 0.7234375 0.65625 0.4828125 0.65625 0.4828125 0.7749999999999999 0.7234375 0.7749999999999999
5 0.29465625 0.1165625 0.10271875 0.1165625 0.10271875 0.33482638888888894 0.29465625 0.33482638888888894 0.29465625 0.1165625
5 0.8973437499999999 0.1190625 0.7031562499999999 0.1190625 0.7031562499999999 0.33482638888888894 0.8973437499999999 0.33482638888888894 0.8973437499999999 0.1190625
5 0.6874687500000001 0.00003472222222222222 0.60265625 0.00003472222222222222 0.60265625 0.11163194444444444 0.6874687500000001 0.11163194444444444 0.6874687500000001 0.00003472222222222222
5 0.54465625 0.00003472222222222222 0.44646875 0.00003472222222222222 0.44646875 0.10913194444444445 0.54465625 0.10913194444444445 0.54465625 0.00003472222222222222
5 0.39065625000000004 0.0025 0.30134375 0.0025 0.30134375 0.10666666666666666 0.39065625000000004 0.10666666666666666 0.39065625000000004 0.0025
5 0.1026875 0 0.1026875 0.11406250000000001 0.2924375 0.11406250000000001 0.2924375 0 0.1026875 0
5 0.6986875 0 0.6986875 0.11406250000000001 0.8861874999999999 0.11406250000000001 0.8861874999999999 0 0.6986875 0
5 0.5468437500000001 0 0.5468437500000001 0.10416666666666667 0.60490625 0.10416666666666667 0.60490625 0 0.5468437500000001 0
5 0.39284375 0 0.39284375 0.10666666666666666 0.45090624999999995 0.10666666666666666 0.45090624999999995 0 0.39284375 0