5 0.75 0.4439513888888889 0.74776875 0.5679583333333333 0.5357125 0.5605138888888889 0.5424125 0.8878958333333333 0.7388375 0.8829375 0.73660625 0.6671597222222222 0.8348187499999999 0.6671597222222222 0.8348187499999999 0.34474305555555557 0.54464375 0.3372986111111111 0.54464375 0.4414652777777778 0.75 0.4439513888888889
7 0.82433125 0.7328125000000001 0.82433125 0.65625 0.74620625 0.65625 0.74620625 0.7328125000000001 0.82433125 0.7328125000000001
2 0.49375 0.528125 0.4953125 0.5265625 0.4953125 0.49062500000000003 0.49375 0.48906249999999996 0.49375 0.43125 0.4953125 0.4296875 0.4953125 0.4234375 0.4109375 0.4234375 0.4109375 0.528125 0.49375 0.528125
6 0.6234375 0.30156249999999996 0.6234375 0.1984375 0.5484375 0.1984375 0.5484375 0.30156249999999996 0.6234375 0.30156249999999996
5 0.640625 0.890375 0.64375 0.9930555555555556 0.9419625 0.9930555555555556 0.9419625 0.890375 0.99375 0.8854166666666666 0.99375 0.6622013888888889 0.93973125 0.6597222222222222 0.9441937499999999 0.7787708333333333 0.7388375 0.7762916666666667 0.7388375 0.8928541666666666 0.640625 0.890375
8 0.2388125 0.9999652777777778 0.3348125 0.9999652777777778 0.3348125 0.8953125000000001 0.2388125 0.8953125000000001 0.2388125 0.9999652777777778
5 0 0.9930555555555556 0.22991250000000002 0.9930555555555556 0.22768125 0.9002986111111111 0.140625 0.8978194444444445 0.13839375 0.7713263888888888 0.0044624999999999995 0.7713263888888888 0 0.9930555555555556
5 0.14284375 0.6646875 0.33928125 0.6646875 0.33928125 0.5555902777777777 0.14284375 0.5555902777777777 0.14284375 0.6646875
5 0.13390625 0.8879166666666667 0.32809374999999996 0.8879166666666667 0.32809374999999996 0.78125 0.13390625 0.78125 0.13390625 0.8879166666666667
5 1 0.5654513888888889 0.9397500000000001 0.5654513888888889 0.9397500000000001 0.6646875 1 0.6646875 1 0.5654513888888889
5 1 0.33729166666666666 0.94196875 0.33729166666666666 0.94196875 0.44145833333333334 1 0.44145833333333334 1 0.33729166666666666
5 0.55578125 0 0.55578125 0.10666666666666666 0.7343437500000001 0.10666666666666666 0.7343437500000001 0 0.55578125 0
5 0.0513375 0 0.03794375 0.22073611111111113 0.14285625 0.21577083333333336 0.13169375 0.3372986111111111 0.5357125 0.3397847222222222 0.53125 0.11656944444444445 0.12946249999999998 0.12400694444444443 0.12276875000000001 0 0.0513375 0