5 0.621875 0.76875 0.6234375 0.7671874999999999 0.6234375 0.5531250000000001 0.428125 0.5531250000000001 0.428125 0.765625 0.4296875 0.765625 0.43125 0.7671874999999999 0.4328125 0.7671874999999999 0.434375 0.76875 0.621875 0.76875
5 0.9203125 0.4390625 0.9203125 0.23124999999999998 0.7265625 0.23124999999999998 0.7265625 0.4390625 0.9203125 0.4390625
2 0.5953125 0.5249999999999999 0.5953125 0.421875 0.509375 0.421875 0.509375 0.5234375 0.5109375 0.5249999999999999 0.528125 0.5249999999999999 0.5296875 0.5234375 0.59375 0.5234375 0.5953125 0.5249999999999999
1 0.6171875 0.30781250000000004 0.6171875 0.22968750000000002 0.5328125 0.22968750000000002 0.5328125 0.30781250000000004 0.6171875 0.30781250000000004
5 0.615625 0.33125000000000004 0.6171875 0.33281249999999996 0.7265625 0.33281249999999996 0.7265625 0.21875 0.615625 0.21875 0.615625 0.33125000000000004
5 0.825 0.9921875 0.8265625 0.9930555555555556 0.9265625 0.9930555555555556 0.9265625 0.8890625000000001 0.825 0.8890625000000001 0.825 0.9921875
5 0.225 0.9930555555555556 0.225 0.8890625000000001 0.121875 0.8890625000000001 0.121875 0.9930555555555556 0.225 0.9930555555555556
5 0.5328125 0.21875 0.2265625 0.21875 0.2265625 0.328125 0.2296875 0.33125000000000004 0.26875 0.33125000000000004 0.2703125 0.33281249999999996 0.5328125 0.33281249999999996 0.5328125 0.21875
5 0.2234375 0.4375 0.2234375 0.23124999999999998 0.13125 0.23124999999999998 0.13125 0.4375 0.2234375 0.4375
6 0.434375 0.76875 0.434375 0.7562500000000001 0.3390625 0.7562500000000001 0.3390625 0.840625 0.434375 0.840625 0.434375 0.7734375 0.4328125 0.7718750000000001 0.4328125 0.7703125 0.434375 0.76875
6 0.4265625 0.6421874999999999 0.4265625 0.528125 0.340625 0.528125 0.340625 0.5296875000000001 0.3390625 0.53125 0.3390625 0.5406249999999999 0.3375 0.5421875 0.3375 0.6421874999999999 0.4265625 0.6421874999999999
5 0.0328125 0 0.0328125 0.9906250000000001 0.1234375 0.9906250000000001 0.1234375 0.9874999999999999 0.125 0.9859374999999999 0.125 0.9234374999999999 0.1234375 0.921875 0.1234375 0.9109375000000001 0.125 0.9093749999999999 0.125 0.7671874999999999 0.1265625 0.765625 0.1265625 0.5578125 0.125 0.5562499999999999 0.125 0.4375 0.1265625 0.4359375 0.1265625 0.42500000000000004 0.128125 0.4234375 0.128125 0.3453125 0.1296875 0.34375 0.1296875 0.334375 0.128125 0.33281249999999996 0.128125 0.2421875 0.1265625 0.24062499999999998 0.1265625 0.23124999999999998 0.128125 0.22968750000000002 0.128125 0.22812500000000002 0.13125 0.22499999999999998 0.1328125 0.22499999999999998 0.134375 0.22343749999999998 0.16875 0.22343749999999998 0.1703125 0.221875 0.209375 0.221875 0.2109375 0.22031250000000002 0.2125 0.22031250000000002 0.2140625 0.21875 0.21875 0.21875 0.2203125 0.21718749999999998 0.2265625 0.21718749999999998 0.228125 0.21875 0.23125 0.21875 0.2328125 0.22031250000000002 0.2390625 0.22031250000000002 0.240625 0.221875 0.278125 0.221875 0.2796875 0.22031250000000002 0.29375 0.22031250000000002 0.2953125 0.21875 0.334375 0.21875 0.3359375 0.22031250000000002 0.3546875 0.22031250000000002 0.35625 0.21875 0.3953125 0.21875 0.396875 0.21718749999999998 0.4109375 0.21718749999999998 0.4125 0.21875 0.4234375 0.21875 0.425 0.22031250000000002 0.4328125 0.22031250000000002 0.434375 0.221875 0.453125 0.221875 0.4546875 0.22343749999999998 0.48125 0.22343749999999998 0.4828125 0.221875 0.5171875 0.221875 0.5203125 0.21875 0.525 0.21875 0.5265625 0.21718749999999998 0.5296875 0.21718749999999998 0.53125 0.21875 0.534375 0.21875 0.5359375 0.22031250000000002 0.5421875 0.22031250000000002 0.54375 0.21875 0.5578125 0.21875 0.559375 0.22031250000000002 0.5875 0.22031250000000002 0.5890625 0.21875 0.603125 0.21875 0.6046875 0.21718749999999998 0.615625 0.21718749999999998 0.6171875 0.21875 0.621875 0.21875 0.6234375 0.22031250000000002 0.625 0.22031250000000002 0.6265625 0.221875 0.6421875 0.221875 0.64375 0.22343749999999998 0.6578125 0.22343749999999998 0.659375 0.221875 0.7140625 0.221875 0.715625 0.22031250000000002 0.71875 0.22031250000000002 0.7203125 0.21875 0.7296875 0.21875 0.73125 0.22031250000000002 0.7359375 0.22031250000000002 0.7375 0.221875 0.76875 0.221875 0.7703125 0.22031250000000002 0.7953125 0.22031250000000002 0.796875 0.21875 0.8359375 0.21875 0.8375 0.22031250000000002 0.84375 0.22031250000000002 0.8453125 0.221875 0.8640625 0.221875 0.865625 0.22343749999999998 0.9171875 0.22343749999999998 0.921875 0.22812500000000002 0.921875 0.22968750000000002 0.9234375 0.23124999999999998 0.9234375 0.26093750000000004 0.925 0.26249999999999996 0.925 0.27031249999999996 0.9234375 0.271875 0.9234375 0.2875 0.925 0.2890625 0.925 0.303125 0.9234375 0.3046875 0.9234375 0.35468750000000004 0.921875 0.35624999999999996 0.921875 0.415625 0.9234375 0.41718750000000004 0.9234375 0.43281250000000004 0.925 0.43437499999999996 0.925 0.4453125 0.9265625 0.44687499999999997 0.9265625 0.45781249999999996 0.925 0.45937500000000003 0.925 0.7718750000000001 0.9265625 0.7734375 0.9265625 0.984375 0.928125 0.9859374999999999 0.928125 0.9906250000000001 0.9921875 0.9906250000000001 0.9921875 0 0.0328125 0
1 0.4546875 0.6296875 0.528125 0.6296875 0.5296875 0.6312500000000001 0.5296875 0.5375000000000001 0.4546875 0.5375000000000001 0.4546875 0.6296875