5 0.90625 0.4390625 0.93125 0.4390625 0.9328125 0.4375 0.9671875 0.4375 0.96875 0.4390625 0.96875 0.23281249999999998 0.7765625 0.23281249999999998 0.7765625 0.4359375 0.7796875 0.4390625 0.8953125 0.4390625 0.896875 0.4375 0.9046875 0.4375 0.90625 0.4390625
5 0.4765625 0.5578125 0.4765625 0.7671874999999999 0.478125 0.7671874999999999 0.4796875 0.76875 0.671875 0.76875 0.671875 0.5578125 0.4765625 0.5578125
5 0.18125 0.4359375 0.184375 0.4390625 0.271875 0.4390625 0.271875 0.23281249999999998 0.18125 0.23281249999999998 0.18125 0.4359375
1 0.6671875 0.30781250000000004 0.6671875 0.22968750000000002 0.584375 0.22968750000000002 0.584375 0.30781250000000004 0.6671875 0.30781250000000004
5 0.7765625 0.33125000000000004 0.7765625 0.22031250000000002 0.665625 0.22031250000000002 0.665625 0.328125 0.6671875 0.328125 0.66875 0.3296875 0.68125 0.3296875 0.6828125 0.33125000000000004 0.7765625 0.33125000000000004
5 0.5828125 0.22031250000000002 0.2734375 0.22031250000000002 0.2734375 0.321875 0.275 0.32343750000000004 0.275 0.328125 0.278125 0.33125000000000004 0.5828125 0.33125000000000004 0.5828125 0.22031250000000002
2 0.590625 0.5234375 0.590625 0.4234375 0.5046875 0.4234375 0.5046875 0.5234375 0.590625 0.5234375
5 0.2734375 0.9930555555555556 0.2734375 0.8890625000000001 0.1734375 0.8890625000000001 0.1734375 0.9930555555555556 0.2734375 0.9930555555555556
5 0.9765625 0.9930555555555556 0.9765625 0.8890625000000001 0.8765625 0.8890625000000001 0.8765625 0.9930555555555556 0.9765625 0.9930555555555556
6 0.765625 0.6468750000000001 0.68125 0.6468750000000001 0.68125 0.7437499999999999 0.6828125 0.7453125 0.6828125 0.753125 0.684375 0.7546875 0.765625 0.7546875 0.765625 0.6468750000000001
6 0.6578125 0.859375 0.6578125 0.7703125 0.565625 0.7703125 0.565625 0.859375 0.6578125 0.859375
5 0.97098125 0.9930555555555556 1 0.9920625 0.9955375 0 0.00625 0.0024791666666666664 0.00625 0.9930555555555556 0.17633749999999998 0.9930555555555556 0.17410625 0.22321527777777778 0.96651875 0.22817361111111112 0.97098125 0.9930555555555556