5 0.0022312499999999997 0 0 0.9930555555555556 0.99375 0.9930555555555556 0.99375 0.7787708333333333 0.09821250000000001 0.7787708333333333 0.1049125 0 0.0022312499999999997 0
6 0.40846875000000005 0 0.40846875000000005 0.0992013888888889 0.49328125 0.0992013888888889 0.49328125 0 0.40846875000000005 0
9 0.41071875 0.22569444444444445 0.50890625 0.22569444444444445 0.50890625 0.12152777777777778 0.41071875 0.12152777777777778 0.41071875 0.22569444444444445
5 0.10487500000000001 0 0.10487500000000001 0.21822916666666667 0.200875 0.21822916666666667 0.200875 0 0.10487500000000001 0
5 0.19865625 0.2157986111111111 0.41071875 0.2157986111111111 0.41071875 0.1165625 0.19865625 0.1165625 0.19865625 0.2157986111111111
5 0.5111875 0.22069444444444444 0.6049375 0.22069444444444444 0.6049375 0.11902777777777779 0.5111875 0.11902777777777779 0.5111875 0.22069444444444444
5 0.6049375 0 0.6049375 0.21822916666666667 0.6964375 0.21822916666666667 0.6964375 0 0.6049375 0
5 1 0.12149305555555556 0.69421875 0.12149305555555556 0.69421875 0.21822916666666667 1 0.21822916666666667 1 0.12149305555555556
5 0.6941875 0 0.6941875 0.11902777777777779 0.8973125 0.11902777777777779 0.8973125 0 0.6941875 0
5 0.19640625 0.10913194444444445 0.39509375 0.10913194444444445 0.39509375 0.00003472222222222222 0.19640625 0.00003472222222222222 0.19640625 0.10913194444444445
6 0.71428125 0.32243055555555555 0.78796875 0.32243055555555555 0.78796875 0.20090277777777776 0.71428125 0.20090277777777776 0.71428125 0.32243055555555555
6 0.13171875 0.43899305555555557 0.21428124999999998 0.43899305555555557 0.21428124999999998 0.32989583333333333 0.13171875 0.32989583333333333 0.13171875 0.43899305555555557
6 0.30134375 0.543125 0.39953125 0.543125 0.39953125 0.42409722222222224 0.30134375 0.42409722222222224 0.30134375 0.543125
5 0.6986875 0.77625 0.9018124999999999 0.77625 0.9018124999999999 0.5530555555555555 0.6986875 0.5530555555555555 0.6986875 0.77625
5 0.09818750000000001 0.7738541666666667 0.3013125 0.7738541666666667 0.3013125 0.5530902777777778 0.09818750000000001 0.5530902777777778 0.09818750000000001 0.7738541666666667
8 0.3816875 0.7762847222222222 0.6138125 0.7762847222222222 0.6138125 0.6621875 0.3816875 0.6621875 0.3816875 0.7762847222222222
2 0.39959375 0.5332291666666666 0.49778124999999995 0.5332291666666666 0.49778124999999995 0.42413194444444446 0.39959375 0.42413194444444446 0.39959375 0.5332291666666666