5 0.00625 0 0.00625 0.22569444444444445 0.6004437499999999 0.21577083333333336 0.59598125 0.9930555555555556 1 0.9930555555555556 1 0 0.00625 0
5 0.40153125 0.2797222222222222 0.59684375 0.2797222222222222 0.59684375 0.2234722222222222 0.40153125 0.2234722222222222 0.40153125 0.2797222222222222
5 0.40178125 0.44395833333333334 0.59596875 0.44395833333333334 0.59596875 0.28770833333333334 0.40178125 0.28770833333333334 0.40178125 0.44395833333333334
5 0.00003125 0.44399305555555557 0.39734375 0.44399305555555557 0.39734375 0.2232291666666667 0.00003125 0.2232291666666667 0.00003125 0.44399305555555557
6 0.20465624999999998 0.6390625000000001 0.29684374999999996 0.6390625000000001 0.29684374999999996 0.5281597222222223 0.20465624999999998 0.5281597222222223 0.20465624999999998 0.6390625000000001
5 0.00621875 0.7703472222222223 0.19528125000000002 0.7703472222222223 0.19528125000000002 0.5578472222222222 0.00621875 0.5578472222222222 0.00621875 0.7703472222222223
6 0.00625 0.9375347222222222 0.096875 0.9375347222222222 0.096875 0.8296874999999999 0.00625 0.8296874999999999 0.00625 0.9375347222222222
1 0.4125 0.8672222222222222 0.4875 0.8672222222222222 0.4875 0.7797222222222222 0.4125 0.7797222222222222 0.4125 0.8672222222222222
6 0.50621875 0.8609374999999999 0.58903125 0.8609374999999999 0.58903125 0.7453125 0.50621875 0.7453125 0.50621875 0.8609374999999999
5 0.40403124999999995 0.7267013888888889 0.59821875 0.7267013888888889 0.59821875 0.5431597222222222 0.40403124999999995 0.5431597222222222 0.40403124999999995 0.7267013888888889
5 0.49778124999999995 0.9920833333333334 0.60046875 0.9920833333333334 0.60046875 0.8904166666666666 0.49778124999999995 0.8904166666666666 0.49778124999999995 0.9920833333333334
5 0.39831249999999996 0.9945138888888889 0.4920625 0.9945138888888889 0.4920625 0.8928472222222221 0.39831249999999996 0.8928472222222221 0.39831249999999996 0.9945138888888889
2 0.50934375 0.5250347222222222 0.59215625 0.5250347222222222 0.59215625 0.41718750000000004 0.50934375 0.41718750000000004 0.50934375 0.5250347222222222
5 0.404 0.78375 0.4955 0.78375 0.4955 0.7168055555555556 0.404 0.7168055555555556 0.404 0.78375