6 0.7859375 0.190625 0.7859375 0.0859375 0.7125 0.0859375 0.7125 0.190625 0.7859375 0.190625
6 0.2921875 0.30000000000000004 0.2921875 0.2984375 0.2953125 0.2953125 0.2953125 0.20156249999999998 0.20625 0.20156249999999998 0.20625 0.30000000000000004 0.2921875 0.30000000000000004
2 0.4921875 0.5203125 0.4921875 0.42500000000000004 0.4109375 0.42500000000000004 0.4109375 0.5203125 0.4921875 0.5203125
5 0.696875 0.328125 0.696875 0.0015625 0.6046875 0.0015625 0.6046875 0.328125 0.696875 0.328125
5 0.89375 0.3265625 0.89375 0.22968750000000002 0.7046875 0.22968750000000002 0.7046875 0.3265625 0.89375 0.3265625
8 0.5140625 0.7734375 0.515625 0.7718750000000001 0.515625 0.671875 0.278125 0.671875 0.278125 0.7734375 0.5140625 0.7734375
5 0.99375 0.9930555555555556 0.9890625 0.003125 0.90625 0.003125 0.9015625 0.0078125 0.9015625 0.0125 0.9 0.014062499999999999 0.9 0.0171875 0.9015625 0.018750000000000003 0.9015625 0.025 0.9 0.026562500000000003 0.9 0.0421875 0.9015625 0.04375 0.9015625 0.048437499999999994 0.9 0.05 0.9 0.20468750000000002 0.8984375 0.20625 0.8984375 0.22031250000000002 0.896875 0.221875 0.8984375 0.22343749999999998 0.8984375 0.2265625 0.896875 0.22812500000000002 0.896875 0.234375 0.8953125 0.23593750000000002 0.8953125 0.28125 0.89375 0.2828125 0.89375 0.29218750000000004 0.8953125 0.29374999999999996 0.8953125 0.33125000000000004 0.89375 0.33281249999999996 0.89375 0.334375 0.8953125 0.3359375 0.8953125 0.34062499999999996 0.896875 0.3421875 0.896875 0.34375 0.8984375 0.3453125 0.8984375 0.353125 0.9 0.35468750000000004 0.9 0.7718750000000001 0.8984375 0.7734375 0.8984375 0.7749999999999999 0.89375 0.7796875000000001 0.884375 0.7796875000000001 0.8828125 0.78125 0.8609375 0.78125 0.859375 0.7796875000000001 0.85625 0.7796875000000001 0.8546875 0.78125 0.8515625 0.78125 0.85 0.7796875000000001 0.8328125 0.7796875000000001 0.83125 0.778125 0.8234375 0.778125 0.821875 0.7796875000000001 0.8203125 0.778125 0.7828125 0.778125 0.78125 0.7765625 0.528125 0.7765625 0.5265625 0.778125 0.521875 0.778125 0.5203125 0.7765625 0.5109375 0.7765625 0.509375 0.778125 0.5015625 0.778125 0.5 0.7796875000000001 0.4859375 0.7796875000000001 0.484375 0.778125 0.4671875 0.778125 0.465625 0.7796875000000001 0.4234375 0.7796875000000001 0.421875 0.778125 0.4 0.778125 0.3984375 0.7796875000000001 0.3453125 0.7796875000000001 0.34375 0.778125 0.3296875 0.778125 0.328125 0.7765625 0.2609375 0.7765625 0.259375 0.7749999999999999 0.140625 0.7749999999999999 0.1390625 0.7765625 0.1046875 0.7765625 0.103125 0.7749999999999999 0.1015625 0.7749999999999999 0.0984375 0.7718750000000001 0.0984375 0.004687500000000001 0.096875 0.003125 0.003125 0.003125 0 0.9930555555555556 0.99375 0.9930555555555556
5 0.790625 0.6625000000000001 0.790625 0.559375 0.715625 0.559375 0.715625 0.6625000000000001 0.790625 0.6625000000000001
5 0.8049687499999999 0.7805902777777778 0.9016562499999999 0.7805902777777778 0.9016562499999999 0.6676041666666667 0.8049687499999999 0.6676041666666667 0.8049687499999999 0.7805902777777778
1 0.15253125 0.5527777777777777 0.30084374999999997 0.5527777777777777 0.30084374999999997 0.44722222222222224 0.15253125 0.44722222222222224 0.15253125 0.5527777777777777
1 0.15331250000000002 0.44538194444444446 0.3058125 0.44538194444444446 0.3058125 0.33614583333333337 0.15331250000000002 0.33614583333333337 0.15331250000000002 0.44538194444444446
1 0.34334375 0.2221875 0.49753125000000004 0.2221875 0.49753125000000004 0.11572916666666666 0.34334375 0.11572916666666666 0.34334375 0.2221875
1 0.35165625 0 0.35165625 0.10833333333333334 0.50334375 0.10833333333333334 0.50334375 0 0.35165625 0
1 0.10003124999999999 0.11204861111111113 0.24834375 0.11204861111111113 0.24834375 0.001840277777777778 0.10003124999999999 0.001840277777777778 0.10003124999999999 0.11204861111111113
1 0.15834375 0.21756944444444443 0.30165625 0.21756944444444443 0.30165625 0.11479166666666668 0.15834375 0.11479166666666668 0.15834375 0.21756944444444443
6 0.6094062499999999 0.6359375 0.68909375 0.6359375 0.68909375 0.5312847222222222 0.6094062499999999 0.5312847222222222 0.6094062499999999 0.6359375