0 0.24926875 1 0.24926875 0.7272569444444444 0.0008312500000000001 0.7272569444444444 0.0008312500000000001 1 0.24926875 1
4 0 0.7234375 0.25083125 0.7231458333333333 0.25166875 0.9930555555555556 0.29916875 0.9930555555555556 0.30166875000000004 0.6666666666666666 0 0.66875 0 0.7234375
6 0.6908125 0.6333333333333333 0.6083125 0.6333333333333333 0.6083125 0.7555555555555555 0.6908125 0.7555555555555555 0.6908125 0.6333333333333333
5 0.67833125 0.6629652777777778 0.79833125 0.6611111111111111 0.79916875 0.5666666666666667 0.50416875 0.5666666666666667 0.5075000000000001 0.6583333333333333 0.6075 0.6592569444444445 0.6308312500000001 0.6398125 0.66583125 0.6398125 0.67833125 0.6629652777777778
5 0.9991875 0.5667013888888889 0.9016875000000001 0.5667013888888889 0.9016875000000001 0.6648263888888889 0.9991875 0.6648263888888889 0.9991875 0.5667013888888889
1 0.9025000000000001 0.5555555555555556 0.8025 0.5555555555555556 0.8025 0.6666666666666666 0.9025000000000001 0.6666666666666666 0.9025000000000001 0.5555555555555556
8 0.7858125 0.33979166666666666 0.7133125 0.33979166666666666 0.7133125 0.43701388888888887 0.7858125 0.43701388888888887 0.7858125 0.33979166666666666
5 1 0.004631944444444445 0.60041875 0.0018541666666666667 0.50958125 0.05555555555555555 0.51291875 0.2629652777777778 0.53625 0.28055555555555556 0.53958125 0.4351875 0.70625 0.4379652777777778 0.70708125 0.3324097222222222 0.72208125 0.3398125 0.80541875 0.32963194444444444 0.80625 0.4379652777777778 1 0.4379652777777778 1 0.004631944444444445
8 0.78665625 0.33892361111111113 0.71584375 0.33892361111111113 0.71584375 0.4398263888888889 0.78665625 0.4398263888888889 0.78665625 0.33892361111111113
5 0.19834374999999999 0.11392361111111111 0.0016562500000000002 0.11392361111111111 0.0016562500000000002 0.21760416666666668 0.19834374999999999 0.21760416666666668 0.19834374999999999 0.11392361111111111
1 0.3016875 0.11017361111111111 0.20168750000000002 0.11017361111111111 0.20168750000000002 0.2221875 0.3016875 0.2221875 0.3016875 0.11017361111111111
2 0.49584374999999997 0.41111111111111115 0.40503125000000006 0.41111111111111115 0.40503125000000006 0.5305555555555556 0.49584374999999997 0.5305555555555556 0.49584374999999997 0.41111111111111115