6 0.2875 0.190625 0.2875 0.0859375 0.2140625 0.0859375 0.2140625 0.190625 0.2875 0.190625
6 0.7046875 0.20156249999999998 0.7046875 0.2953125 0.7078125 0.2984375 0.7078125 0.30000000000000004 0.79375 0.30000000000000004 0.79375 0.20156249999999998 0.7046875 0.20156249999999998
2 0.5890625 0.5203125 0.5890625 0.42500000000000004 0.5078125 0.42500000000000004 0.5078125 0.5203125 0.5890625 0.5203125
5 0.3953125 0.328125 0.3953125 0.0015625 0.303125 0.0015625 0.303125 0.328125 0.3953125 0.328125
5 0.2953125 0.3265625 0.2953125 0.22968750000000002 0.10625 0.22968750000000002 0.10625 0.3265625 0.2953125 0.3265625
8 0.484375 0.7718750000000001 0.4859375 0.7734375 0.721875 0.7734375 0.721875 0.671875 0.484375 0.671875 0.484375 0.7718750000000001
5 0.8609375 0.7765625 0.859375 0.7749999999999999 0.740625 0.7749999999999999 0.7390625 0.7765625 0.671875 0.7765625 0.6703125 0.778125 0.65625 0.778125 0.6546875 0.7796875000000001 0.6015625 0.7796875000000001 0.6 0.778125 0.578125 0.778125 0.5765625 0.7796875000000001 0.534375 0.7796875000000001 0.5328125 0.778125 0.515625 0.778125 0.5140625 0.7796875000000001 0.5 0.7796875000000001 0.4984375 0.778125 0.490625 0.778125 0.4890625 0.7765625 0.4796875 0.7765625 0.478125 0.778125 0.4734375 0.778125 0.471875 0.7765625 0.21875 0.7765625 0.2171875 0.778125 0.1796875 0.778125 0.178125 0.7796875000000001 0.1765625 0.778125 0.16875 0.778125 0.1671875 0.7796875000000001 0.15 0.7796875000000001 0.1484375 0.78125 0.1453125 0.78125 0.14375 0.7796875000000001 0.140625 0.7796875000000001 0.1390625 0.78125 0.1171875 0.78125 0.115625 0.7796875000000001 0.10625 0.7796875000000001 0.1015625 0.7749999999999999 0.1015625 0.7734375 0.1 0.7718750000000001 0.1 0.35468750000000004 0.1015625 0.353125 0.1015625 0.3453125 0.103125 0.34375 0.103125 0.3421875 0.1046875 0.34062499999999996 0.1046875 0.3359375 0.10625 0.334375 0.10625 0.33281249999999996 0.1046875 0.33125000000000004 0.1046875 0.29374999999999996 0.10625 0.29218750000000004 0.10625 0.2828125 0.1046875 0.28125 0.1046875 0.23593750000000002 0.103125 0.234375 0.103125 0.22812500000000002 0.1015625 0.2265625 0.1015625 0.22343749999999998 0.103125 0.221875 0.1015625 0.22031250000000002 0.1015625 0.20625 0.1 0.20468750000000002 0.1 0.05 0.0984375 0.048437499999999994 0.0984375 0.04375 0.1 0.0421875 0.1 0.026562500000000003 0.0984375 0.025 0.0984375 0.018750000000000003 0.1 0.0171875 0.1 0.014062499999999999 0.0984375 0.0125 0.0984375 0.0078125 0.09375 0.003125 0.0109375 0.003125 0.00625 0.9930555555555556 1 0.9930555555555556 0.996875 0.003125 0.903125 0.003125 0.9015625 0.004687500000000001 0.9015625 0.7718750000000001 0.8984375 0.7749999999999999 0.896875 0.7749999999999999 0.8953125 0.7765625 0.8609375 0.7765625
5 0.284375 0.6625000000000001 0.284375 0.559375 0.209375 0.559375 0.209375 0.6625000000000001 0.284375 0.6625000000000001
5 0.19503125 0.6676041666666667 0.09834375 0.6676041666666667 0.09834375 0.7805902777777778 0.19503125 0.7805902777777778 0.19503125 0.6676041666666667
1 0.84746875 0.44722222222222224 0.6991562499999999 0.44722222222222224 0.6991562499999999 0.5527777777777777 0.84746875 0.5527777777777777 0.84746875 0.44722222222222224
1 0.8466875 0.33614583333333337 0.6941875 0.33614583333333337 0.6941875 0.44538194444444446 0.8466875 0.44538194444444446 0.8466875 0.33614583333333337
1 0.6566562499999999 0.11572916666666666 0.50246875 0.11572916666666666 0.50246875 0.2221875 0.6566562499999999 0.2221875 0.6566562499999999 0.11572916666666666
1 0.49665625 0 0.49665625 0.10833333333333334 0.64834375 0.10833333333333334 0.64834375 0 0.49665625 0
1 0.89996875 0.001840277777777778 0.75165625 0.001840277777777778 0.75165625 0.11204861111111113 0.89996875 0.11204861111111113 0.89996875 0.001840277777777778
1 0.84165625 0.11479166666666668 0.69834375 0.11479166666666668 0.69834375 0.21756944444444443 0.84165625 0.21756944444444443 0.84165625 0.11479166666666668
6 0.39059374999999996 0.5312847222222222 0.31090625 0.5312847222222222 0.31090625 0.6359375 0.39059374999999996 0.6359375 0.39059374999999996 0.5312847222222222