5 0.1 0.22968750000000002 0.1 0.43437499999999996 0.1015625 0.4359375 0.1015625 0.4390625 0.1921875 0.4390625 0.1921875 0.22968750000000002 0.1 0.22968750000000002
5 0.296875 0.8828125 0.296875 0.7828124999999999 0.00625 0.7828124999999999 0.00625 0.8828125 0.296875 0.8828125
5 0.890625 0.8812500000000001 0.890625 0.7828124999999999 0.50625 0.7828124999999999 0.50625 0.8812500000000001 0.890625 0.8812500000000001
2 0.596875 0.5234375 0.596875 0.421875 0.509375 0.421875 0.509375 0.5234375 0.596875 0.5234375
1 0.290625 0.43437499999999996 0.290625 0.34843749999999996 0.215625 0.34843749999999996 0.215625 0.43437499999999996 0.290625 0.43437499999999996
5 0.33125 0.3265625 0.3328125 0.3265625 0.334375 0.32499999999999996 0.3390625 0.32499999999999996 0.340625 0.32343750000000004 0.3625 0.32343750000000004 0.3640625 0.32499999999999996 0.3671875 0.32499999999999996 0.36875 0.3265625 0.3703125 0.3265625 0.371875 0.328125 0.4484375 0.328125 0.45 0.3265625 0.484375 0.3265625 0.4859375 0.328125 0.7015625 0.328125 0.7015625 0.22968750000000002 0.2015625 0.22968750000000002 0.2015625 0.31718749999999996 0.203125 0.31875 0.203125 0.3265625 0.2046875 0.328125 0.3296875 0.328125 0.33125 0.3265625
5 0.88526875 0.7815208333333333 0.88526875 0.6815208333333334 0.50558125 0.6815208333333334 0.50558125 0.7815208333333333 0.88526875 0.7815208333333333
6 0.30625 0.390625 0.30625 0.4140625 0.3078125 0.415625 0.396875 0.415625 0.396875 0.30937499999999996 0.3046875 0.30937499999999996 0.3046875 0.34375 0.30625 0.3453125 0.30625 0.36250000000000004 0.3046875 0.36406249999999996 0.3046875 0.3890625 0.30625 0.390625
5 0.2921875 0.7749999999999999 0.2921875 0.675 0.00625 0.675 0.00625 0.7749999999999999 0.2921875 0.7749999999999999
5 0.00625 0 0.00625 0.6746041666666667 0.08481875 0.672125 0.08928749999999999 0.22569444444444445 0.8950875 0.22073611111111113 0.8950875 0.9930555555555556 1 0.9930555555555556 1 0 0.00625 0
5 0.8816875 0.2256597222222222 0.7075625 0.2256597222222222 0.7075625 0.6696180555555555 0.8816875 0.6696180555555555 0.8816875 0.2256597222222222