5 0 0.9930555555555556 0.99375 0.9930555555555556 0.99375 0.0009236111111111112 0.595 0.0009236111111111112 0.6025 0.8325555555555556 0 0.8334791666666667 0 0.9930555555555556
5 0.5921875 0.0015625 0.4984375 0.0015625 0.4984375 0.1609375 0.5921875 0.1609375 0.5921875 0.0015625
5 0.49378124999999995 0.0015625 0.19846875 0.0015625 0.19846875 0.0546875 0.49378124999999995 0.0546875 0.49378124999999995 0.0015625
1 0.1078125 0 0.1078125 0.032777777777777774 0.1921875 0.032777777777777774 0.1921875 0 0.1078125 0
5 0.09846875000000001 0.0015972222222222223 0.00315625 0.0015972222222222223 0.00315625 0.053125000000000006 0.09846875000000001 0.053125000000000006 0.09846875000000001 0.0015972222222222223
6 0.08909375 0.2327777777777778 0.00940625 0.2327777777777778 0.00940625 0.3577777777777778 0.08909375 0.3577777777777778 0.08909375 0.2327777777777778
5 0.3 0.27656250000000004 0.103125 0.27656250000000004 0.103125 0.4921875 0.3 0.4921875 0.3 0.27656250000000004
2 0.496875 0.4155902777777778 0.403125 0.4155902777777778 0.403125 0.5296875000000001 0.496875 0.5296875000000001 0.496875 0.4155902777777778
5 0.603125 0.6109374999999999 0.5 0.6109374999999999 0.5 0.8328125 0.603125 0.8328125 0.603125 0.6109374999999999
8 0.22346875000000002 0.7234722222222223 0.00003125 0.7234722222222223 0.00003125 0.8297222222222222 0.22346875000000002 0.8297222222222222 0.22346875000000002 0.7234722222222223
1 0.20003125000000002 0.25 0.10471875 0.25 0.10471875 0.33125000000000004 0.20003125000000002 0.33125000000000004 0.20003125000000002 0.25