5 0.196875 0.7453125 0.196875 0.66875 0.0046875 0.66875 0.0046875 0.7453125 0.196875 0.7453125
2 0.4921875 0.51875 0.4921875 0.42656249999999996 0.4046875 0.42656249999999996 0.4046875 0.51875 0.4921875 0.51875
6 0.490625 0.9546874999999999 0.490625 0.8500000000000001 0.4078125 0.8500000000000001 0.4078125 0.9562499999999999 0.4125 0.9562499999999999 0.4140625 0.9546874999999999 0.490625 0.9546874999999999
5 0.5 0.7562500000000001 0.50223125 0.7043680555555556 0.5982125 0.7018819444444444 0.5892875 0.6597222222222222 0.203125 0.6522847222222222 0.2046875 0.7578125 0.4984375 0.7578125 0.5 0.7562500000000001
5 0.5890625 0.9874999999999999 0.5890625 0.70625 0.50625 0.70625 0.50625 0.9874999999999999 0.5890625 0.9874999999999999
5 0 0.42906249999999996 0.19865625 0.42906249999999996 0.19865625 0.20829861111111111 0 0.20829861111111111 0 0.42906249999999996
5 0.205375 0.42906249999999996 0.392875 0.42906249999999996 0.392875 0.20829861111111111 0.205375 0.20829861111111111 0.205375 0.42906249999999996
5 0.5000312499999999 0 0.5000312499999999 0.6597222222222222 0.59821875 0.6597222222222222 0.59821875 0 0.5000312499999999 0
5 0.58703125 0 0.58703125 1 0.99371875 1 0.99371875 0 0.58703125 0
0 0.49375 0.503125 0.49375 0.5 0.4921875 0.49843750000000003 0.4921875 0.49687499999999996 0.490625 0.49531250000000004 0.490625 0.4921875 0.4890625 0.49062500000000003 0.4890625 0.484375 0.490625 0.48281250000000003 0.490625 0.47812499999999997 0.4921875 0.4765625 0.490625 0.47500000000000003 0.490625 0.46875 0.4875 0.46562499999999996 0.4875 0.46249999999999997 0.478125 0.453125 0.478125 0.45156250000000003 0.4828125 0.44687499999999997 0.4890625 0.44687499999999997 0.490625 0.4453125 0.49375 0.4453125 0.496875 0.44218749999999996 0.496875 0.44062500000000004 0.4984375 0.4390625 0.4984375 0.4375 0.5 0.4359375 0.5 0.43125 0.4375 0.43125 0.4359375 0.43281250000000004 0.4359375 0.43437499999999996 0.4328125 0.4375 0.4328125 0.4390625 0.43125 0.44062500000000004 0.43125 0.44218749999999996 0.4296875 0.44375 0.4296875 0.4453125 0.428125 0.44687499999999997 0.428125 0.44843750000000004 0.4265625 0.44999999999999996 0.425 0.44999999999999996 0.421875 0.453125 0.4203125 0.453125 0.4140625 0.45937500000000003 0.4125 0.45781249999999996 0.409375 0.45781249999999996 0.4078125 0.45625000000000004 0.40625 0.45625000000000004 0.4046875 0.45468749999999997 0.403125 0.45468749999999997 0.4 0.45156250000000003 0.4 0.44843750000000004 0.3984375 0.44687499999999997 0.3984375 0.4453125 0.39375 0.44062500000000004 0.39375 0.4390625 0.3921875 0.4375 0.3921875 0.43437499999999996 0.390625 0.43281250000000004 0.390625 0.43125 0.0046875 0.43125 0.0046875 0.6515625 0.5 0.6515625 0.5 0.5265625 0.4984375 0.5249999999999999 0.4984375 0.5171874999999999 0.496875 0.515625 0.496875 0.5093749999999999 0.4953125 0.5078125 0.4953125 0.5046875 0.49375 0.503125
0 0.20625 0.43125 0.178125 0.43125 0.1765625 0.4296875 0.1484375 0.4296875 0.146875 0.43125 0.1421875 0.43125 0.140625 0.4296875 0.1390625 0.43125 0.13125 0.43125 0.1296875 0.4296875 0.11875 0.4296875 0.1171875 0.428125 0.096875 0.428125 0.0953125 0.4296875 0.0703125 0.4296875 0.06875 0.43125 0.065625 0.43125 0.0640625 0.43281250000000004 0.0640625 0.4375 0.065625 0.4390625 0.0625 0.44218749999999996 0.0609375 0.44218749999999996 0.059375 0.44375 0.0515625 0.44375 0.05 0.4453125 0.0484375 0.4453125 0.0484375 0.44999999999999996 0.046875 0.45156250000000003 0.046875 0.453125 0.0453125 0.45468749999999997 0.04375 0.45468749999999997 0.0421875 0.45625000000000004 0.0390625 0.45625000000000004 0.0375 0.45781249999999996 0.0328125 0.45781249999999996 0.03125 0.45937500000000003 0.0296875 0.45937500000000003 0.0203125 0.46875 0.0203125 0.47031249999999997 0.01875 0.47187500000000004 0.01875 0.4765625 0.0171875 0.47812499999999997 0.0171875 0.48593749999999997 0.0140625 0.48906249999999996 0.0109375 0.48593749999999997 0.0109375 0.609375 0.015625 0.6046875 0.01875 0.6078125000000001 0.01875 0.609375 0.0203125 0.6109374999999999 0.0203125 0.6140625 0.021875 0.6156250000000001 0.021875 0.6171875 0.025 0.6203125 0.025 0.6234375000000001 0.021875 0.6265624999999999 0.021875 0.628125 0.0265625 0.6328125 0.0265625 0.6343749999999999 0.025 0.6359375 0.025 0.6375 0.0234375 0.6390625000000001 0.0234375 0.6468750000000001 0.021875 0.6484375 0.021875 0.659375 0.0328125 0.659375 0.034375 0.6578124999999999 0.040625 0.6578124999999999 0.04375 0.6546875000000001 0.0453125 0.6546875000000001 0.046875 0.653125 0.05 0.653125 0.0515625 0.6515625 0.0515625 0.6468750000000001 0.046875 0.6468750000000001 0.0453125 0.6453125 0.0453125 0.6421874999999999 0.04375 0.640625 0.04375 0.6390625000000001 0.046875 0.6359375 0.0484375 0.6375 0.053125 0.6375 0.0578125 0.6328125 0.0609375 0.6328125 0.0625 0.6312500000000001 0.0640625 0.6312500000000001 0.065625 0.6328125 0.0671875 0.6328125 0.0734375 0.6390625000000001 0.0734375 0.640625 0.075 0.6421874999999999 0.075 0.6453125 0.0765625 0.6468750000000001 0.0765625 0.6515625 0.078125 0.653125 0.0828125 0.653125 0.084375 0.6546875000000001 0.0890625 0.6546875000000001 0.090625 0.65625 0.0984375 0.65625 0.1 0.6578124999999999 0.103125 0.6578124999999999 0.1046875 0.65625 0.1125 0.65625 0.1140625 0.6578124999999999 0.1171875 0.6578124999999999 0.11875 0.659375 0.125 0.659375 0.1265625 0.6609375 0.13125 0.6609375 0.1328125 0.659375 0.1546875 0.659375 0.15625 0.6578124999999999 0.1578125 0.6578124999999999 0.159375 0.65625 0.184375 0.65625 0.1859375 0.6546875000000001 0.196875 0.6546875000000001 0.1984375 0.653125 0.2046875 0.653125 0.2078125 0.6499999999999999 0.2125 0.6499999999999999 0.2140625 0.6515625 0.215625 0.6515625 0.2171875 0.6499999999999999 0.240625 0.6499999999999999 0.2421875 0.6484375 0.2578125 0.6484375 0.259375 0.6468750000000001 0.2609375 0.6468750000000001 0.2625 0.6484375 0.303125 0.6484375 0.3046875 0.6468750000000001 0.325 0.6468750000000001 0.3265625 0.6484375 0.328125 0.6484375 0.3296875 0.6468750000000001 0.3375 0.6468750000000001 0.3390625 0.6453125 0.34375 0.6453125 0.3453125 0.64375 0.3515625 0.64375 0.3546875 0.640625 0.3546875 0.628125 0.35625 0.6265624999999999 0.35625 0.625 0.359375 0.621875 0.3609375 0.621875 0.3625 0.6203125 0.3640625 0.6203125 0.3640625 0.6187499999999999 0.365625 0.6171875 0.365625 0.6078125000000001 0.3640625 0.60625 0.3640625 0.6015625 0.365625 0.6000000000000001 0.365625 0.590625 0.3640625 0.5890625 0.3640625 0.5828125 0.3625 0.58125 0.3625 0.5796874999999999 0.3609375 0.578125 0.3609375 0.575 0.3625 0.5734375 0.3625 0.5703125 0.3640625 0.5687500000000001 0.3640625 0.565625 0.365625 0.5640624999999999 0.365625 0.5453125000000001 0.3640625 0.54375 0.3640625 0.5406249999999999 0.3625 0.5390625 0.3625 0.534375 0.3609375 0.5328124999999999 0.3609375 0.53125 0.3578125 0.528125 0.3578125 0.5218750000000001 0.3625 0.5171874999999999 0.3703125 0.5171874999999999 0.3734375 0.5203125 0.3734375 0.5265625 0.375 0.528125 0.375 0.5296875000000001 0.3765625 0.53125 0.378125 0.53125 0.3828125 0.5265625 0.3859375 0.5265625 0.3875 0.5249999999999999 0.3890625 0.5249999999999999 0.390625 0.5234375 0.390625 0.5203125 0.3921875 0.51875 0.3921875 0.5109375 0.390625 0.5093749999999999 0.390625 0.5078125 0.396875 0.5015624999999999 0.396875 0.49687499999999996 0.3984375 0.49531250000000004 0.3984375 0.49062500000000003 0.4 0.48906249999999996 0.4 0.47031249999999997 0.3984375 0.46875 0.3984375 0.46406250000000004 0.396875 0.46249999999999997 0.396875 0.4609375 0.3921875 0.45625000000000004 0.3890625 0.45625000000000004 0.3875 0.45468749999999997 0.3828125 0.45468749999999997 0.3796875 0.45156250000000003 0.3796875 0.44999999999999996 0.378125 0.44843750000000004 0.378125 0.4453125 0.3765625 0.44375 0.371875 0.44375 0.36875 0.44062500000000004 0.36875 0.4390625 0.3703125 0.4375 0.3703125 0.4359375 0.371875 0.43437499999999996 0.3703125 0.43281250000000004 0.36875 0.43281250000000004 0.3671875 0.43125 0.3515625 0.43125 0.35 0.43281250000000004 0.3375 0.43281250000000004 0.3359375 0.43437499999999996 0.3375 0.43437499999999996 0.3390625 0.4359375 0.340625 0.4359375 0.3453125 0.44062500000000004 0.340625 0.4453125 0.3390625 0.4453125 0.3375 0.44687499999999997 0.3359375 0.44687499999999997 0.334375 0.44843750000000004 0.3328125 0.44843750000000004 0.33125 0.44687499999999997 0.3296875 0.44687499999999997 0.328125 0.4453125 0.3265625 0.4453125 0.3265625 0.453125 0.3234375 0.45625000000000004 0.3234375 0.45781249999999996 0.321875 0.45937500000000003 0.321875 0.46406250000000004 0.31875 0.46718750000000003 0.3109375 0.46718750000000003 0.3078125 0.46406250000000004 0.3078125 0.45781249999999996 0.30625 0.45625000000000004 0.30625 0.45156250000000003 0.309375 0.44843750000000004 0.3125 0.44843750000000004 0.3140625 0.44687499999999997 0.315625 0.44687499999999997 0.315625 0.4453125 0.3171875 0.44375 0.3171875 0.44062500000000004 0.321875 0.4359375 0.328125 0.4359375 0.3296875 0.43437499999999996 0.33125 0.43437499999999996 0.3296875 0.43281250000000004 0.31875 0.43281250000000004 0.3171875 0.43125 0.2984375 0.43125 0.296875 0.43281250000000004 0.29375 0.43281250000000004 0.2921875 0.43125 0.284375 0.43125 0.2828125 0.4296875 0.2796875 0.4296875 0.278125 0.428125 0.2734375 0.428125 0.271875 0.42656249999999996 0.2671875 0.42656249999999996 0.265625 0.428125 0.2640625 0.428125 0.2625 0.42656249999999996 0.2515625 0.42656249999999996 0.25 0.428125 0.2453125 0.428125 0.24375 0.4296875 0.2421875 0.4296875 0.240625 0.43125 0.21875 0.43125 0.2171875 0.4296875 0.2078125 0.4296875 0.20625 0.43125