5 1 0.8334791666666667 0.3975 0.8325555555555556 0.40499999999999997 0.0009236111111111112 0.00625 0.0009236111111111112 0.00625 0.9930555555555556 1 0.9930555555555556 1 0.8334791666666667
5 0.4078125 0.1609375 0.5015625 0.1609375 0.5015625 0.0015625 0.4078125 0.0015625 0.4078125 0.1609375
5 0.50621875 0.0546875 0.80153125 0.0546875 0.80153125 0.0015625 0.50621875 0.0015625 0.50621875 0.0546875
1 0.8078125 0 0.8078125 0.032777777777777774 0.8921875 0.032777777777777774 0.8921875 0 0.8078125 0
5 0.90153125 0.053125000000000006 0.99684375 0.053125000000000006 0.99684375 0.0015972222222222223 0.90153125 0.0015972222222222223 0.90153125 0.053125000000000006
6 0.91090625 0.3577777777777778 0.99059375 0.3577777777777778 0.99059375 0.2327777777777778 0.91090625 0.2327777777777778 0.91090625 0.3577777777777778
5 0.7 0.4921875 0.896875 0.4921875 0.896875 0.27656250000000004 0.7 0.27656250000000004 0.7 0.4921875
2 0.503125 0.5296875000000001 0.596875 0.5296875000000001 0.596875 0.4155902777777778 0.503125 0.4155902777777778 0.503125 0.5296875000000001
5 0.396875 0.8328125 0.5 0.8328125 0.5 0.6109374999999999 0.396875 0.6109374999999999 0.396875 0.8328125
8 0.77653125 0.8297222222222222 0.9999687500000001 0.8297222222222222 0.9999687500000001 0.7234722222222223 0.77653125 0.7234722222222223 0.77653125 0.8297222222222222
1 0.79996875 0.33125000000000004 0.89528125 0.33125000000000004 0.89528125 0.25 0.79996875 0.25 0.79996875 0.33125000000000004