5 0.90625 0.5453125000000001 0.90625 0.5359375 0.9046875 0.534375 0.9046875 0.49374999999999997 0.903125 0.4921875 0.903125 0.48281250000000003 0.9015625 0.48124999999999996 0.9015625 0.453125 0.903125 0.45156250000000003 0.903125 0.44999999999999996 0.9078125 0.4453125 0.909375 0.4453125 0.9109375 0.44375 0.95625 0.44375 0.9578125 0.4453125 0.99375 0.4453125 0.9953125 0.44687499999999997 0.9984375 0.44687499999999997 0.9984375 0.334375 0.80625 0.334375 0.80625 0.5484374999999999 0.8078125 0.55 0.903125 0.55 0.9046875 0.5484374999999999 0.9046875 0.546875 0.90625 0.5453125000000001
5 0.5296875 0.7890625 0.5296875 0.8031250000000001 0.53125 0.8046875 0.53125 0.9203125000000001 0.5296875 0.921875 0.5296875 0.9828125000000001 0.53125 0.984375 0.53125 0.9859374999999999 0.5328125 0.9874999999999999 0.5328125 0.9890625000000001 0.534375 0.9906250000000001 0.5359375 0.9906250000000001 0.5375 0.9921875 0.7046875 0.9921875 0.7046875 0.9906250000000001 0.70625 0.9890625000000001 0.70625 0.9015624999999999 0.7078125 0.8999999999999999 0.7078125 0.8953125000000001 0.715625 0.8875 0.7203125 0.8875 0.721875 0.8890625000000001 0.725 0.8890625000000001 0.7265625 0.890625 0.7796875 0.890625 0.78125 0.8890625000000001 0.7859375 0.8890625000000001 0.7890625 0.8921874999999999 0.790625 0.8921874999999999 0.7953125 0.8968750000000001 0.7953125 0.9781249999999999 0.79375 0.9796874999999999 0.79375 0.9890625000000001 0.7953125 0.9906250000000001 0.7953125 0.9921875 0.8671875 0.9921875 0.86875 0.9906250000000001 0.86875 0.9859374999999999 0.8703125 0.984375 0.8703125 0.9812500000000001 0.871875 0.9796874999999999 0.871875 0.9718749999999999 0.8734375 0.9703124999999999 0.8734375 0.9125000000000001 0.871875 0.9109375000000001 0.871875 0.796875 0.8734375 0.7953125000000001 0.8734375 0.784375 0.875 0.7828124999999999 0.875 0.78125 0.8765625 0.7796875000000001 0.8765625 0.778125 0.8796875 0.7749999999999999 0.8796875 0.5578125 0.525 0.5578125 0.525 0.778125 0.5265625 0.7796875000000001 0.5265625 0.78125 0.528125 0.7828124999999999 0.528125 0.7875000000000001 0.5296875 0.7890625
5 0.6046875 0.40312499999999996 0.6046875 0.415625 0.603125 0.41718750000000004 0.603125 0.5531250000000001 0.6984375 0.5531250000000001 0.6984375 0.3359375 0.603125 0.3359375 0.603125 0.35624999999999996 0.6046875 0.3578125 0.6046875 0.37031250000000004 0.60625 0.37187499999999996 0.60625 0.40156250000000004 0.6046875 0.40312499999999996
8 0.7859375 0.9906250000000001 0.7859375 0.8984375 0.7171875 0.8984375 0.7171875 0.9906250000000001 0.7859375 0.9906250000000001
5 0.5015625 0.44218749999999996 0.5015625 0.334375 0.1078125 0.334375 0.1078125 0.44218749999999996 0.5015625 0.44218749999999996
4 0.6015625 0.4375 0.6015625 0.3359375 0.503125 0.3359375 0.503125 0.4375 0.6015625 0.4375
2 0.59375 0.5234375 0.59375 0.4203125 0.5109375 0.4203125 0.5109375 0.5234375 0.59375 0.5234375
5 0.9015625 0.9906250000000001 0.903125 0.9921875 0.9984375 0.9921875 0.9984375 0.8890625000000001 0.9015625 0.8890625000000001 0.9015625 0.9906250000000001
5 0.00625 0 0.00625 0.328125 0.0953125 0.328125 0.0953125 0 0.00625 0
0 0.9953125 0.0015625 0.2984375 0.0015625 0.2984375 0.10468749999999999 0.3 0.10625000000000001 0.3 0.109375 0.3015625 0.1109375 0.9953125 0.1109375 0.9953125 0.0015625
5 0.39375 0.9930555555555556 0.3953125 0.9930555555555556 0.4140625 0.9930555555555556 0.415625 0.9930555555555556 0.4296875 0.9930555555555556 0.43125 0.9930555555555556 0.4703125 0.9930555555555556 0.471875 0.9930555555555556 0.4984375 0.9930555555555556 0.4984375 0.8859375 0.00625 0.8859375 0.00625 0.9930555555555556 0.378125 0.9930555555555556 0.3796875 0.9930555555555556 0.38125 0.9930555555555556 0.3828125 0.9930555555555556 0.39375 0.9930555555555556