2 0.59375 0.5218750000000001 0.59375 0.43125 0.509375 0.43125 0.509375 0.5218750000000001 0.59375 0.5218750000000001
5 0.4015625 0.565625 0.4015625 0.5671875 0.496875 0.5671875 0.496875 0.3515625 0.4 0.3515625 0.4 0.35624999999999996 0.4015625 0.3578125 0.4015625 0.5 0.4 0.5015624999999999 0.4 0.5640624999999999 0.4015625 0.565625
5 0.1015625 0.128125 0.1015625 0.22968750000000002 0.103125 0.23124999999999998 0.103125 0.23281249999999998 0.4984375 0.23281249999999998 0.4984375 0.128125 0.1015625 0.128125
5 1 0.128125 0.6015625 0.128125 0.6015625 0.22968750000000002 0.603125 0.22968750000000002 0.6046875 0.23124999999999998 0.6921875 0.23124999999999998 0.69375 0.23281249999999998 1 0.23281249999999998 1 0.128125
5 0.2984375 0.5640624999999999 0.2984375 0.353125 0.2015625 0.353125 0.2015625 0.5640624999999999 0.2984375 0.5640624999999999
6 0.5890625 0.546875 0.5109375 0.546875 0.5109375 0.6312500000000001 0.5125 0.6328125 0.5125 0.6453125 0.515625 0.6484375 0.5890625 0.6484375 0.5890625 0.546875
5 0.296875 0.8984375 0.296875 0.6875 0.2015625 0.6875 0.2015625 0.8984375 0.296875 0.8984375
6 0.9859375 0.6484375 0.9859375 0.54375 0.9125 0.54375 0.9125 0.5453125000000001 0.9140625 0.546875 0.9140625 0.6234375000000001 0.9125 0.625 0.9125 0.6484375 0.9859375 0.6484375
5 0.4953125 0.8999999999999999 0.4953125 0.6875 0.4015625 0.6875 0.4015625 0.8999999999999999 0.4953125 0.8999999999999999
8 0.5953125 0.2265625 0.5953125 0.128125 0.503125 0.128125 0.503125 0.2265625 0.5953125 0.2265625
8 0.7203125 0.9930555555555556 0.7203125 0.9046875000000001 0.4828125 0.9046875000000001 0.4828125 0.9930555555555556 0.7203125 0.9930555555555556
5 0.1984375 0.9930555555555556 0.1984375 0.34843749999999996 0.0984375 0.34843749999999996 0.0984375 0.9930555555555556 0.1984375 0.9930555555555556
5 0.1015625 0.1796875 0.1015625 0.1671875 0.1 0.16562500000000002 0.1 0.1640625 0.1015625 0.16249999999999998 0.1015625 0.15625 0.1 0.15468749999999998 0.1 0.15000000000000002 0.1015625 0.1484375 0.1015625 0.14687499999999998 0.1 0.1453125 0.1 0.128125 0.1046875 0.12343749999999999 0.23125 0.12343749999999999 0.2328125 0.125 0.390625 0.125 0.3921875 0.12343749999999999 0.4390625 0.12343749999999999 0.440625 0.125 0.4421875 0.125 0.44375 0.12343749999999999 0.4484375 0.12343749999999999 0.45 0.125 0.4828125 0.125 0.484375 0.12343749999999999 0.6859375 0.12343749999999999 0.6875 0.125 0.9765625 0.125 0.978125 0.12343749999999999 0.9890625 0.12343749999999999 0.9890625 0.0078125 0.00625 0.0078125 0.00625 0.9930555555555556 0.0984375 0.9930555555555556 0.0984375 0.9921875 0.1 0.9906250000000001 0.1 0.18125000000000002 0.1015625 0.1796875