5 0.00625 0.37187499999999996 0.19375 0.37187499999999996 0.19375 0.221875 0.00625 0.221875 0.00625 0.37187499999999996
5 0.7984375 0 0.7984375 0.9922222222222222 0.9984375 0.9922222222222222 0.9984375 0 0.7984375 0
6 0.60465625 0.8593402777777778 0.69684375 0.8593402777777778 0.69684375 0.7484375000000001 0.60465625 0.7484375000000001 0.60465625 0.8593402777777778
5 0.40625 0.7734375 0.79375 0.7734375 0.79375 0.5640624999999999 0.40625 0.5640624999999999 0.40625 0.7734375
5 0.00621875 0.7765972222222222 0.19215625 0.7765972222222222 0.19215625 0.5640972222222222 0.00621875 0.5640972222222222 0.00621875 0.7765972222222222
7 0.11090625000000001 0.2890625 0.19059375 0.2890625 0.19059375 0.2109375 0.11090625000000001 0.2109375 0.11090625000000001 0.2890625
7 0.0109375 0.2890625 0.0890625 0.2890625 0.0890625 0.2109375 0.0109375 0.2109375 0.0109375 0.2890625
6 0.20309375 0.1922222222222222 0.30153125 0.1922222222222222 0.30153125 0.09222222222222222 0.20309375 0.09222222222222222 0.20309375 0.1922222222222222
6 0.3078125 0.3047222222222222 0.3921875 0.3047222222222222 0.3921875 0.19847222222222222 0.3078125 0.19847222222222222 0.3078125 0.3047222222222222
2 0.50934375 0.5249652777777778 0.59528125 0.5249652777777778 0.59528125 0.4203125 0.50934375 0.4203125 0.50934375 0.5249652777777778
1 0.4046875 0.1484375 0.5921875 0.1484375 0.5921875 0.0015625 0.4046875 0.0015625 0.4046875 0.1484375
1 0.603125 0.14690972222222223 0.79375 0.14690972222222223 0.79375 0.006284722222222223 0.603125 0.006284722222222223 0.603125 0.14690972222222223
5 0.00621875 0.10784722222222222 0.19215625 0.10784722222222222 0.19215625 0.0015972222222222223 0.00621875 0.0015972222222222223 0.00621875 0.10784722222222222