5 0 0.9930555555555556 0.571875 0.9930555555555556 0.571875 0.5640624999999999 0 0.5640624999999999 0 0.9930555555555556
5 0.7734375 0.22812500000000002 0.7734375 0.44218749999999996 0.975 0.44218749999999996 0.975 0.22812500000000002 0.7734375 0.22812500000000002
5 0.5734375 0.5546875 0.5734375 0.9930555555555556 0.6703125 0.9930555555555556 0.6703125 0.5546875 0.5734375 0.5546875
5 0.1796875 0.003125 0.1796875 0.1078125 0.571875 0.1078125 0.571875 0.003125 0.1796875 0.003125
5 0.078125 0.0234375 0.078125 0.1109375 0.175 0.1109375 0.175 0.0234375 0.078125 0.0234375
5 0.6265625 0.11249999999999999 0.628125 0.1109375 0.640625 0.1109375 0.6421875 0.11249999999999999 0.6703125 0.11249999999999999 0.6703125 0.0171875 0.5765625 0.0171875 0.5765625 0.1109375 0.578125 0.1109375 0.5796875 0.11249999999999999 0.6265625 0.11249999999999999
1 1 0.6592361111111111 0.9733750000000001 0.6592361111111111 0.9733750000000001 0.7675694444444444 1 0.7675694444444444 1 0.6592361111111111
0 0.0675 0.10627777777777778 0.07416875 0.0016458333333333333 0.0008312500000000001 0 0 0.33313194444444444 0.77333125 0.32963194444444444 0.775 0.0009236111111111112 0.67333125 0 0.67 0.10905555555555556 0.0675 0.10627777777777778
0 1 0.0044444444444444444 0.9724999999999999 0.0044444444444444444 0.9724999999999999 0.33222222222222225 1 0.33222222222222225 1 0.0044444444444444444
6 0.865625 0.4203125 0.7875 0.4203125 0.7875 0.5219097222222222 0.865625 0.5219097222222222 0.865625 0.4203125
2 0.49065624999999996 0.428125 0.40784374999999995 0.428125 0.40784374999999995 0.5234027777777778 0.49065624999999996 0.5234027777777778 0.49065624999999996 0.428125