5 0.0765625 0.12031249999999999 0.0734375 0.12343749999999999 0.071875 0.12343749999999999 0.0703125 0.125 0.0671875 0.125 0.065625 0.12656250000000002 0.0640625 0.12656250000000002 0.0609375 0.1296875 0.059375 0.1296875 0.0578125 0.13124999999999998 0.0546875 0.13124999999999998 0.053125 0.1328125 0.0515625 0.1328125 0.046875 0.1375 0.04375 0.1375 0.0421875 0.13906249999999998 0.040625 0.13906249999999998 0.0375 0.14218750000000002 0.0359375 0.14218750000000002 0.034375 0.14375 0.03125 0.14375 0.0296875 0.1453125 0.028125 0.1453125 0.025 0.1484375 0.0234375 0.1484375 0.021875 0.15000000000000002 0.01875 0.15000000000000002 0.0171875 0.1515625 0.015625 0.1515625 0.0109375 0.15625 0.009375 0.15625 0.0078125 0.15781250000000002 0.00625 0.15781250000000002 0.00625 0.159375 0.00625 0.2671875 0.00625 0.26875000000000004 0.009375 0.26875000000000004 0.0109375 0.27031249999999996 0.015625 0.27031249999999996 0.0171875 0.271875 0.01875 0.271875 0.0203125 0.2734375 0.021875 0.2734375 0.025 0.27656250000000004 0.025 0.27812499999999996 0.0265625 0.2796875 0.0265625 0.2875 0.028125 0.2890625 0.028125 0.30625 0.0296875 0.30781250000000004 0.0296875 0.3109375 0.03125 0.3125 0.03125 0.3140625 0.0328125 0.31562500000000004 0.0328125 0.31875 0.034375 0.3203125 0.034375 0.321875 0.0375 0.321875 0.0390625 0.32343750000000004 0.403125 0.32343750000000004 0.40625 0.3203125 0.40625 0.2265625 0.409375 0.22343749999999998 0.4859375 0.22343749999999998 0.4875 0.22499999999999998 0.4890625 0.22499999999999998 0.49375 0.22968750000000002 0.49375 0.23124999999999998 0.4953125 0.23281249999999998 0.4953125 0.321875 0.496875 0.32343750000000004 0.5625 0.32343750000000004 0.5640625 0.321875 0.5671875 0.321875 0.5671875 0.3203125 0.56875 0.31875 0.56875 0.31562500000000004 0.5703125 0.3140625 0.5703125 0.2890625 0.571875 0.2875 0.571875 0.2828125 0.5734375 0.28125 0.5734375 0.2796875 0.575 0.27812499999999996 0.575 0.27656250000000004 0.5796875 0.271875 0.5828125 0.271875 0.584375 0.27031249999999996 0.5859375 0.27031249999999996 0.5875 0.26875000000000004 0.590625 0.26875000000000004 0.5921875 0.2671875 0.59375 0.2671875 0.59375 0.159375 0.590625 0.15625 0.5875 0.15625 0.5828125 0.1515625 0.58125 0.1515625 0.5796875 0.15000000000000002 0.578125 0.15000000000000002 0.5765625 0.1484375 0.575 0.1484375 0.571875 0.1453125 0.5703125 0.1453125 0.56875 0.14375 0.565625 0.14375 0.5609375 0.13906249999999998 0.559375 0.13906249999999998 0.5578125 0.1375 0.553125 0.1375 0.546875 0.13124999999999998 0.540625 0.13124999999999998 0.5390625 0.1296875 0.5375 0.1296875 0.534375 0.12656250000000002 0.5328125 0.12656250000000002 0.53125 0.125 0.528125 0.125 0.5234375 0.12031249999999999 0.521875 0.12031249999999999 0.5203125 0.11875000000000001 0.515625 0.11875000000000001 0.5109375 0.11406250000000001 0.0890625 0.11406250000000001 0.0859375 0.1171875 0.0828125 0.1171875 0.08125 0.11875000000000001 0.0796875 0.11875000000000001 0.078125 0.12031249999999999 0.0765625 0.12031249999999999
5 0.9 0.334375 0.9125 0.334375 0.9140625 0.33281249999999996 0.96875 0.33281249999999996 0.9703125 0.334375 0.9984375 0.334375 0.9984375 0.003125 0.8046875 0.003125 0.8046875 0.3296875 0.80625 0.33125000000000004 0.88125 0.33125000000000004 0.8828125 0.33281249999999996 0.8984375 0.33281249999999996 0.9 0.334375
8 0.0140625 0.765625 0.015625 0.7671874999999999 0.0859375 0.7671874999999999 0.0859375 0.6765625 0.0140625 0.6765625 0.0140625 0.765625
8 0.484375 0.32343750000000004 0.484375 0.23281249999999998 0.415625 0.23281249999999998 0.415625 0.32343750000000004 0.484375 0.32343750000000004
2 0.5875 0.5234375 0.5875 0.41874999999999996 0.5109375 0.41874999999999996 0.5109375 0.5234375 0.5875 0.5234375
10 0.496875 0.7734375 0.496875 0.7250000000000001 0.20625 0.7250000000000001 0.20625 0.7734375 0.496875 0.7734375
4 0.9984375 0.6078125000000001 0.9984375 0.5578125 0.803125 0.5578125 0.803125 0.6078125000000001 0.9984375 0.6078125000000001
5 0.0453125 0.66875 0.0640625 0.66875 0.065625 0.6703125000000001 0.071875 0.6703125000000001 0.0734375 0.66875 0.0859375 0.66875 0.0890625 0.671875 0.090625 0.671875 0.09375 0.675 0.09375 0.6765625 0.0953125 0.6781250000000001 0.0953125 0.7640625000000001 0.0984375 0.7671874999999999 0.103125 0.7671874999999999 0.1046875 0.76875 0.11875 0.76875 0.1203125 0.7671874999999999 0.1671875 0.7671874999999999 0.16875 0.765625 0.16875 0.7640625000000001 0.1703125 0.7625 0.1703125 0.7593749999999999 0.171875 0.7578125 0.171875 0.73125 0.1734375 0.7296875 0.1734375 0.7250000000000001 0.175 0.7234375 0.175 0.721875 0.1796875 0.7171875000000001 0.1828125 0.7171875000000001 0.184375 0.715625 0.1875 0.715625 0.1890625 0.7140625 0.1921875 0.7140625 0.19375 0.7124999999999999 0.1953125 0.7124999999999999 0.1953125 0.6031249999999999 0.19375 0.6015625 0.1921875 0.6015625 0.190625 0.6000000000000001 0.1859375 0.6000000000000001 0.1796875 0.59375 0.1765625 0.59375 0.175 0.5921875000000001 0.1734375 0.5921875000000001 0.1703125 0.5890625 0.16875 0.5890625 0.1671875 0.5874999999999999 0.165625 0.5874999999999999 0.1609375 0.5828125 0.159375 0.5828125 0.1578125 0.58125 0.153125 0.58125 0.1484375 0.5765625000000001 0.146875 0.5765625000000001 0.1453125 0.575 0.140625 0.575 0.1359375 0.5703125 0.134375 0.5703125 0.1328125 0.5687500000000001 0.128125 0.5687500000000001 0.121875 0.5625 0.11875 0.5625 0.1171875 0.5609375000000001 0.115625 0.5609375000000001 0.1125 0.5578125 0.00625 0.5578125 0.00625 0.6734374999999999 0.0109375 0.66875 0.0125 0.66875 0.0140625 0.6671875 0.04375 0.6671875 0.0453125 0.66875
8 0.9921875 0.33281249999999996 0.9921875 0.23124999999999998 0.9078125 0.23124999999999998 0.9078125 0.33281249999999996 0.9921875 0.33281249999999996
5 0.603125 0 0.6004437499999999 0.9930555555555556 1 0.9930555555555556 1 0.8928541666666666 0.70535625 0.8854166666666666 0.6984375 0 0.603125 0
6 0.9953125 0.41093749999999996 0.9953125 0.328125 0.903125 0.328125 0.903125 0.41093749999999996 0.9953125 0.41093749999999996
0 0.7120562500000001 0 0.70535625 0.8829375 1 0.890375 1 0.6076388888888888 0.8080375 0.6076388888888888 0.8035687499999999 0 0.7120562500000001 0