6 0.203125 0.3125 0.203125 0.4140625 0.296875 0.4140625 0.296875 0.3125 0.203125 0.3125
6 0.1953125 0.7484375000000001 0.1953125 0.64375 0.1046875 0.64375 0.1046875 0.75 0.10625 0.75 0.1078125 0.7484375000000001 0.1953125 0.7484375000000001
8 0.2796875 0.890625 0.2796875 0.9930555555555556 0.515625 0.9930555555555556 0.515625 0.890625 0.2796875 0.890625
5 0.5015625 0.11249999999999999 0.5015625 0.22031250000000002 0.89375 0.22031250000000002 0.89375 0.11249999999999999 0.5015625 0.11249999999999999
8 0.403125 0.11406250000000001 0.403125 0.21250000000000002 0.496875 0.21250000000000002 0.496875 0.11406250000000001 0.403125 0.11406250000000001
5 0.79375 0.5484374999999999 0.7953125 0.546875 0.7953125 0.3359375 0.703125 0.3359375 0.703125 0.5515625 0.7921875 0.5515625 0.79375 0.55 0.79375 0.5484374999999999
5 0.503125 0.334375 0.503125 0.5562499999999999 0.5984375 0.5562499999999999 0.5984375 0.334375 0.503125 0.334375
5 0.7953125 0.6703125000000001 0.7046875 0.6703125000000001 0.7046875 0.8859375 0.79375 0.8859375 0.7953125 0.8843749999999999 0.7953125 0.6703125000000001
5 0.5046875 0.6640625 0.5046875 0.8921874999999999 0.5984375 0.8921874999999999 0.5984375 0.6640625 0.5046875 0.6640625
5 0.803125 0.3421875 0.803125 0.9930555555555556 0.896875 0.9930555555555556 0.896875 0.3421875 0.803125 0.3421875
5 0.05 0.109375 0.0515625 0.1078125 0.109375 0.1078125 0.1109375 0.109375 0.1484375 0.109375 0.15 0.1109375 0.2453125 0.1109375 0.246875 0.109375 0.321875 0.109375 0.3234375 0.1109375 0.3703125 0.1109375 0.371875 0.109375 0.4 0.109375 0.4015625 0.1078125 0.409375 0.1078125 0.4109375 0.109375 0.4796875 0.109375 0.48125 0.1078125 0.4875 0.1078125 0.4890625 0.109375 0.490625 0.1078125 0.4921875 0.1078125 0.49375 0.10625000000000001 0.496875 0.10625000000000001 0.5015625 0.1109375 0.5921875 0.1109375 0.59375 0.109375 0.6484375 0.109375 0.65 0.1109375 0.6671875 0.1109375 0.66875 0.109375 0.76875 0.109375 0.7703125 0.1078125 0.771875 0.1078125 0.7734375 0.109375 0.8421875 0.109375 0.84375 0.1109375 0.86875 0.1109375 0.8703125 0.109375 0.896875 0.109375 0.8984375 0.1109375 0.8984375 0.11249999999999999 0.9 0.11406250000000001 0.9 0.12656250000000002 0.8984375 0.128125 0.8984375 0.1328125 0.896875 0.13437500000000002 0.896875 0.14218750000000002 0.8953125 0.14375 0.8953125 0.1671875 0.896875 0.16875 0.896875 0.190625 0.8984375 0.1921875 0.8984375 0.203125 0.9 0.20468750000000002 0.9 0.2140625 0.8984375 0.215625 0.8984375 0.3046875 0.9 0.30625 0.9 0.37968749999999996 0.9015625 0.38125 0.9015625 0.44062500000000004 0.9 0.44218749999999996 0.9 0.48124999999999996 0.9015625 0.48281250000000003 0.9015625 0.48750000000000004 0.9 0.48906249999999996 0.9015625 0.49062500000000003 0.9015625 0.5109375 0.9 0.5125 0.9 0.5921875000000001 0.9015625 0.59375 0.9015625 0.6499999999999999 0.9 0.6515625 0.9 0.9859374999999999 0.9015625 0.9874999999999999 0.99375 0.9874999999999999 0.99375 0.003125 0.0046875 0.003125 0.0046875 0.1078125 0.0078125 0.1078125 0.009375 0.109375 0.05 0.109375
5 0.39534375 0.11249999999999999 0.00315625 0.11249999999999999 0.00315625 0.21875 0.39534375 0.21875 0.39534375 0.11249999999999999
2 0.4890625 0.4200347222222222 0.4109375 0.4200347222222222 0.4109375 0.5302430555555556 0.4890625 0.5302430555555556 0.4890625 0.4200347222222222