5 0.796875 0.44527777777777783 0.6 0.44527777777777783 0.6 0.6577777777777778 0.796875 0.6577777777777778 0.796875 0.44527777777777783
1 0.6921875 0.11878472222222222 0.6078125 0.11878472222222222 0.6078125 0.1984375 0.6921875 0.1984375 0.6921875 0.11878472222222222
5 0.6059375 0.11402777777777778 0.5004375 0.11402777777777778 0.5004375 0.21902777777777777 0.6059375 0.21902777777777777 0.6059375 0.11402777777777778
5 0.99378125 0.11246527777777778 0.69846875 0.11246527777777778 0.69846875 0.2218402777777778 0.99378125 0.2218402777777778 0.99378125 0.11246527777777778
1 0.70003125 0.43281250000000004 0.60471875 0.43281250000000004 0.60471875 0.5124652777777778 0.70003125 0.5124652777777778 0.70003125 0.43281250000000004
6 0.59065625 0.415625 0.5078437499999999 0.415625 0.5078437499999999 0.534375 0.59065625 0.534375 0.59065625 0.415625
2 0.4953125 0.4155902777777778 0.4015625 0.4155902777777778 0.4015625 0.5296875000000001 0.4953125 0.5296875000000001 0.4953125 0.4155902777777778
5 0.5 0.11249999999999999 0.30625 0.11249999999999999 0.30625 0.3265277777777778 0.5 0.3265277777777778 0.5 0.11249999999999999
5 0.39846875000000004 0.7749999999999999 0.29690625000000004 0.7749999999999999 0.29690625000000004 0.9930555555555556 0.39846875000000004 0.9930555555555556 0.39846875000000004 0.7749999999999999
8 0.72503125 0.8906597222222222 0.47971874999999997 0.8906597222222222 0.47971874999999997 0.9930902777777777 0.72503125 0.9930902777777777 0.72503125 0.8906597222222222
5 0.99375 0 0.0008312500000000001 0.0018541666666666667 0 0.9930555555555556 0.2975 0.9930555555555556 0.3 0.10925694444444445 0.99375 0.10833333333333334 0.99375 0