2 0.4125 0.5265625 0.4140625 0.5249999999999999 0.415625 0.5249999999999999 0.4171875 0.5265625 0.490625 0.5265625 0.4921875 0.5249999999999999 0.49375 0.5249999999999999 0.4953125 0.5234375 0.4953125 0.415625 0.4046875 0.415625 0.4046875 0.5265625 0.4125 0.5265625
6 0.3890625 0.190625 0.3890625 0.0859375 0.3125 0.0859375 0.3125 0.190625 0.3890625 0.190625
6 0.0890625 0.6359375 0.0890625 0.5296875000000001 0.009375 0.5296875000000001 0.009375 0.6359375 0.0890625 0.6359375
6 0.6875 0.4140625 0.6890625 0.4125 0.6890625 0.3125 0.609375 0.3125 0.609375 0.4140625 0.6875 0.4140625
8 0.6234375 0.8859375 0.6234375 0.7765625 0.3796875 0.7765625 0.3796875 0.8859375 0.6234375 0.8859375
5 0.10828125 0.6609375 0.19021875 0.6609375 0.19021875 0.44100694444444444 0.10828125 0.44100694444444444 0.10828125 0.6609375
5 0.2069375 0.6625000000000001 0.2924375 0.6625000000000001 0.2924375 0.4419444444444445 0.2069375 0.4419444444444445 0.2069375 0.6625000000000001
5 0.7069375 0.6609375 0.7924375 0.6609375 0.7924375 0.44350694444444444 0.7069375 0.44350694444444444 0.7069375 0.6609375
5 0.8053750000000001 0.6593402777777777 0.8939999999999999 0.6593402777777777 0.8939999999999999 0.4416319444444444 0.8053750000000001 0.4416319444444444 0.8053750000000001 0.6593402777777777
5 0.8035937499999999 0.4439236111111111 0.8884062500000001 0.4439236111111111 0.8884062500000001 0.004965277777777778 0.8035937499999999 0.004965277777777778 0.8035937499999999 0.4439236111111111
5 0.700875 0 0.700875 0.44642361111111106 0.792375 0.44642361111111106 0.792375 0 0.700875 0
5 0.205375 0 0.205375 0.4439236111111111 0.296875 0.4439236111111111 0.296875 0 0.205375 0
5 0.1004375 0 0.1004375 0.4488888888888889 0.1964375 0.4488888888888889 0.1964375 0 0.1004375 0
5 0.8950875 0 0.8973187499999999 0.8878958333333333 0.0022312499999999997 0.890375 0 0.9930555555555556 0.99375 0.9930555555555556 0.99375 0 0.8950875 0