5 0.3493125 0.2174652777777778 0.4425625 0.2174652777777778 0.4425625 0.11864583333333334 0.3493125 0.11864583333333334 0.3493125 0.2174652777777778
8 0.334375 0.7734375 0.565625 0.7734375 0.565625 0.6765625 0.334375 0.6765625 0.334375 0.7734375
5 0.8439187499999999 0 0.849325 0.7833055555555556 0.00625 0.7802986111111111 0.00625 0.9930555555555556 1 0.9930555555555556 0.99391875 0 0.8439187499999999 0
5 0.04525 0.7757638888888888 0.26687500000000003 0.7757638888888888 0.26687500000000003 0.5409027777777777 0.04525 0.5409027777777777 0.04525 0.7757638888888888
5 0.63515625 0.7757986111111111 0.84796875 0.7757986111111111 0.84796875 0.5428125 0.63515625 0.5428125 0.63515625 0.7757986111111111
6 0.73746875 0.4375347222222222 0.81403125 0.4375347222222222 0.81403125 0.3344097222222222 0.73746875 0.3344097222222222 0.73746875 0.4375347222222222
2 0.50934375 0.5249652777777778 0.58903125 0.5249652777777778 0.58903125 0.4203125 0.50934375 0.4203125 0.50934375 0.5249652777777778
6 0.43903125000000004 0.0796875 0.53434375 0.0796875 0.53434375 0.00003472222222222222 0.43903125000000004 0.00003472222222222222 0.43903125000000004 0.0796875
9 0.4385 0.22197916666666667 0.537125 0.22197916666666667 0.537125 0.12427083333333333 0.4385 0.12427083333333333 0.4385 0.22197916666666667
5 0.75340625 0.21743055555555554 0.8445937499999999 0.21743055555555554 0.8445937499999999 0.00034722222222222224 0.75340625 0.00034722222222222224 0.75340625 0.21743055555555554
5 0.253375 0.2189236111111111 0.342875 0.2189236111111111 0.342875 0.004131944444444444 0.253375 0.004131944444444444 0.253375 0.2189236111111111
5 0.56015625 0.10934027777777777 0.74834375 0.10934027777777777 0.74834375 0.004131944444444444 0.56015625 0.004131944444444444 0.56015625 0.10934027777777777
5 0.052000000000000005 0.10930555555555556 0.253375 0.10930555555555556 0.253375 0.007916666666666666 0.052000000000000005 0.007916666666666666 0.052000000000000005 0.10930555555555556
5 0.0006562499999999999 0.2204513888888889 0.24996875 0.2204513888888889 0.24996875 0.12427083333333333 0.0006562499999999999 0.12427083333333333 0.0006562499999999999 0.2204513888888889
5 0.53715625 0.2174652777777778 0.75334375 0.2174652777777778 0.75334375 0.11114583333333333 0.53715625 0.11114583333333333 0.53715625 0.2174652777777778
6 0.3484375 0.30156249999999996 0.4265625 0.30156249999999996 0.4265625 0.19371527777777778 0.3484375 0.19371527777777778 0.3484375 0.30156249999999996