5 0.7296875 0.8875 0.73125 0.8859375 0.7484375 0.8859375 0.75 0.8875 0.7875 0.8875 0.7890625 0.8890625000000001 0.790625 0.8875 0.79375 0.8875 0.7953125 0.8859375 0.7953125 0.7796875000000001 0.6109375 0.7796875000000001 0.609375 0.78125 0.60625 0.78125 0.603125 0.784375 0.603125 0.9930555555555556 0.6984375 0.9930555555555556 0.6984375 0.8984375 0.7 0.8968750000000001 0.7 0.8921874999999999 0.7046875 0.8875 0.7296875 0.8875
5 0.55625 0.6656249999999999 0.5578125 0.6640625 0.56875 0.6640625 0.5703125 0.6656249999999999 0.7984375 0.6656249999999999 0.7984375 0.559375 0.3984375 0.559375 0.3984375 0.6656249999999999 0.55625 0.6656249999999999
2 0.496875 0.5234375 0.496875 0.4203125 0.4046875 0.4203125 0.4046875 0.5234375 0.496875 0.5234375
6 0.5984375 0.746875 0.5984375 0.6484375 0.5015625 0.6484375 0.5015625 0.746875 0.5984375 0.746875
5 0.3953125 0.9930555555555556 0.3953125 0.5531250000000001 0.303125 0.5531250000000001 0.303125 0.9930555555555556 0.3953125 0.9930555555555556
8 0.8953125 0.32343750000000004 0.8953125 0.21875 0.796875 0.21875 0.796875 0.32343750000000004 0.8953125 0.32343750000000004
6 0.390625 0.0796875 0.390625 0.0015625 0.309375 0.0015625 0.309375 0.0796875 0.390625 0.0796875
6 0.7125 0.0015625 0.7125 0.08281250000000001 0.790625 0.08281250000000001 0.7921875 0.08124999999999999 0.7921875 0.0015625 0.7125 0.0015625
5 0.9015625 0.128125 0.9 0.1296875 0.9 0.190625 0.9015625 0.1921875 0.9015625 0.21718749999999998 0.9 0.21875 0.9 0.4234375 0.9015625 0.42500000000000004 0.9015625 0.44062500000000004 0.8984375 0.44375 0.896875 0.44375 0.8953125 0.4453125 0.8828125 0.4453125 0.88125 0.44375 0.8328125 0.44375 0.83125 0.4453125 0.81875 0.4453125 0.8171875 0.44687499999999997 0.8140625 0.44687499999999997 0.8109375 0.44999999999999996 0.809375 0.44999999999999996 0.8078125 0.45156250000000003 0.8078125 0.453125 0.80625 0.45468749999999997 0.80625 0.45781249999999996 0.8046875 0.45937500000000003 0.8046875 0.48750000000000004 0.803125 0.48906249999999996 0.803125 0.49687499999999996 0.8015625 0.49843750000000003 0.8015625 0.54375 0.8 0.5453125000000001 0.8 0.5953124999999999 0.8015625 0.596875 0.8015625 0.6312500000000001 0.8 0.6328125 0.8 0.78125 0.803125 0.778125 0.840625 0.778125 0.8421875 0.7765625 0.8921875 0.7765625 0.89375 0.7749999999999999 0.8953125 0.7749999999999999 0.8984375 0.7718750000000001 0.8984375 0.7703125 0.9 0.76875 0.9 0.7281249999999999 0.9015625 0.7265625 0.9015625 0.7124999999999999 0.9 0.7109375 0.9 0.5921875000000001 0.8984375 0.590625 0.8984375 0.5703125 0.9 0.5687500000000001 0.9 0.5625 0.90625 0.5562499999999999 0.9546875 0.5562499999999999 0.95625 0.5578125 0.9921875 0.5578125 0.99375 0.5562499999999999 0.99375 0.003125 0.9046875 0.003125 0.9046875 0.004687500000000001 0.90625 0.00625 0.90625 0.0078125 0.9046875 0.009375000000000001 0.9046875 0.029687500000000002 0.903125 0.03125 0.903125 0.0421875 0.9015625 0.04375 0.9015625 0.128125
5 0.6125 0.796875 0.6171875 0.796875 0.621875 0.7921875 0.625 0.7921875 0.6265625 0.79375 0.628125 0.7921875 0.659375 0.7921875 0.6609375 0.79375 0.6640625 0.79375 0.665625 0.7953125000000001 0.6671875 0.7953125000000001 0.6703125 0.7984374999999999 0.6796875 0.7984374999999999 0.6859375 0.8046875 0.6859375 0.8062499999999999 0.6875 0.8078125 0.6875 0.8109375000000001 0.6890625 0.8125 0.6890625 0.8171875 0.690625 0.8187500000000001 0.690625 0.8265625000000001 0.6859375 0.83125 0.684375 0.83125 0.6796875 0.8359375 0.66875 0.8359375 0.6671875 0.8374999999999999 0.6375 0.8374999999999999 0.6359375 0.8359375 0.63125 0.8359375 0.6296875 0.8343750000000001 0.628125 0.8343750000000001 0.6265625 0.8328125 0.621875 0.8328125 0.61875 0.8296874999999999 0.6171875 0.8296874999999999 0.615625 0.828125 0.615625 0.8265625000000001 0.6140625 0.825 0.6140625 0.8234375 0.6109375 0.8234375 0.609375 0.825 0.609375 0.8265625000000001 0.6078125 0.828125 0.6078125 0.8296874999999999 0.60625 0.83125 0.60625 0.8359375 0.6046875 0.8374999999999999 0.6046875 0.84375 0.603125 0.8453124999999999 0.603125 0.9093749999999999 0.6015625 0.9109375000000001 0.6015625 0.9859374999999999 0.603125 0.9874999999999999 0.603125 0.9906250000000001 0.7 0.9906250000000001 0.7 0.984375 0.7015625 0.9828125000000001 0.7015625 0.96875 0.7 0.9671875000000001 0.7 0.9421875000000001 0.6984375 0.9406249999999999 0.6984375 0.8921874999999999 0.7 0.890625 0.7 0.8890625000000001 0.7015625 0.8875 0.703125 0.8875 0.7046875 0.8859375 0.7625 0.8859375 0.7640625 0.8875 0.790625 0.8875 0.7921875 0.8859375 0.79375 0.8859375 0.8015625 0.878125 0.8015625 0.8578125000000001 0.8 0.85625 0.8 0.8374999999999999 0.7984375 0.8359375 0.7984375 0.7828124999999999 0.796875 0.78125 0.79375 0.78125 0.7921875 0.7796875000000001 0.784375 0.7796875000000001 0.7828125 0.78125 0.7671875 0.78125 0.765625 0.7796875000000001 0.7640625 0.7796875000000001 0.7625 0.78125 0.75625 0.78125 0.7546875 0.7796875000000001 0.7328125 0.7796875000000001 0.73125 0.78125 0.7203125 0.78125 0.71875 0.7796875000000001 0.715625 0.7796875000000001 0.7140625 0.78125 0.6328125 0.78125 0.63125 0.7828124999999999 0.61875 0.7828124999999999 0.6171875 0.784375 0.615625 0.784375 0.609375 0.7906249999999999 0.6109375 0.7921875 0.6109375 0.7953125000000001 0.6125 0.796875
5 0.8973187499999999 0.7663680555555555 0.79910625 0.7762916666666667 0.79910625 0.8854166666666666 0.6919625 0.8854166666666666 0.6941937499999999 0.9920625 0.9910687499999999 0.9930555555555556 0.99375 0.5555555555555556 0.9017875 0.5555555555555556 0.8973187499999999 0.7663680555555555