2 0.5921875 0.5234375 0.5921875 0.428125 0.5109375 0.428125 0.5109375 0.5234375 0.5921875 0.5234375
6 0.8453125 0.7546875 0.7546875 0.7546875 0.7546875 0.8515625 0.75625 0.8531249999999999 0.75625 0.85625 0.7578125 0.8578125000000001 0.8453125 0.8578125000000001 0.8453125 0.7546875
8 0.2421875 0.890625 0.2421875 0.9656250000000001 0.24375 0.9671875000000001 0.24375 0.9930555555555556 0.334375 0.9930555555555556 0.334375 0.890625 0.2421875 0.890625
5 0.9984375 0.9921875 0.9984375 0.78125 0.9390625 0.78125 0.9390625 0.9921875 0.9984375 0.9921875
5 0.3390625 0.484375 0.340625 0.48593749999999997 0.4375 0.48593749999999997 0.4375 0.33906250000000004 0.3390625 0.33906250000000004 0.3390625 0.484375
5 0.9984375 0.33125000000000004 0.9984375 0.11249999999999999 0.86875 0.11249999999999999 0.86875 0.33125000000000004 0.9984375 0.33125000000000004
5 1 0 0.00625 0.012402777777777778 0.00625 0.9930555555555556 0.240625 0.9930555555555556 0.2421875 0.9930555555555556 0.2421875 0.9874999999999999 0.24375 0.9859374999999999 0.24375 0.9578125000000001 0.2421875 0.9562499999999999 0.2421875 0.9140625 0.240625 0.9125000000000001 0.240625 0.9031250000000001 0.2390625 0.9015624999999999 0.2390625 0.8703125 0.2375 0.8687499999999999 0.2375 0.8328125 0.2390625 0.83125 0.2390625 0.8265625000000001 0.2375 0.825 0.2375 0.7296875 0.2390625 0.7281249999999999 0.2390625 0.7046874999999999 0.2375 0.703125 0.2375 0.35624999999999996 0.2390625 0.35468750000000004 0.2390625 0.3515625 0.2375 0.35 0.2375 0.3453125 0.2390625 0.34375 0.2390625 0.296875 0.240625 0.2953125 0.240625 0.26249999999999996 0.2390625 0.26093750000000004 0.23660625 0.11656944444444445 1 0.11160416666666667 1 0
5 0.8571249999999999 0.10913194444444445 0.417375 0.10913194444444445 0.417375 0.32739583333333333 0.8571249999999999 0.32739583333333333 0.8571249999999999 0.10913194444444445
5 0.41740625 0.11156250000000001 0.23884375000000002 0.11156250000000001 0.23884375000000002 0.3323263888888889 0.41740625 0.3323263888888889 0.41740625 0.11156250000000001
5 0.9359375 0.3374652777777778 0.8421875 0.3374652777777778 0.8421875 0.48434027777777783 0.9359375 0.48434027777777783 0.9359375 0.3374652777777778
6 0.7375 0.41093749999999996 0.7375 0.30937499999999996 0.6609375 0.30937499999999996 0.6609375 0.41093749999999996 0.7375 0.41093749999999996