6 0.5078125 0.6359375 0.5078125 0.5328124999999999 0.50625 0.53125 0.50625 0.5296875000000001 0.415625 0.5296875000000001 0.415625 0.6375 0.453125 0.6375 0.4546875 0.6359375 0.5078125 0.6359375
5 0.92346875 0.22340277777777778 0.72503125 0.22340277777777778 0.72503125 0.27812499999999996 0.92346875 0.27812499999999996 0.92346875 0.22340277777777778
5 0.32346875 0.2234722222222222 0.12815625 0.2234722222222222 0.12815625 0.2797222222222222 0.32346875 0.2797222222222222 0.32346875 0.2234722222222222
6 0.203125 0.7468402777777778 0.13125 0.7468402777777778 0.13125 0.8609374999999999 0.203125 0.8609374999999999 0.203125 0.7468402777777778
1 0.3109375 0.7796527777777778 0.2390625 0.7796527777777778 0.2390625 0.8656250000000001 0.3109375 0.8656250000000001 0.3109375 0.7796527777777778
5 0.92034375 0.5578125 0.5312812499999999 0.5578125 0.5312812499999999 0.7734375 0.92034375 0.7734375 0.92034375 0.5578125
5 0.32815625000000004 0.28770833333333334 0.13171875 0.28770833333333334 0.13171875 0.44395833333333334 0.32815625000000004 0.44395833333333334 0.32815625000000004 0.28770833333333334
5 0.721 0.23065972222222225 0.330375 0.23065972222222225 0.330375 0.4439236111111111 0.721 0.4439236111111111 0.721 0.23065972222222225
5 0.9218437500000001 0.2802430555555555 0.72765625 0.2802430555555555 0.72765625 0.44642361111111106 0.9218437500000001 0.44642361111111106 0.9218437500000001 0.2802430555555555
2 0.4890625 0.41718750000000004 0.4078125 0.41718750000000004 0.4078125 0.5250347222222222 0.4890625 0.5250347222222222 0.4890625 0.41718750000000004
5 0.3258125 0.5592708333333333 0.1258125 0.5592708333333333 0.1258125 0.7167013888888889 0.3258125 0.7167013888888889 0.3258125 0.5592708333333333
5 0.31746875 0.7212847222222222 0.23165624999999998 0.7212847222222222 0.23165624999999998 0.7777430555555556 0.31746875 0.7777430555555556 0.31746875 0.7212847222222222
5 0.22584374999999998 0.8935069444444443 0.12665625 0.8935069444444443 0.12665625 0.9898263888888889 0.22584374999999998 0.9898263888888889 0.22584374999999998 0.8935069444444443
5 0.32328125 0.8916666666666667 0.23496875 0.8916666666666667 0.23496875 0.9944444444444444 0.32328125 0.9944444444444444 0.32328125 0.8916666666666667
6 0.70784375 0.7515624999999999 0.61565625 0.7515624999999999 0.61565625 0.8609374999999999 0.70784375 0.8609374999999999 0.70784375 0.7515624999999999
5 0 0 0 0.9930555555555556 0.12276875000000001 0.9930555555555556 0.125 0.21081249999999999 0.9263375 0.21577083333333336 0.9285687499999999 0.9930555555555556 0.99375 0.9930555555555556 0.9933062500000001 0 0 0