5 0.20246875000000003 0.44538194444444446 0.6991562499999999 0.44538194444444446 0.6991562499999999 0.2240625 0.20246875000000003 0.2240625 0.20246875000000003 0.44538194444444446
2 0.4953125 0.5234375 0.4953125 0.41874999999999996 0.4046875 0.41874999999999996 0.4046875 0.5234375 0.4953125 0.5234375
5 0.5015625 0.8859027777777777 0.7046875 0.8859027777777777 0.7046875 0.671875 0.5015625 0.671875 0.5015625 0.8859027777777777
1 0.20784375000000002 0.703125 0.39690625 0.703125 0.39690625 0.5640972222222222 0.20784375000000002 0.5640972222222222 0.20784375000000002 0.703125
8 1 0.11100694444444444 0.897375 0.11100694444444444 0.897375 0.22190972222222222 1 0.22190972222222222 1 0.11100694444444444
8 0.8 0.2249652777777778 0.8975 0.2249652777777778 0.8975 0.11017361111111111 0.8 0.11017361111111111 0.8 0.2249652777777778
8 0.40081249999999996 0.22409722222222225 0.49831250000000005 0.22409722222222225 0.49831250000000005 0.1129861111111111 0.40081249999999996 0.1129861111111111 0.40081249999999996 0.22409722222222225
8 0.6033125 0.2249652777777778 0.6983125 0.2249652777777778 0.6983125 0.11295138888888889 0.6033125 0.11295138888888889 0.6033125 0.2249652777777778
5 1 0.001840277777777778 0.8 0.001840277777777778 0.8 0.11385416666666666 1 0.11385416666666666 1 0.001840277777777778
5 0.40084375000000005 0 0.40084375000000005 0.11017361111111111 0.70165625 0.11017361111111111 0.70165625 0 0.40084375000000005 0
5 0.6950000000000001 0.22499999999999998 0.6975 0.33147916666666666 0.7183312500000001 0.33147916666666666 0.7183312500000001 0.8907430555555556 0.78 0.8879652777777778 0.77916875 0 0.72166875 0.0009236111111111112 0.7191687499999999 0.2268541666666667 0.6950000000000001 0.22499999999999998
5 0 0.9930555555555556 0.20416875 0.9930555555555556 0.20083125000000002 0.21759027777777776 0.4 0.21759027777777776 0.39916874999999996 0.0009236111111111112 0 0 0 0.9930555555555556