0 0.8975 0.6638888888888889 0.70333125 0.6638888888888889 0.70083125 0.44814583333333335 0.30333125 0.44536805555555553 0.3025 0.6638888888888889 0.50083125 0.6685208333333333 0.49749999999999994 0.8898125000000001 0.90416875 0.8888888888888888 0.8975 0.6638888888888889
2 0.7953125 0.3046875 0.7953125 0.1984375 0.703125 0.1984375 0.703125 0.303125 0.7046875 0.303125 0.70625 0.3046875 0.7953125 0.3046875
5 0.89996875 0.4390625 0.99840625 0.4390625 0.99840625 0.003159722222222222 0.89996875 0.003159722222222222 0.89996875 0.4390625
0 0.00621875 0.221875 0.10465625 0.221875 0.10465625 0.003125 0.00621875 0.003125 0.00621875 0.221875
6 0.70465625 0.3047222222222222 0.7968437500000001 0.3047222222222222 0.7968437500000001 0.19847222222222222 0.70465625 0.19847222222222222 0.70465625 0.3047222222222222
2 0.50625 0.5234027777777778 0.590625 0.5234027777777778 0.590625 0.41715277777777776 0.50625 0.41715277777777776 0.50625 0.5234027777777778
1 0.303125 0.44062500000000004 0.396875 0.44062500000000004 0.396875 0.334375 0.303125 0.334375 0.303125 0.44062500000000004
10 0.00621875 0.44062500000000004 0.29528125 0.44062500000000004 0.29528125 0.390625 0.00621875 0.390625 0.00621875 0.44062500000000004
10 0.7046875 0.44218749999999996 0.9015625 0.44218749999999996 0.9015625 0.3890625 0.7046875 0.3890625 0.7046875 0.44218749999999996
5 0.90309375 0.9930555555555556 0.99840625 0.9930555555555556 0.99840625 0.4484722222222222 0.90309375 0.4484722222222222 0.90309375 0.9930555555555556
5 0.30778125 0.9930902777777777 0.90309375 0.9930902777777777 0.90309375 0.8906597222222222 0.30778125 0.8906597222222222 0.30778125 0.9930902777777777
5 0.00621875 0.9921875 0.09840625 0.9921875 0.09840625 0.8905902777777778 0.00621875 0.8905902777777778 0.00621875 0.9921875
0 0.00621875 0.8859375 0.10153125 0.8859375 0.10153125 0.6625347222222222 0.00621875 0.6625347222222222 0.00621875 0.8859375
0 0.09996875 0.9930902777777777 0.30153125 0.9930902777777777 0.30153125 0.8906597222222222 0.09996875 0.8906597222222222 0.09996875 0.9930902777777777