5 0.6 0.21472222222222223 0.79375 0.21472222222222223 0.79375 0.0022222222222222222 0.6 0.0022222222222222222 0.6 0.21472222222222223
1 0.4078125 0.08906249999999999 0.4921875 0.08906249999999999 0.4921875 0.009409722222222222 0.4078125 0.009409722222222222 0.4078125 0.08906249999999999
5 0.49740624999999994 0.10902777777777778 0.59534375 0.10902777777777778 0.59534375 0.0016666666666666666 0.49740624999999994 0.0016666666666666666 0.49740624999999994 0.10902777777777778
5 0.10621875 0.10777777777777778 0.40153125 0.10777777777777778 0.40153125 0.007777777777777778 0.10621875 0.007777777777777778 0.10621875 0.10777777777777778
5 0.00625 0.21871527777777777 0.10153125 0.21871527777777777 0.10153125 0.0015625 0.00625 0.0015625 0.00625 0.21871527777777777
5 0.3015625 0.5484027777777778 0.5015625 0.5484027777777778 0.5015625 0.334375 0.3015625 0.334375 0.3015625 0.5484027777777778
6 0.50934375 0.421875 0.59215625 0.421875 0.59215625 0.303125 0.50934375 0.303125 0.50934375 0.421875
2 0.5077812500000001 0.5359375 0.59684375 0.5359375 0.59684375 0.4125347222222222 0.5077812500000001 0.4125347222222222 0.5077812500000001 0.5359375
5 0.7 0.8875347222222223 0.803125 0.8875347222222223 0.803125 0.6671875 0.7 0.6671875 0.7 0.8875347222222223
5 0.00625 0.8874652777777778 0.103125 0.8874652777777778 0.103125 0.6640625 0.00625 0.6640625 0.00625 0.8874652777777778
8 0.3765625 0.8859375 0.6234375 0.8859375 0.6234375 0.7812847222222222 0.3765625 0.7812847222222222 0.3765625 0.8859375
5 0.9991687499999999 0.0009236111111111112 0.8008312500000001 0.0009236111111111112 0.8025 0.8898125000000001 0.00625 0.8888888888888888 0.00625 0.9930555555555556 1 0.9930555555555556 0.9991687499999999 0.0009236111111111112
1 0.39840624999999996 0.4015972222222222 0.49684375000000003 0.4015972222222222 0.49684375000000003 0.3203472222222222 0.39840624999999996 0.3203472222222222 0.39840624999999996 0.4015972222222222