5 0.29109375000000004 0.21722222222222223 0.39690625 0.21722222222222223 0.39690625 0.11722222222222221 0.29109375000000004 0.11722222222222221 0.29109375000000004 0.21722222222222223
2 0.40625 0.42656249999999996 0.40625 0.5234375 0.490625 0.5234375 0.4921875 0.5218750000000001 0.49375 0.5218750000000001 0.49375 0.4921875 0.4921875 0.49062500000000003 0.4921875 0.45781249999999996 0.49375 0.45625000000000004 0.49375 0.42656249999999996 0.40625 0.42656249999999996
8 0.3828125 0.671875 0.3828125 0.7734375 0.615625 0.7734375 0.6171875 0.7718750000000001 0.6171875 0.671875 0.3828125 0.671875
6 0.3875 0.21250000000000002 0.3875 0.2078125 0.3125 0.2078125 0.3125 0.30156249999999996 0.3890625 0.30156249999999996 0.3890625 0.2140625 0.3875 0.21250000000000002
5 0.2984375 0.5546875 0.2984375 0.1171875 0.2046875 0.1171875 0.2046875 0.5546875 0.2984375 0.5546875
5 0.7984375 0.5484374999999999 0.7984375 0.53125 0.8 0.5296875000000001 0.8 0.390625 0.8015625 0.3890625 0.8015625 0.11562499999999999 0.7046875 0.11562499999999999 0.7046875 0.5484374999999999 0.7984375 0.5484374999999999
5 0.0984375 0.5625 0.0984375 0.7749999999999999 0.19375 0.7749999999999999 0.1953125 0.7734375 0.1953125 0.5625 0.0984375 0.5625
5 0.9 0.7734375 0.9 0.559375 0.8046875 0.559375 0.8046875 0.7765625 0.8984375 0.7765625 0.8984375 0.7749999999999999 0.9 0.7734375
5 0.1921875 0.1015625 0.1921875 0.0015625 0.103125 0.0015625 0.103125 0.1015625 0.1921875 0.1015625
5 0.8953125 0.10468749999999999 0.8953125 0.0015625 0.809375 0.0015625 0.809375 0.10468749999999999 0.8953125 0.10468749999999999
5 0.6046875 0.1171875 0.6046875 0.21718749999999998 0.696875 0.21718749999999998 0.6984375 0.215625 0.6984375 0.1171875 0.6046875 0.1171875
5 0 0 0 0.9930555555555556 0.99375 0.9930555555555556 0.99375 0 0.8984375 0 0.8984375 0.003125 0.896875 0.004687500000000001 0.896875 0.0078125 0.8953125 0.009375000000000001 0.8953125 0.032812499999999994 0.896875 0.034375 0.896875 0.060937500000000006 0.8953125 0.09375 0.896875 0.0953125 0.896875 0.103125 0.8984375 0.10468749999999999 0.8984375 0.15468749999999998 0.9 0.15625 0.9 0.54375 0.9015625 0.5453125000000001 0.9015625 0.559375 0.903125 0.5609375000000001 0.903125 0.5671875 0.9046875 0.5687500000000001 0.9046875 0.5874999999999999 0.903125 0.5890625 0.903125 0.5984375 0.9015625 0.6000000000000001 0.9015625 0.6499999999999999 0.9 0.6515625 0.9 0.6875 0.8984375 0.6890624999999999 0.8984375 0.7046874999999999 0.9 0.70625 0.9 0.7609375 0.8984375 0.7625 0.8984375 0.7749999999999999 0.89375 0.7796875000000001 0.8796875 0.7796875000000001 0.878125 0.78125 0.8765625 0.78125 0.875 0.7796875000000001 0.81875 0.7796875000000001 0.8171875 0.778125 0.7875 0.778125 0.7859375 0.7765625 0.5828125 0.7765625 0.58125 0.778125 0.459375 0.778125 0.4578125 0.7765625 0.2296875 0.7765625 0.228125 0.778125 0.1859375 0.778125 0.184375 0.7796875000000001 0.16875 0.7796875000000001 0.1671875 0.78125 0.1078125 0.78125 0.10625 0.7796875000000001 0.1015625 0.7796875000000001 0.1 0.778125 0.1 0.7765625 0.0984375 0.7749999999999999 0.0984375 0.6578124999999999 0.096875 0.65625 0.096875 0.5859375 0.0984375 0.5843750000000001 0.0984375 0 0 0
5 0.2046875 0.66 0.3984375 0.66 0.3984375 0.56 0.2046875 0.56 0.2046875 0.66
5 0.603125 0.6625000000000001 0.796875 0.6625000000000001 0.796875 0.5625 0.603125 0.5625 0.603125 0.6625000000000001
8 0.49778124999999995 0.4414236111111111 0.60046875 0.4414236111111111 0.60046875 0.3323263888888889 0.49778124999999995 0.3323263888888889 0.49778124999999995 0.4414236111111111