7 0.2109375 0.546875 0.2109375 0.621875 0.2890625 0.621875 0.2890625 0.546875 0.2109375 0.546875
1 0.8046875 0.3375 0.8046875 0.47968750000000004 0.99375 0.47968750000000004 0.99375 0.3375 0.8046875 0.3375
5 0.0078125 0.23281249999999998 0.0078125 0.4375 0.390625 0.4375 0.390625 0.23281249999999998 0.0078125 0.23281249999999998
1 0.60625 0.33281249999999996 0.60625 0.48281250000000003 0.7921875 0.48281250000000003 0.7921875 0.33281249999999996 0.60625 0.33281249999999996
5 0.165625 0.70625 0.1671875 0.7078125 0.1828125 0.7078125 0.184375 0.70625 0.20625 0.70625 0.2078125 0.7046874999999999 0.2171875 0.7046874999999999 0.21875 0.70625 0.3078125 0.70625 0.309375 0.7078125 0.3921875 0.7078125 0.3921875 0.5562499999999999 0.10625 0.5562499999999999 0.10625 0.7046874999999999 0.1578125 0.7046874999999999 0.159375 0.70625 0.165625 0.70625
6 0.496875 0.428125 0.4015625 0.428125 0.4015625 0.5234375 0.403125 0.5249999999999999 0.496875 0.5249999999999999 0.496875 0.428125
2 0.509375 0.42500000000000004 0.509375 0.5234375 0.5890625 0.5234375 0.5890625 0.42500000000000004 0.509375 0.42500000000000004
1 0.4109375 0.22499999999999998 0.4109375 0.32499999999999996 0.5921875 0.32499999999999996 0.5921875 0.22499999999999998 0.4109375 0.22499999999999998
5 0.6015625 0.23281249999999998 0.6015625 0.328125 0.99375 0.328125 0.99375 0.23281249999999998 0.6015625 0.23281249999999998
5 0.0078125 0.8999999999999999 0.0078125 0.9930555555555556 0.39375 0.9930555555555556 0.39375 0.8999999999999999 0.0078125 0.8999999999999999
5 0.609375 0.8984375 0.609375 0.9930555555555556 0.9984375 0.9930555555555556 0.9984375 0.8984375 0.609375 0.8984375
5 0.00625 0.22343749999999998 0.996875 0.22343749999999998 0.996875 0.006284722222222223 0.00625 0.006284722222222223 0.00625 0.22343749999999998