0 0.00003125 0.9844097222222222 0.70134375 0.9844097222222222 0.70134375 0.00003472222222222222 0.00003125 0.00003472222222222222 0.00003125 0.9844097222222222
2 0.4921875 0.5359375 0.4921875 0.41874999999999996 0.409375 0.41874999999999996 0.409375 0.5359375 0.4921875 0.5359375
5 0.6484375 0.41718750000000004 0.646875 0.41874999999999996 0.646875 0.44062500000000004 0.6453125 0.44218749999999996 0.6453125 0.47343749999999996 0.64375 0.47500000000000003 0.64375 0.49062500000000003 0.6453125 0.4921875 0.6453125 0.49687499999999996 0.64375 0.49843750000000003 0.64375 0.6375 0.6453125 0.6390625000000001 0.6453125 0.6921875 0.64375 0.6937500000000001 0.64375 0.6968749999999999 0.6453125 0.6984375 0.6453125 0.703125 0.64375 0.7046874999999999 0.64375 0.7109375 0.6375 0.7171875000000001 0.634375 0.7171875000000001 0.6328125 0.71875 0.559375 0.71875 0.5546875 0.7140625 0.5546875 0.7124999999999999 0.553125 0.7109375 0.553125 0.703125 0.5515625 0.7015625000000001 0.5515625 0.66875 0.553125 0.6671875 0.553125 0.6359375 0.5515625 0.6343749999999999 0.5515625 0.5828125 0.55 0.58125 0.55 0.5015624999999999 0.5484375 0.5 0.5484375 0.47968750000000004 0.55 0.47812499999999997 0.55 0.4765625 0.5484375 0.47500000000000003 0.5484375 0.46718750000000003 0.55 0.46562499999999996 0.55 0.46406250000000004 0.5484375 0.46249999999999997 0.5484375 0.375 0.546875 0.3734375 0.546875 0.37031250000000004 0.5453125 0.36875 0.5453125 0.3671875 0.54375 0.365625 0.54375 0.36406249999999996 0.5421875 0.36250000000000004 0.5421875 0.3609375 0.5390625 0.3578125 0.5359375 0.3578125 0.534375 0.35624999999999996 0.5328125 0.3578125 0.53125 0.3578125 0.528125 0.3609375 0.5265625 0.3609375 0.5171875 0.37031250000000004 0.5171875 0.37187499999999996 0.515625 0.3734375 0.5140625 0.3734375 0.509375 0.37812500000000004 0.509375 0.37968749999999996 0.50625 0.3828125 0.50625 0.38593750000000004 0.5046875 0.38749999999999996 0.5046875 0.3921875 0.503125 0.39375000000000004 0.503125 0.5734375 0.5046875 0.575 0.5046875 0.5984375 0.50625 0.6000000000000001 0.50625 0.625 0.5046875 0.6265624999999999 0.5046875 0.6296875 0.50625 0.6312500000000001 0.50625 0.7796875000000001 0.5078125 0.78125 0.5078125 0.7828124999999999 0.6984375 0.7828124999999999 0.6984375 0.78125 0.7 0.7796875000000001 0.7 0.37812500000000004 0.6984375 0.3765625 0.6984375 0.37031250000000004 0.696875 0.36875 0.696875 0.3671875 0.6953125 0.365625 0.6953125 0.36406249999999996 0.69375 0.36406249999999996 0.6921875 0.36250000000000004 0.684375 0.36250000000000004 0.6828125 0.3609375 0.6796875 0.3609375 0.678125 0.359375 0.6765625 0.359375 0.675 0.3578125 0.6734375 0.3578125 0.671875 0.35624999999999996 0.66875 0.35624999999999996 0.6671875 0.35468750000000004 0.6546875 0.35468750000000004 0.6515625 0.3578125 0.6515625 0.359375 0.65 0.3609375 0.65 0.365625 0.6484375 0.3671875 0.6484375 0.37968749999999996 0.646875 0.38125 0.646875 0.38749999999999996 0.6484375 0.3890625 0.6484375 0.41718750000000004
6 0.4734375 0.9718749999999999 0.4734375 0.859375 0.409375 0.859375 0.409375 0.9718749999999999 0.4734375 0.9718749999999999
5 0.65625 0 0.6607125 0.2777777777777778 0.546875 0.2752986111111111 0.5513375 0.004958333333333333 0.50223125 0 0.5044625 0.3224236111111111 0.6964312500000001 0.3199375 0.6941937499999999 0 0.65625 0
5 0.3013375 0.15625 0.3013375 0.3224236111111111 0.49776875 0.3298611111111111 0.49330625 0.1488125 0.45089375 0.12152777777777778 0.45981875 0.2827361111111111 0.35268125 0.2777777777777778 0.34375 0.12152777777777778 0.3013375 0.15625
5 0 0.3372986111111111 0.296875 0.33481944444444445 0.29910625 0.1661736111111111 0.25893125 0.1264861111111111 0.2544625 0.2827361111111111 0 0.2827361111111111 0 0.3372986111111111
5 0.55134375 1 0.55134375 0.7961111111111111 0.5000312499999999 0.7961111111111111 0.5000312499999999 1 0.55134375 1
5 0.6986875 1 0.6986875 0.78375 0.6495625 0.78375 0.6495625 1 0.6986875 1
5 0.52903125 0.8110069444444444 0.65846875 0.8110069444444444 0.65846875 0.7539930555555556 0.52903125 0.7539930555555556 0.52903125 0.8110069444444444
5 0.529 0.37204861111111115 0.667375 0.37204861111111115 0.667375 0.3100347222222222 0.529 0.3100347222222222 0.529 0.37204861111111115
5 0 0.14631944444444445 0.26115625 0.14631944444444445 0.26115625 0.0967361111111111 0 0.0967361111111111 0 0.14631944444444445
5 0.3348125 0.14385416666666667 0.45981249999999996 0.14385416666666667 0.45981249999999996 0.09670138888888889 0.3348125 0.09670138888888889 0.3348125 0.14385416666666667
5 0.70759375 0 0.70759375 1 1 1 1 0 0.70759375 0