5 0.3015625 0.7749999999999999 0.3015625 0.6921875 0.3 0.690625 0.3 0.5921875000000001 0.3015625 0.590625 0.3015625 0.5562499999999999 0.1 0.5562499999999999 0.1 0.7749999999999999 0.3015625 0.7749999999999999
5 0.903125 0.7734375 0.903125 0.5562499999999999 0.7015625 0.5562499999999999 0.7015625 0.7749999999999999 0.9 0.7749999999999999 0.9015625 0.7734375 0.903125 0.7734375
5 0.1984375 0.215625 0.1984375 0.0015625 0.10625 0.0015625 0.10625 0.215625 0.1984375 0.215625
6 0.209375 0.4359375 0.2125 0.43281250000000004 0.2125 0.41874999999999996 0.2109375 0.41718750000000004 0.2109375 0.3359375 0.2125 0.334375 0.134375 0.334375 0.134375 0.4359375 0.209375 0.4359375
5 0.60625 0.0015625 0.60625 0.22031250000000002 0.69375 0.22031250000000002 0.696875 0.21718749999999998 0.696875 0.0015625 0.60625 0.0015625
2 0.496875 0.528125 0.496875 0.41874999999999996 0.40625 0.41874999999999996 0.40625 0.528125 0.496875 0.528125
5 0.2 0 0.2 0.1109375 0.3921875 0.1109375 0.3921875 0 0.2 0
6 0.390625 0.528125 0.390625 0.43281250000000004 0.3125 0.43281250000000004 0.3125 0.528125 0.390625 0.528125
5 0.4109375 0.215625 0.4109375 0.11875000000000001 0.1984375 0.11875000000000001 0.1984375 0.215625 0.4109375 0.215625
5 0.603125 0.21875 0.603125 0.12031249999999999 0.5109375 0.12031249999999999 0.5109375 0.21875 0.603125 0.21875
8 0.384375 0.6703125000000001 0.384375 0.7734375 0.615625 0.7734375 0.6171875 0.7718750000000001 0.6171875 0.6703125000000001 0.384375 0.6703125000000001
5 0.99375 0.21875 0.99375 0.12187500000000001 0.6953125 0.12187500000000001 0.6953125 0.21875 0.99375 0.21875
5 0.8953125 0.11562499999999999 0.8953125 0.0015625 0.696875 0.0015625 0.696875 0.11562499999999999 0.8953125 0.11562499999999999
9 0.509375 0.22343749999999998 0.509375 0.12343749999999999 0.4109375 0.12343749999999999 0.4109375 0.22343749999999998 0.509375 0.22343749999999998
6 0.6125 0.1953125 0.6125 0.30625 0.6828125 0.30625 0.684375 0.3046875 0.6859375 0.3046875 0.6875 0.303125 0.6890625 0.303125 0.6890625 0.2953125 0.690625 0.29374999999999996 0.690625 0.1953125 0.6125 0.1953125
6 0.4046875 0.0015625 0.4046875 0.08281250000000001 0.49375 0.08281250000000001 0.4953125 0.08124999999999999 0.4953125 0.0015625 0.4046875 0.0015625
5 0 0 0 0.9930555555555556 0.99375 0.9930555555555556 0.99375 0.7796875000000001 0.95625 0.7796875000000001 0.9546875 0.778125 0.9140625 0.778125 0.9125 0.7765625 0.896875 0.7765625 0.8953125 0.778125 0.89375 0.7765625 0.625 0.7765625 0.6234375 0.7749999999999999 0.5609375 0.7749999999999999 0.559375 0.7765625 0.546875 0.7765625 0.5453125 0.7749999999999999 0.490625 0.7749999999999999 0.4890625 0.7765625 0.2984375 0.7765625 0.296875 0.778125 0.284375 0.778125 0.2828125 0.7765625 0.2640625 0.7765625 0.2625 0.778125 0.1640625 0.778125 0.1625 0.7796875000000001 0.128125 0.7796875000000001 0.1265625 0.78125 0.1046875 0.78125 0.103125 0.7796875000000001 0.1015625 0.7796875000000001 0.0984375 0.7765625 0.0984375 0.7562500000000001 0.1 0.7546875 0.1 0.7124999999999999 0.0984375 0.7109375 0.0984375 0.5796874999999999 0.1 0.578125 0.1 0.5640624999999999 0.1015625 0.5625 0.1015625 0.5562499999999999 0.103125 0.5546875 0.103125 0.5375000000000001 0.1046875 0.5359375 0.1046875 0.3515625 0.103125 0.35 0.103125 0.32499999999999996 0.1015625 0.32343750000000004 0.1015625 0.3125 0.1 0.3109375 0.1 0.275 0.1015625 0.2734375 0.1015625 0.2265625 0.103125 0.22499999999999998 0.103125 0.1921875 0.1046875 0.190625 0.1046875 0.1171875 0.103125 0.11562499999999999 0.103125 0.00625 0.1015625 0.004687500000000001 0.1015625 0 0 0