5 0.4 0.0022222222222222222 0.20625 0.0022222222222222222 0.20625 0.21472222222222223 0.4 0.21472222222222223 0.4 0.0022222222222222222
1 0.5921875 0.009409722222222222 0.5078125 0.009409722222222222 0.5078125 0.08906249999999999 0.5921875 0.08906249999999999 0.5921875 0.009409722222222222
5 0.5025937500000001 0.0016666666666666666 0.40465625000000005 0.0016666666666666666 0.40465625000000005 0.10902777777777778 0.5025937500000001 0.10902777777777778 0.5025937500000001 0.0016666666666666666
5 0.89378125 0.007777777777777778 0.59846875 0.007777777777777778 0.59846875 0.10777777777777778 0.89378125 0.10777777777777778 0.89378125 0.007777777777777778
5 0.99375 0.0015625 0.8984687499999999 0.0015625 0.8984687499999999 0.21871527777777777 0.99375 0.21871527777777777 0.99375 0.0015625
5 0.6984375 0.334375 0.4984375 0.334375 0.4984375 0.5484027777777778 0.6984375 0.5484027777777778 0.6984375 0.334375
6 0.49065624999999996 0.303125 0.40784374999999995 0.303125 0.40784374999999995 0.421875 0.49065624999999996 0.421875 0.49065624999999996 0.303125
2 0.49221875 0.4125347222222222 0.40315625 0.4125347222222222 0.40315625 0.5359375 0.49221875 0.5359375 0.49221875 0.4125347222222222
5 0.3 0.6671875 0.196875 0.6671875 0.196875 0.8875347222222223 0.3 0.8875347222222223 0.3 0.6671875
5 0.99375 0.6640625 0.896875 0.6640625 0.896875 0.8874652777777778 0.99375 0.8874652777777778 0.99375 0.6640625
8 0.6234375 0.7812847222222222 0.3765625 0.7812847222222222 0.3765625 0.8859375 0.6234375 0.8859375 0.6234375 0.7812847222222222
5 0.99375 0.8888888888888888 0.1975 0.8898125000000001 0.19916875 0.0009236111111111112 0.0008312500000000001 0.0009236111111111112 0 0.9930555555555556 0.99375 0.9930555555555556 0.99375 0.8888888888888888
1 0.6015937499999999 0.3203472222222222 0.50315625 0.3203472222222222 0.50315625 0.4015972222222222 0.6015937499999999 0.4015972222222222 0.6015937499999999 0.3203472222222222