5 0.5703125 0.0078125 0.3796875 0.0078125 0.3796875 0.44218749999999996 0.5703125 0.44218749999999996 0.5703125 0.0078125
5 0.8734375 0 0.8734375 0.9930555555555556 0.9734375 0.9930555555555556 0.9734375 0 0.8734375 0
5 1 0.001840277777777778 0.9758437499999999 0.001840277777777778 0.9758437499999999 0.9999652777777778 1 0.9999652777777778 1 0.001840277777777778
5 0.0703125 0.014062499999999999 0.0015625 0.014062499999999999 0.0015625 0.9999652777777778 0.0703125 0.9999652777777778 0.0703125 0.014062499999999999
5 0.27346875000000004 0 0.27346875000000004 0.44375 0.37190625 0.44375 0.37190625 0 0.27346875000000004 0
1 0.27115625 0.34375 0.17896875 0.34375 0.17896875 0.4390277777777778 0.27115625 0.4390277777777778 0.27115625 0.34375
0 0.87346875 0.0078125 0.57503125 0.0078125 0.57503125 0.4406597222222222 0.87346875 0.4406597222222222 0.87346875 0.0078125
0 0.375 0.675 0.075 0.675 0.075 0.9930555555555556 0.375 0.9930555555555556 0.375 0.675
5 0.56878125 0.6734722222222222 0.37971875 0.6734722222222222 0.37971875 0.9930555555555556 0.56878125 0.9930555555555556 0.56878125 0.6734722222222222
5 0.671875 0.6672222222222222 0.575 0.6672222222222222 0.575 0.9930555555555556 0.671875 0.9930555555555556 0.671875 0.6672222222222222
6 0.65 0.5281597222222223 0.575 0.5281597222222223 0.575 0.6328125 0.65 0.6328125 0.65 0.5281597222222223
2 0.48909375 0.428125 0.40628125 0.428125 0.40628125 0.5234027777777778 0.48909375 0.5234027777777778 0.48909375 0.428125