7 0.5015625 0.2828125 0.5015625 0.2140625 0.425 0.2140625 0.425 0.2828125 0.5015625 0.2828125
5 0.31875 0.76875 0.321875 0.7718750000000001 0.3328125 0.7718750000000001 0.334375 0.7734375 0.4328125 0.7734375 0.434375 0.7749999999999999 0.4359375 0.7749999999999999 0.4375 0.7734375 0.5 0.7734375 0.5015625 0.7749999999999999 0.50625 0.7749999999999999 0.5140625 0.7828124999999999 0.5140625 0.8046875 0.515625 0.8062499999999999 0.515625 0.875 0.5140625 0.8765624999999999 0.515625 0.878125 0.515625 0.8937499999999999 0.5171875 0.8953125000000001 0.5171875 0.9359375000000001 0.51875 0.9375 0.51875 0.9609375 0.5171875 0.9624999999999999 0.5171875 0.9750000000000001 0.515625 0.9765625 0.515625 0.9921875 0.5171875 0.9930555555555556 0.90625 0.9930555555555556 0.90625 0.8953125000000001 0.903125 0.8921874999999999 0.8984375 0.8921874999999999 0.896875 0.890625 0.8796875 0.890625 0.878125 0.8890625000000001 0.8609375 0.8890625000000001 0.859375 0.890625 0.8296875 0.890625 0.828125 0.8890625000000001 0.8203125 0.8890625000000001 0.81875 0.8875 0.803125 0.8875 0.8015625 0.8890625000000001 0.78125 0.8890625000000001 0.7796875 0.890625 0.75625 0.890625 0.7546875 0.8890625000000001 0.7328125 0.8890625000000001 0.73125 0.890625 0.715625 0.890625 0.7140625 0.8890625000000001 0.6796875 0.8890625000000001 0.678125 0.890625 0.6265625 0.890625 0.625 0.8890625000000001 0.61875 0.8890625000000001 0.6171875 0.8875 0.615625 0.8875 0.6125 0.8843749999999999 0.6125 0.7749999999999999 0.6109375 0.7734375 0.6109375 0.7171875000000001 0.609375 0.715625 0.609375 0.6937500000000001 0.6109375 0.6921875 0.6109375 0.6828125 0.609375 0.6812499999999999 0.609375 0.6781250000000001 0.60625 0.675 0.6046875 0.675 0.603125 0.6734374999999999 0.6015625 0.6734374999999999 0.6 0.671875 0.596875 0.671875 0.5953125 0.6703125000000001 0.5921875 0.6703125000000001 0.590625 0.66875 0.5109375 0.66875 0.509375 0.6671875 0.484375 0.6671875 0.4828125 0.66875 0.434375 0.66875 0.4328125 0.6671875 0.4109375 0.6671875 0.409375 0.6656249999999999 0.359375 0.6656249999999999 0.3578125 0.6671875 0.3203125 0.6671875 0.3171875 0.6703125000000001 0.3171875 0.765625 0.31875 0.7671874999999999 0.31875 0.76875
5 0.6140625 0.32499999999999996 0.6125 0.3265625 0.6125 0.328125 0.609375 0.33125000000000004 0.60625 0.33125000000000004 0.6046875 0.33281249999999996 0.5984375 0.33281249999999996 0.596875 0.334375 0.5828125 0.334375 0.58125 0.33281249999999996 0.44375 0.33281249999999996 0.4421875 0.334375 0.4328125 0.334375 0.43125 0.33281249999999996 0.4296875 0.33281249999999996 0.428125 0.334375 0.4171875 0.334375 0.4125 0.3296875 0.4125 0.30625 0.4109375 0.3046875 0.4109375 0.23281249999999998 0.409375 0.23124999999999998 0.4078125 0.23124999999999998 0.403125 0.2265625 0.4 0.2265625 0.3984375 0.22499999999999998 0.3171875 0.22499999999999998 0.315625 0.2265625 0.315625 0.4390625 0.3171875 0.44062500000000004 0.359375 0.44062500000000004 0.3609375 0.44218749999999996 0.5109375 0.44218749999999996 0.5125 0.44062500000000004 0.515625 0.44062500000000004 0.51875 0.4375 0.51875 0.4359375 0.5203125 0.43437499999999996 0.5203125 0.43281250000000004 0.528125 0.42500000000000004 0.53125 0.42500000000000004 0.5328125 0.4234375 0.5375 0.4234375 0.5390625 0.421875 0.5484375 0.421875 0.55 0.4203125 0.553125 0.4203125 0.5546875 0.41874999999999996 0.55625 0.4203125 0.5671875 0.4203125 0.56875 0.421875 0.5703125 0.421875 0.571875 0.4234375 0.5765625 0.4234375 0.578125 0.42500000000000004 0.5796875 0.42500000000000004 0.5953125 0.44062500000000004 0.5984375 0.44062500000000004 0.6 0.44218749999999996 0.7015625 0.44218749999999996 0.7015625 0.22499999999999998 0.6203125 0.22499999999999998 0.6171875 0.22812500000000002 0.6171875 0.22968750000000002 0.615625 0.23124999999999998 0.615625 0.23750000000000002 0.6140625 0.23906249999999998 0.6140625 0.32499999999999996
10 0.40625 0.659375 0.40625 0.5562499999999999 0.3140625 0.5562499999999999 0.3140625 0.659375 0.40625 0.659375
2 0.5921875 0.5171874999999999 0.59375 0.51875 0.5953125 0.51875 0.5953125 0.41874999999999996 0.5046875 0.41874999999999996 0.5046875 0.5171874999999999 0.50625 0.5171874999999999 0.5078125 0.51875 0.521875 0.51875 0.5234375 0.5171874999999999 0.5921875 0.5171874999999999
5 0.9078125 0.328125 0.9078125 0.22499999999999998 0.8171875 0.22499999999999998 0.8171875 0.328125 0.9078125 0.328125
10 0.40625 0.5515625 0.40625 0.44843750000000004 0.315625 0.44843750000000004 0.315625 0.5515625 0.40625 0.5515625
6 0.109375 0.64375 0.015625 0.64375 0.015625 0.7421875 0.0171875 0.7437499999999999 0.090625 0.7437499999999999 0.0921875 0.7421875 0.109375 0.7421875 0.109375 0.64375
10 0.5109375 0.9930555555555556 0.5109375 0.8921874999999999 0.4140625 0.8921874999999999 0.4140625 0.9930555555555556 0.5109375 0.9930555555555556
10 0.9109375 0.6640625 0.9109375 0.5546875 0.815625 0.5546875 0.815625 0.6640625 0.9109375 0.6640625
5 0.303125 0.4390625 0.3046875 0.4375 0.30625 0.4375 0.30625 0.0546875 0.215625 0.0546875 0.215625 0.44218749999999996 0.290625 0.44218749999999996 0.2921875 0.44062500000000004 0.2984375 0.44062500000000004 0.3 0.4390625 0.303125 0.4390625
5 0.3109375 0.9930555555555556 0.3109375 0.8921874999999999 0.215625 0.8921874999999999 0.215625 0.9930555555555556 0.3109375 0.9930555555555556
5 0.98125 0.8843749999999999 0.9984375 0.8843749999999999 0.9984375 0.44843750000000004 0.915625 0.44843750000000004 0.915625 0.8828125 0.9171875 0.8843749999999999 0.9375 0.8843749999999999 0.9390625 0.8859375 0.9796875 0.8859375 0.98125 0.8843749999999999
10 0.80625 0.5484374999999999 0.80625 0.44375 0.7171875 0.44375 0.7171875 0.5484374999999999 0.80625 0.5484374999999999
5 0.309375 0.10468749999999999 0.3109375 0.10625000000000001 0.9984375 0.10625000000000001 0.9984375 0.014062499999999999 0.309375 0.014062499999999999 0.309375 0.10468749999999999
10 0.9984375 0.9930555555555556 0.9984375 0.890625 0.9125 0.890625 0.9125 0.9930555555555556 0.9984375 0.9930555555555556
10 0.8125 0.7703125 0.8125 0.6703125000000001 0.7203125 0.6703125000000001 0.7203125 0.7703125 0.8125 0.7703125
10 0.9109375 0.8859375 0.9109375 0.778125 0.815625 0.778125 0.815625 0.8859375 0.9109375 0.8859375
10 0.90625 0.4359375 0.90625 0.33906250000000004 0.815625 0.33906250000000004 0.815625 0.4359375 0.90625 0.4359375
5 0.00625 0.0024791666666666664 0.00625 0.1016875 0.20981875 0.09672916666666667 0.20758749999999998 0.049604166666666664 0.31026875 0.052083333333333336 0.30356875 0.009923611111111112 0.00625 0.0024791666666666664
5 0.4085 0.8953472222222223 0.31475 0.8953472222222223 0.31475 0.9970138888888889 0.4085 0.9970138888888889 0.4085 0.8953472222222223