0 0.003125 0.11406250000000001 0.003125 0.3296875 0.19866250000000002 0.33234027777777775 0.20758749999999998 0.9930555555555556 0.29464375 0.9930555555555556 0.29018125 0.5530763888888889 0.90401875 0.5580347222222222 0.90401875 0.9930555555555556 0.99375 0.9930555555555556 0.99375 0.3497013888888889 0.29910625 0.3372986111111111 0.29464375 0.11160416666666667 0.003125 0.11406250000000001
5 0 0.10913194444444445 0.3995 0.10913194444444445 0.3995 0.00003472222222222222 0 0.00003472222222222222 0 0.10913194444444445
5 0.49996875 0.01732638888888889 0.40178125 0.01732638888888889 0.40178125 0.1165625 0.49996875 0.1165625 0.49996875 0.01732638888888889
5 0.39959375 0.10913194444444445 0.29465625 0.10913194444444445 0.29465625 0.32989583333333333 0.39959375 0.32989583333333333 0.39959375 0.10913194444444445
5 0.404 0.560486111111111 0.296875 0.560486111111111 0.296875 0.9945138888888889 0.404 0.9945138888888889 0.404 0.560486111111111
5 0.8953125 1 0.8953125 0.5781597222222222 0.8015625 0.5781597222222222 0.8015625 1 0.8953125 1
5 0.40931249999999997 0.12152777777777778 0.40708124999999995 0.3397847222222222 0.9945812500000001 0.3397847222222222 0.9945812500000001 0 0.8021687500000001 0.0024791666666666664 0.8044 0.11656944444444445 0.40931249999999997 0.12152777777777778
5 0.8080624999999999 0.02232638888888889 0.6986875 0.02232638888888889 0.6986875 0.1165625 0.8080624999999999 0.1165625 0.8080624999999999 0.02232638888888889
7 0.625 0 0.625 0.06944444444444445 0.700875 0.06944444444444445 0.700875 0 0.625 0
5 0.79909375 1 0.79909375 0.5580555555555555 0.40403124999999995 0.5580555555555555 0.40403124999999995 1 0.79909375 1
2 0.49375 0.42496527777777776 0.409375 0.42496527777777776 0.409375 0.5078125 0.49375 0.5078125 0.49375 0.42496527777777776