2 0.4953125 0.5234375 0.4953125 0.4234375 0.4078125 0.4234375 0.4078125 0.5234375 0.4953125 0.5234375
5 0.3984375 0.6609375 0.3984375 0.2265625 0.3046875 0.2265625 0.3046875 0.24375000000000002 0.303125 0.24531250000000002 0.303125 0.6640625 0.3421875 0.6640625 0.34375 0.6625000000000001 0.359375 0.6625000000000001 0.3609375 0.6640625 0.396875 0.6640625 0.396875 0.6625000000000001 0.3984375 0.6609375
5 0.696875 0.6625000000000001 0.696875 0.22812500000000002 0.603125 0.22812500000000002 0.603125 0.6625000000000001 0.696875 0.6625000000000001
5 0.796875 0.3296875 0.796875 0.11562499999999999 0.7046875 0.11562499999999999 0.7046875 0.3296875 0.796875 0.3296875
5 0.8995562500000001 0.7688472222222222 0.89375 0.1171875 0.80625 0.1171875 0.8013375 0.6696458333333334 0.7075875 0.6646805555555555 0.70535625 0.7762916666666667 0.8995562500000001 0.7688472222222222
5 0.20089375 0.6671597222222222 0.196875 0.11249999999999999 0.103125 0.11249999999999999 0.103125 0.7671874999999999 0.30356875 0.7688472222222222 0.3013375 0.6671597222222222 0.20089375 0.6671597222222222
5 0.20046875000000003 0.3249652777777778 0.29690625000000004 0.3249652777777778 0.29690625000000004 0.11559027777777778 0.20046875000000003 0.11559027777777778 0.20046875000000003 0.3249652777777778
6 0.784375 0.4140625 0.784375 0.30937499999999996 0.7109375 0.30937499999999996 0.7109375 0.4140625 0.784375 0.4140625
5 1 0.0024652777777777776 0 0.0024652777777777776 0 0.11406250000000001 1 0.11406250000000001 1 0.0024652777777777776
5 0 0.9930555555555556 0.99375 0.9930555555555556 0.99375 0.11409027777777776 0.8973187499999999 0.11656944444444445 0.8995562500000001 0.7713263888888888 0.10044375000000001 0.7713263888888888 0.1049125 0.109125 0.0022312499999999997 0.109125 0 0.9930555555555556
8 0.37278125 0.2281597222222222 0.62721875 0.2281597222222222 0.62721875 0.11406250000000001 0.37278125 0.11406250000000001 0.37278125 0.2281597222222222
8 0.38165625 0.7787847222222222 0.61159375 0.7787847222222222 0.61159375 0.6621875 0.38165625 0.6621875 0.38165625 0.7787847222222222