2 0.5109375 0.5171874999999999 0.5125 0.51875 0.5921875 0.51875 0.5921875 0.43125 0.5109375 0.43125 0.5109375 0.5171874999999999
5 0.3078125 0.4390625 0.3078125 0.23281249999999998 0.2140625 0.23281249999999998 0.2140625 0.4390625 0.3078125 0.4390625
5 0.809375 0.44062500000000004 0.809375 0.23281249999999998 0.7171875 0.23281249999999998 0.7171875 0.44062500000000004 0.809375 0.44062500000000004
5 0.2089375 0.055833333333333325 0.1203125 0.055833333333333325 0.1203125 0.78125 0.2089375 0.78125 0.2089375 0.055833333333333325
5 1 0.78125 0.11609375 0.78125 0.11609375 0.8829166666666667 1 0.8829166666666667 1 0.78125
5 0.00625 0 0.00625 0.9930555555555556 1 0.9930555555555556 1 0.8829375 0.11606875000000001 0.8829375 0.1205375 0 0.00625 0
5 0.31475 0.0025 0.125 0.0025 0.125 0.052083333333333336 0.31475 0.052083333333333336 0.31475 0.0025
5 0.30359375 0.06447916666666667 0.21878125 0.06447916666666667 0.21878125 0.2256597222222222 0.30359375 0.2256597222222222 0.30359375 0.06447916666666667
5 0.40625 0.00003472222222222222 0.31475 0.00003472222222222222 0.31475 0.10913194444444445 0.40625 0.10913194444444445 0.40625 0.00003472222222222222
5 0.80584375 0.05954861111111111 0.71653125 0.05954861111111111 0.71653125 0.22572916666666668 0.80584375 0.22572916666666668 0.80584375 0.05954861111111111
5 0.90625 0.05454861111111112 0.8125 0.05454861111111112 0.8125 0.5505902777777778 0.90625 0.5505902777777778 0.90625 0.05454861111111112
5 1 0.45385416666666667 0.9085000000000001 0.45385416666666667 0.9085000000000001 0.5480902777777777 1 0.5480902777777777 1 0.45385416666666667
5 1 0.33729166666666666 0.9129687499999999 0.33729166666666666 0.9129687499999999 0.43895833333333334 1 0.43895833333333334 1 0.33729166666666666
5 0.6205375 0.09920833333333333 0.71651875 0.109125 0.71651875 0.05704166666666667 0.90625 0.052083333333333336 0.90625 0.0024791666666666664 0.6183062500000001 0 0.6205375 0.09920833333333333