5 0.5078125 0.44843750000000004 0.5078125 0.6656249999999999 0.890625 0.6656249999999999 0.890625 0.44843750000000004 0.5078125 0.44843750000000004
7 0.7125 0.09687499999999999 0.7125 0.17812499999999998 0.7859375 0.17812499999999998 0.7859375 0.09687499999999999 0.7125 0.09687499999999999
2 0.4921875 0.528125 0.49375 0.5265625 0.49375 0.41874999999999996 0.4015625 0.41874999999999996 0.4015625 0.528125 0.4921875 0.528125
5 0 0.66875 0.053125 0.66875 0.0546875 0.6671875 0.29375 0.6671875 0.2953125 0.6656249999999999 0.296875 0.6656249999999999 0.296875 0.44218749999999996 0 0.44218749999999996 0 0.66875
6 0.4 0 0.4 0.08281250000000001 0.4984375 0.08281250000000001 0.4984375 0 0.4 0
5 0.9015625 0.003125 0.9015625 0.6656249999999999 0.99375 0.6656249999999999 0.99375 0.003125 0.9015625 0.003125
12 0.99378125 0.6734722222222222 0.00784375 0.6734722222222222 0.00784375 0.9930555555555556 0.99378125 0.9930555555555556 0.99378125 0.6734722222222222
6 0.396875 0.08746527777777778 0.3 0.08746527777777778 0.3 0.1953125 0.396875 0.1953125 0.396875 0.08746527777777778
7 0.5890625 0.09687499999999999 0.5109375 0.09687499999999999 0.5109375 0.17812499999999998 0.5890625 0.17812499999999998 0.5890625 0.09687499999999999
7 0.68909375 0.09840277777777778 0.61253125 0.09840277777777778 0.61253125 0.17965277777777777 0.68909375 0.17965277777777777 0.68909375 0.09840277777777778
5 0.79978125 0.11875000000000001 0.5012187499999999 0.11875000000000001 0.5012187499999999 0.2627777777777778 0.79978125 0.2627777777777778 0.79978125 0.11875000000000001
5 0.09378125000000001 0.0015625 0.0015937500000000001 0.0015625 0.0015937500000000001 0.03746527777777778 0.09378125000000001 0.03746527777777778 0.09378125000000001 0.0015625
5 0.2921875 0.0015625 0.1046875 0.0015625 0.1046875 0.0359375 0.2921875 0.0359375 0.2921875 0.0015625