5 0.19375 0.6609375 0.19375 0.45156250000000003 0.00625 0.45156250000000003 0.00625 0.6609375 0.19375 0.6609375
5 0.696875 0.9930555555555556 0.696875 0.7828124999999999 0.6046875 0.7828124999999999 0.6046875 0.9930555555555556 0.696875 0.9930555555555556
5 0.7953125 0.9930555555555556 0.7953125 0.78125 0.703125 0.78125 0.703125 0.9930555555555556 0.7953125 0.9930555555555556
2 0.596875 0.5203125 0.596875 0.4203125 0.5046875 0.4203125 0.5046875 0.5203125 0.596875 0.5203125
5 0.6015625 0.3265625 0.6015625 0.22499999999999998 0.5 0.22499999999999998 0.5 0.3265625 0.6015625 0.3265625
5 0.60625 0.22343749999999998 0.60625 0.43437499999999996 0.6078125 0.4359375 0.6078125 0.4375 0.99375 0.4375 0.99375 0.22343749999999998 0.60625 0.22343749999999998
5 0.3984375 0.3296875 0.3984375 0.22499999999999998 0.00625 0.22499999999999998 0.00625 0.3296875 0.3984375 0.3296875
5 0.9921875 0.6640625 0.9921875 0.5625 0.6015625 0.5625 0.6015625 0.6640625 0.9921875 0.6640625
5 0.196875 0.9930555555555556 0.196875 0.78125 0.1 0.78125 0.1 0.9930555555555556 0.196875 0.9930555555555556
5 0.0984375 0.9930555555555556 0.0984375 0.78125 0.00625 0.78125 0.00625 0.9930555555555556 0.0984375 0.9930555555555556
1 0.4984375 0.30937499999999996 0.4984375 0.22499999999999998 0.403125 0.22499999999999998 0.403125 0.30937499999999996 0.4984375 0.30937499999999996
5 0.996875 0.21718749999999998 0.996875 0.004687500000000001 0.00625 0.004687500000000001 0.00625 0.21718749999999998 0.996875 0.21718749999999998
6 0.8046875 0.41718750000000004 0.8046875 0.5234375 0.896875 0.5234375 0.896875 0.415625 0.80625 0.415625 0.8046875 0.41718750000000004