0 1 0 0.00446875 0 0.00446875 0.9126736111111112 1 0.9126736111111112 1 0
2 0.4921875 0.5218750000000001 0.49375 0.5203125 0.49375 0.428125 0.40625 0.428125 0.40625 0.5218750000000001 0.4921875 0.5218750000000001
8 0.3859375 0.66875 0.3859375 0.5859375 0.3140625 0.5859375 0.3140625 0.66875 0.3859375 0.66875
5 0.99375 0.06875 0.99375 0.0234375 0.896875 0.0234375 0.896875 0.06875 0.99375 0.06875
5 0.00471875 0.9125000000000001 0.19578125 0.9125000000000001 0.19578125 0.8069444444444445 0.00471875 0.8069444444444445 0.00471875 0.9125000000000001
5 0.39734375 0.9176736111111112 0.5000312499999999 0.9176736111111112 0.5000312499999999 0.7044097222222222 0.39734375 0.7044097222222222 0.39734375 0.9176736111111112
5 0.5044375 0.9102083333333333 0.5981875 0.9102083333333333 0.5981875 0.7018749999999999 0.5044375 0.7018749999999999 0.5044375 0.9102083333333333
5 0.7120625 0.9102430555555555 0.8080624999999999 0.9102430555555555 0.8080624999999999 0.8135069444444444 0.7120625 0.8135069444444444 0.7120625 0.9102430555555555
5 0 0.8085347222222222 0.19643125 0.8035694444444444 0.19866250000000002 0.9127013888888889 0.39955625 0.9226180555555555 0.39731875 0.6994027777777778 0.00669375 0.6894861111111111 0 0.8085347222222222
5 0.79910625 0.8060486111111111 0.79910625 0.7068472222222222 0.6004437499999999 0.6969236111111111 0.6004437499999999 0.9127013888888889 0.70535625 0.9027777777777778 0.7098187499999999 0.7986111111111112 0.79910625 0.8060486111111111
5 0.81473125 0.9127013888888889 0.99375 0.9176597222222223 0.99375 0.8035694444444444 0.90401875 0.8060486111111111 0.8839312500000001 0.047125 0.8058062500000001 0.11904861111111112 0.81473125 0.9127013888888889
5 1 0.9201388888888888 0 0.9201388888888888 0 1 1 1 1 0.9201388888888888