8 0.6171875 0.4499652777777778 0.3765625 0.4499652777777778 0.3765625 0.5530902777777778 0.6171875 0.5530902777777778 0.6171875 0.4499652777777778
6 0.696875 0.1953125 0.603125 0.1953125 0.603125 0.3062152777777778 0.696875 0.3062152777777778 0.696875 0.1953125
5 0.89375 0.0015625 0.50625 0.0015625 0.50625 0.21871527777777777 0.89375 0.21871527777777777 0.89375 0.0015625
6 0.4953125 0.0015972222222222223 0.4015625 0.0015972222222222223 0.4015625 0.08284722222222222 0.4953125 0.08284722222222222 0.4953125 0.0015972222222222223
6 0.18909375 0.18906250000000002 0.11253125 0.18906250000000002 0.11253125 0.3046875 0.18909375 0.3046875 0.18909375 0.18906250000000002
1 0.29015625 0.22072916666666667 0.20759375000000002 0.22072916666666667 0.20759375000000002 0.3323263888888889 0.29015625 0.3323263888888889 0.29015625 0.22072916666666667
5 0.29684374999999996 0.004965277777777778 0.10490625 0.004965277777777778 0.10490625 0.17114583333333333 0.29684374999999996 0.17114583333333333 0.29684374999999996 0.004965277777777778
5 0.296875 0.16125 0.200875 0.16125 0.200875 0.22819444444444445 0.296875 0.22819444444444445 0.296875 0.16125
5 0.203125 0.32989583333333333 0.096 0.32989583333333333 0.096 0.43899305555555557 0.203125 0.43899305555555557 0.203125 0.32989583333333333
5 0.301375 0.34225694444444443 0.205375 0.34225694444444443 0.205375 0.43899305555555557 0.301375 0.43899305555555557 0.301375 0.34225694444444443
5 0 0 0 0.6671597222222222 0.99375 0.6671597222222222 0.99375 0 0.9017875 0.0024791666666666664 0.8995562500000001 0.5605138888888889 0.09598124999999999 0.5580347222222222 0.10044375000000001 0 0 0
2 0.49534374999999997 0.41715277777777776 0.40315625 0.41715277777777776 0.40315625 0.5296527777777778 0.49534374999999997 0.5296527777777778 0.49534374999999997 0.41715277777777776
12 1 0.6672222222222222 0 0.6672222222222222 0 1 1 1 1 0.6672222222222222