5 0 0 0 0.9930555555555556 0.20089375 0.9930555555555556 0.19866250000000002 0.109125 0.99375 0.109125 0.99375 0 0 0
5 0.99378125 0.11249999999999999 0.80159375 0.11249999999999999 0.80159375 0.16875 0.99378125 0.16875 0.99378125 0.11249999999999999
5 0.39846875000000004 0.11249999999999999 0.20315625 0.11249999999999999 0.20315625 0.16875 0.39846875000000004 0.16875 0.39846875000000004 0.11249999999999999
5 0.79909375 0.11406250000000001 0.39953125 0.11406250000000001 0.39953125 0.3323263888888889 0.79909375 0.3323263888888889 0.79909375 0.11406250000000001
1 0.39284375 0.6671180555555556 0.30353125 0.6671180555555556 0.30353125 0.7837152777777778 0.39284375 0.7837152777777778 0.39284375 0.6671180555555556
5 0.39734375 0.16864583333333333 0.20090625 0.16864583333333333 0.20090625 0.3323263888888889 0.39734375 0.3323263888888889 0.39734375 0.16864583333333333
5 1 0.1711111111111111 0.8035937499999999 0.1711111111111111 0.8035937499999999 0.3298611111111111 1 0.3298611111111111 1 0.1711111111111111
5 0.99375 0.44690972222222225 0.603125 0.44690972222222225 0.603125 0.6640625 0.99375 0.6640625 0.99375 0.44690972222222225
6 0.5937812499999999 0.41718750000000004 0.50471875 0.41718750000000004 0.50471875 0.5280902777777778 0.5937812499999999 0.5280902777777778 0.5937812499999999 0.41718750000000004
2 0.49221875 0.41718750000000004 0.40628125 0.41718750000000004 0.40628125 0.5280902777777778 0.49221875 0.5280902777777778 0.49221875 0.41718750000000004
6 0.2921875 0.6343402777777778 0.2109375 0.6343402777777778 0.2109375 0.7484375000000001 0.2921875 0.7484375000000001 0.2921875 0.6343402777777778
8 0.7171875 0.8937499999999999 0.4859375 0.8937499999999999 0.4859375 0.9930555555555556 0.7171875 0.9930555555555556 0.7171875 0.8937499999999999
5 0.39734375 0.44149305555555557 0.20090625 0.44149305555555557 0.20090625 0.6051736111111111 0.39734375 0.6051736111111111 0.39734375 0.44149305555555557
5 0.39284375 0.6126041666666667 0.30803125 0.6126041666666667 0.30803125 0.6721180555555555 0.39284375 0.6721180555555555 0.39284375 0.6126041666666667
5 0.3973125 0.7862152777777778 0.3058125 0.7862152777777778 0.3058125 0.8804513888888889 0.3973125 0.8804513888888889 0.3973125 0.7862152777777778
5 0.30584375 0.78375 0.20090625 0.78375 0.20090625 0.8904166666666666 0.30584375 0.8904166666666666 0.30584375 0.78375
6 0.796875 0.6390625000000001 0.703125 0.6390625000000001 0.703125 0.7499652777777778 0.796875 0.7499652777777778 0.796875 0.6390625000000001