5 0.3953125 0.684375 0.3953125 0.47812499999999997 0.003125 0.47812499999999997 0.003125 0.684375 0.3953125 0.684375
2 0.4953125 0.5218750000000001 0.4953125 0.4203125 0.40625 0.4203125 0.40625 0.5218750000000001 0.4953125 0.5218750000000001
5 0.99375 0.684375 0.99375 0.47812499999999997 0.6046875 0.47812499999999997 0.6046875 0.684375 0.99375 0.684375
6 0.1109375 0.33125000000000004 0.1125 0.3296875 0.1890625 0.3296875 0.1890625 0.2265625 0.109375 0.2265625 0.109375 0.33125000000000004 0.1109375 0.33125000000000004
6 0.6890625 0.22343749999999998 0.6890625 0.12031249999999999 0.6125 0.12031249999999999 0.6125 0.22343749999999998 0.6890625 0.22343749999999998
8 0.5984375 0.6921875 0.6 0.690625 0.6 0.5953124999999999 0.4 0.5953124999999999 0.4 0.6921875 0.5984375 0.6921875
5 0.040625 0.13906249999999998 0.0421875 0.1375 0.05 0.1375 0.0515625 0.1359375 0.06875 0.1359375 0.0703125 0.1375 0.090625 0.1375 0.0921875 0.13906249999999998 0.1015625 0.13906249999999998 0.103125 0.1375 0.13125 0.1375 0.1328125 0.13906249999999998 0.5140625 0.13906249999999998 0.515625 0.1375 0.5203125 0.1375 0.521875 0.13906249999999998 0.55625 0.13906249999999998 0.5578125 0.1375 0.565625 0.1375 0.5671875 0.1359375 0.5703125 0.1359375 0.571875 0.13437500000000002 0.5796875 0.13437500000000002 0.58125 0.1359375 0.59375 0.1359375 0.5953125 0.1375 0.596875 0.1375 0.5984375 0.1359375 0.6265625 0.1359375 0.628125 0.13437500000000002 0.63125 0.13437500000000002 0.6328125 0.1328125 0.6359375 0.1328125 0.6375 0.13124999999999998 0.65 0.13124999999999998 0.6515625 0.1296875 0.653125 0.1296875 0.6546875 0.13124999999999998 0.665625 0.13124999999999998 0.6671875 0.1328125 0.6703125 0.1328125 0.671875 0.13437500000000002 0.6828125 0.13437500000000002 0.684375 0.1359375 0.6875 0.1359375 0.6890625 0.1375 0.6984375 0.1375 0.7 0.13906249999999998 0.703125 0.13906249999999998 0.7046875 0.1375 0.709375 0.1375 0.7109375 0.1359375 0.728125 0.1359375 0.7296875 0.1375 0.734375 0.1375 0.7359375 0.13906249999999998 0.815625 0.13906249999999998 0.8171875 0.1375 0.834375 0.1375 0.8359375 0.13906249999999998 0.9046875 0.13906249999999998 0.90625 0.1375 0.9109375 0.1375 0.9125 0.13906249999999998 0.915625 0.13906249999999998 0.9171875 0.1375 0.9234375 0.1375 0.925 0.13906249999999998 0.9921875 0.13906249999999998 0.9921875 0.0359375 0.0046875 0.0359375 0.0046875 0.13906249999999998 0.040625 0.13906249999999998
8 0.296875 0.028124999999999997 0.296875 0.0015625 0.2015625 0.0015625 0.2015625 0.028124999999999997 0.296875 0.028124999999999997
5 0.99375 0.9930555555555556 0.99375 0.7 0.003125 0.7 0.003125 0.9930555555555556 0.99375 0.9930555555555556
8 0.4984375 0.026562500000000003 0.4984375 0.0015625 0.4015625 0.0015625 0.4015625 0.026562500000000003 0.4984375 0.026562500000000003
5 0.69375 0.026562500000000003 0.6953125 0.025 0.6984375 0.025 0.6984375 0.0015625 0.6015625 0.0015625 0.6015625 0.026562500000000003 0.69375 0.026562500000000003
8 0.6953125 0.026562500000000003 0.696875 0.025 0.7 0.025 0.7 0.0015625 0.6015625 0.0015625 0.6015625 0.026562500000000003 0.6953125 0.026562500000000003