5 0.428125 0.4359375 0.4296875 0.43437499999999996 0.4546875 0.43437499999999996 0.45625 0.43281250000000004 0.4609375 0.43281250000000004 0.4625 0.43125 0.4640625 0.43125 0.465625 0.43281250000000004 0.4671875 0.43281250000000004 0.46875 0.43437499999999996 0.4703125 0.43437499999999996 0.471875 0.4359375 0.690625 0.4359375 0.6921875 0.43437499999999996 0.6921875 0.3453125 0.4078125 0.3453125 0.4078125 0.4359375 0.428125 0.4359375
5 0.8921875 0.6625000000000001 0.8921875 0.58125 0.89375 0.5796874999999999 0.89375 0.5578125 0.8015625 0.5578125 0.8015625 0.6625000000000001 0.8921875 0.6625000000000001
1 0.79375 0.44062500000000004 0.79375 0.4375 0.7953125 0.4359375 0.7953125 0.33281249999999996 0.7046875 0.33281249999999996 0.7046875 0.44062500000000004 0.79375 0.44062500000000004
2 0.48125 0.5249999999999999 0.4828125 0.5234375 0.4890625 0.5234375 0.4890625 0.421875 0.40625 0.421875 0.40625 0.5249999999999999 0.48125 0.5249999999999999
5 0.890625 0.8859375 0.8921875 0.8843749999999999 0.8921875 0.78125 0.803125 0.78125 0.803125 0.8859375 0.890625 0.8859375
5 0.890625 0.44218749999999996 0.8921875 0.44062500000000004 0.8921875 0.3359375 0.80625 0.3359375 0.80625 0.44218749999999996 0.890625 0.44218749999999996
8 0.890625 0.22031250000000002 0.890625 0.1328125 0.8890625 0.13124999999999998 0.8890625 0.12656250000000002 0.809375 0.12656250000000002 0.809375 0.22031250000000002 0.890625 0.22031250000000002
4 0.99375 0.7749999999999999 0.99375 0.6703125000000001 0.8984375 0.6703125000000001 0.8984375 0.7749999999999999 0.99375 0.7749999999999999
4 0.99375 0.5531250000000001 0.99375 0.44843750000000004 0.8984375 0.44843750000000004 0.8984375 0.5531250000000001 0.99375 0.5531250000000001
4 0.99375 0.328125 0.99375 0.22499999999999998 0.9 0.22499999999999998 0.9 0.328125 0.99375 0.328125
4 0.99375 0.9930555555555556 0.99375 0.8937499999999999 0.8984375 0.8937499999999999 0.8984375 0.9930555555555556 0.99375 0.9930555555555556
5 0 0 0 0.9930555555555556 0.19643125 0.9930555555555556 0.19419375 0.21577083333333336 0.796875 0.21577083333333336 0.8169625 0.11904861111111112 0.8816937499999999 0.11904861111111112 0.9017875 0.21329166666666666 0.99375 0.19840972222222222 0.99375 0 0 0