0 0 0 0 0.8829166666666667 1 0.8829166666666667 1 0 0 0
2 0.5109375 0.4203125 0.5109375 0.51875 0.5125 0.5203125 0.5125 0.5218750000000001 0.5921875 0.5218750000000001 0.5921875 0.4203125 0.5109375 0.4203125
8 0.346875 0.6421874999999999 0.346875 0.5562499999999999 0.2765625 0.5562499999999999 0.2765625 0.6421874999999999 0.346875 0.6421874999999999
5 0.934375 0.028124999999999997 0.9328125 0.029687500000000002 0.9328125 0.03125 0.93125 0.032812499999999994 0.93125 0.034375 0.928125 0.037500000000000006 0.9265625 0.037500000000000006 0.9140625 0.05 0.9125 0.05 0.8921875 0.0703125 0.890625 0.0703125 0.8859375 0.07500000000000001 0.8859375 0.0765625 0.88125 0.08124999999999999 0.88125 0.08281250000000001 0.875 0.08906249999999999 0.875 0.09375 0.8734375 0.0953125 0.8734375 0.09687499999999999 0.86875 0.1015625 0.86875 0.103125 0.8671875 0.10468749999999999 0.8671875 0.10625000000000001 0.865625 0.1078125 0.865625 0.11249999999999999 0.8640625 0.11406250000000001 0.8640625 0.128125 0.8625 0.1296875 0.8625 0.140625 0.8609375 0.14218750000000002 0.8609375 0.8875 0.996875 0.8875 0.996875 0.7796875000000001 0.9953125 0.778125 0.990625 0.778125 0.9890625 0.7765625 0.9765625 0.7765625 0.975 0.7749999999999999 0.971875 0.7749999999999999 0.9703125 0.7734375 0.96875 0.7734375 0.965625 0.7703125 0.965625 0.76875 0.9640625 0.7671874999999999 0.9640625 0.70625 0.965625 0.7046874999999999 0.965625 0.6937500000000001 0.9640625 0.6921875 0.9640625 0.6499999999999999 0.965625 0.6484375 0.965625 0.6421874999999999 0.9640625 0.640625 0.9640625 0.6031249999999999 0.965625 0.6015625 0.965625 0.5687500000000001 0.9640625 0.5671875 0.9640625 0.5578125 0.965625 0.5562499999999999 0.965625 0.5421875 0.9671875 0.5406249999999999 0.9671875 0.5328124999999999 0.965625 0.53125 0.965625 0.5203125 0.9640625 0.51875 0.9640625 0.5 0.965625 0.49843750000000003 0.965625 0.48593749999999997 0.9671875 0.484375 0.9671875 0.47187500000000004 0.965625 0.47031249999999997 0.965625 0.453125 0.9640625 0.45156250000000003 0.9640625 0.44999999999999996 0.965625 0.44843750000000004 0.965625 0.43437499999999996 0.9671875 0.43281250000000004 0.9671875 0.41718750000000004 0.965625 0.415625 0.965625 0.3734375 0.9671875 0.37187499999999996 0.9671875 0.36250000000000004 0.965625 0.3609375 0.965625 0.31875 0.9671875 0.31718749999999996 0.9671875 0.3109375 0.965625 0.30937499999999996 0.965625 0.29374999999999996 0.9640625 0.29218750000000004 0.9640625 0.27031249999999996 0.965625 0.26875000000000004 0.965625 0.24375000000000002 0.9640625 0.2421875 0.9640625 0.21250000000000002 0.965625 0.2109375 0.965625 0.18593749999999998 0.9640625 0.184375 0.9640625 0.153125 0.965625 0.1515625 0.965625 0.14375 0.9640625 0.14218750000000002 0.9640625 0.12031249999999999 0.9625 0.11875000000000001 0.9625 0.0703125 0.9609375 0.06875 0.9609375 0.045312500000000006 0.959375 0.04375 0.959375 0.029687500000000002 0.9578125 0.028124999999999997 0.9578125 0.0234375 0.95625 0.021875 0.95625 0.018750000000000003 0.9546875 0.0171875 0.946875 0.0171875 0.9453125 0.018750000000000003 0.94375 0.018750000000000003 0.9421875 0.020312499999999997 0.940625 0.020312499999999997 0.934375 0.026562500000000003 0.934375 0.028124999999999997
1 0.6625 0.215625 0.6640625 0.21718749999999998 0.7625 0.21718749999999998 0.7625 0.12031249999999999 0.6625 0.12031249999999999 0.6625 0.215625
5 0.16675 0.6687847222222223 0.053125 0.6687847222222223 0.053125 0.8844097222222222 0.16675 0.8844097222222222 0.16675 0.6687847222222223
5 0.053593749999999996 0.6696527777777779 0.00003125 0.6696527777777779 0.00003125 0.8804861111111112 0.053593749999999996 0.8804861111111112 0.053593749999999996 0.6696527777777779
5 0.25221875 0.6770486111111111 0.16740625 0.6770486111111111 0.16740625 0.8804513888888889 0.25221875 0.8804513888888889 0.25221875 0.6770486111111111
5 1 0.8903819444444445 0.00625 0.8903819444444445 0.00625 1 1 1 1 0.8903819444444445
5 0.654 0.7762847222222222 0.46875 0.7762847222222222 0.46875 0.8878819444444445 0.654 0.8878819444444445 0.654 0.7762847222222222
5 0.25669375 0.6696458333333334 0.25223125 0.8928541666666666 0.45981875 0.8953402777777778 0.45981875 0.7762916666666667 0.65625 0.7837291666666667 0.65625 0.6622013888888889 0.25669375 0.6696458333333334
5 0.65401875 0.6572430555555555 0.6517875 0.7738125 0.76785625 0.7713263888888888 0.7589312500000001 0.8878958333333333 0.8526812500000001 0.890375 0.85714375 0.6795625 0.65401875 0.6572430555555555
5 0.76784375 0.7688888888888888 0.65403125 0.7688888888888888 0.65403125 0.8879166666666667 0.76784375 0.8879166666666667 0.76784375 0.7688888888888888