5 0.503125 0.44843750000000004 0.5046875 0.44843750000000004 0.5125 0.44062500000000004 0.5125 0.4390625 0.5140625 0.4375 0.5140625 0.42500000000000004 0.5171875 0.421875 0.51875 0.421875 0.5203125 0.4203125 0.528125 0.4203125 0.5296875 0.421875 0.53125 0.4203125 0.534375 0.4203125 0.5359375 0.421875 0.540625 0.421875 0.5421875 0.4234375 0.5765625 0.4234375 0.578125 0.42500000000000004 0.5796875 0.42500000000000004 0.5828125 0.428125 0.5828125 0.4296875 0.584375 0.43125 0.584375 0.43281250000000004 0.5859375 0.43437499999999996 0.5859375 0.4375 0.5875 0.4390625 0.5875 0.44062500000000004 0.5890625 0.44218749999999996 0.5890625 0.44375 0.5921875 0.44687499999999997 0.59375 0.44687499999999997 0.5953125 0.44843750000000004 0.5984375 0.44843750000000004 0.6 0.44999999999999996 0.6015625 0.44999999999999996 0.603125 0.45156250000000003 0.6046875 0.45156250000000003 0.6171875 0.4390625 0.6171875 0.4375 0.61875 0.4359375 0.61875 0.43437499999999996 0.6203125 0.43281250000000004 0.6203125 0.43125 0.6234375 0.428125 0.625 0.428125 0.628125 0.42500000000000004 0.6296875 0.42500000000000004 0.63125 0.4234375 0.671875 0.4234375 0.6734375 0.42500000000000004 0.675 0.42500000000000004 0.6765625 0.42656249999999996 0.678125 0.42656249999999996 0.6796875 0.428125 0.68125 0.428125 0.6828125 0.4296875 0.69375 0.4296875 0.69375 0.3359375 0.4078125 0.3359375 0.4078125 0.45781249999999996 0.4984375 0.45781249999999996 0.4984375 0.453125 0.503125 0.44843750000000004
5 0.00003125 0.9999652777777778 0.30084374999999997 0.9999652777777778 0.30084374999999997 0.001840277777777778 0.00003125 0.001840277777777778 0.00003125 0.9999652777777778
5 0.3078125 0.8859722222222222 0.6921875 0.8859722222222222 0.6921875 0.6734722222222222 0.3078125 0.6734722222222222 0.3078125 0.8859722222222222
5 0.9062187500000001 0.8875347222222223 0.99840625 0.8875347222222223 0.99840625 0.6719097222222222 0.9062187500000001 0.6719097222222222 0.9062187500000001 0.8875347222222223
1 0.9062187500000001 0.259375 0.99840625 0.259375 0.99840625 0.11090277777777778 0.9062187500000001 0.11090277777777778 0.9062187500000001 0.259375
1 0.7109062500000001 0.10468749999999999 0.89371875 0.10468749999999999 0.89371875 0.0015625 0.7109062500000001 0.0015625 0.7109062500000001 0.10468749999999999
5 0.9015625 0.10784722222222222 0.9984375 0.10784722222222222 0.9984375 0.009375000000000001 0.9015625 0.009375000000000001 0.9015625 0.10784722222222222
5 0.309375 0.22027777777777777 0.6875 0.22027777777777777 0.6875 0.00625 0.309375 0.00625 0.309375 0.22027777777777777
6 0.7 0.3046875 0.803125 0.3046875 0.803125 0.20156249999999998 0.7 0.20156249999999998 0.7 0.3046875
7 0.5109375 0.3984375 0.5890625 0.3984375 0.5890625 0.3218402777777778 0.5109375 0.3218402777777778 0.5109375 0.3984375
6 0.6046875 0.5280902777777778 0.6953125 0.5280902777777778 0.6953125 0.4234375 0.6046875 0.4234375 0.6046875 0.5280902777777778
2 0.509375 0.5265277777777777 0.59375 0.5265277777777777 0.59375 0.4202777777777778 0.509375 0.4202777777777778 0.509375 0.5265277777777777