5 0.6046875 0.21875 0.6046875 0.11406250000000001 0.4 0.11406250000000001 0.4 0.215625 0.4015625 0.215625 0.403125 0.21718749999999998 0.46875 0.21718749999999998 0.4703125 0.21875 0.6046875 0.21875
9 0.5125 0.44218749999999996 0.5140625 0.44375 0.5203125 0.44375 0.521875 0.44218749999999996 0.5375 0.44218749999999996 0.5390625 0.44375 0.54375 0.44375 0.5453125 0.44218749999999996 0.5484375 0.44218749999999996 0.55 0.44375 0.59375 0.44375 0.59375 0.3421875 0.4953125 0.3421875 0.4953125 0.44218749999999996 0.4984375 0.44218749999999996 0.5 0.44375 0.509375 0.44375 0.5109375 0.44218749999999996 0.5125 0.44218749999999996
5 0.3953125 0.4375 0.3953125 0.1078125 0.303125 0.1078125 0.303125 0.4375 0.3953125 0.4375
5 0.89375 0.4375 0.89375 0.1109375 0.803125 0.1109375 0.803125 0.4375 0.89375 0.4375
6 0.8640625 0.659375 0.8640625 0.5562499999999999 0.7890625 0.5562499999999999 0.7890625 0.659375 0.8640625 0.659375
6 0.596875 0.30156249999999996 0.596875 0.20156249999999998 0.5015625 0.20156249999999998 0.5015625 0.30156249999999996 0.596875 0.30156249999999996
5 0.296875 0.9930555555555556 0.296875 0.784375 0.0984375 0.784375 0.0984375 0.9930555555555556 0.296875 0.9930555555555556
5 0.8 0.334375 0.8 0.11562499999999999 0.615625 0.11562499999999999 0.615625 0.334375 0.8 0.334375
5 0.3 0.33281249999999996 0.3 0.11562499999999999 0.1109375 0.11562499999999999 0.1109375 0.33281249999999996 0.3 0.33281249999999996
5 0.8 0.4390625 0.8 0.3453125 0.6 0.3453125 0.6 0.4390625 0.8 0.4390625
2 0.5953125 0.4203125 0.503125 0.4203125 0.503125 0.5234375 0.5046875 0.5249999999999999 0.50625 0.5249999999999999 0.5078125 0.5265625 0.5953125 0.5265625 0.5953125 0.4203125
5 0.3 0.44062500000000004 0.3 0.3453125 0.00625 0.3453125 0.00625 0.44062500000000004 0.3 0.44062500000000004
5 0.4 0.4359375 0.4 0.4375 0.4015625 0.4390625 0.490625 0.4390625 0.490625 0.3421875 0.3984375 0.3421875 0.3984375 0.41718750000000004 0.4 0.41874999999999996 0.4 0.421875 0.3984375 0.4234375 0.3984375 0.43437499999999996 0.4 0.4359375
5 0.9 0.9930555555555556 0.9 0.78125 0.7015625 0.78125 0.7015625 0.9930555555555556 0.9 0.9930555555555556
8 0.6171875 0.9930555555555556 0.6171875 0.8968750000000001 0.384375 0.8968750000000001 0.384375 0.9930555555555556 0.6171875 0.9930555555555556
5 0.103125 0.21875 0.103125 0.11406250000000001 0.00625 0.11406250000000001 0.00625 0.21875 0.103125 0.21875
5 0.00625 0 0.00625 0.109375 0.015625 0.109375 0.0171875 0.1109375 0.0671875 0.1109375 0.06875 0.109375 0.125 0.109375 0.1265625 0.1109375 0.209375 0.1109375 0.2109375 0.109375 0.2890625 0.109375 0.290625 0.1078125 0.3140625 0.1078125 0.315625 0.109375 0.3234375 0.109375 0.325 0.1078125 0.34375 0.1078125 0.3453125 0.10625000000000001 0.3703125 0.10625000000000001 0.371875 0.1078125 0.3828125 0.1078125 0.384375 0.10625000000000001 0.3953125 0.10625000000000001 0.396875 0.1078125 0.403125 0.1078125 0.4046875 0.109375 0.4546875 0.109375 0.45625 0.1109375 0.58125 0.1109375 0.5828125 0.109375 0.6140625 0.109375 0.615625 0.1109375 0.696875 0.1109375 0.6984375 0.109375 0.7 0.1109375 0.7046875 0.1109375 0.70625 0.109375 0.7875 0.109375 0.7890625 0.1078125 0.809375 0.1078125 0.8109375 0.109375 0.890625 0.109375 0.8921875 0.1109375 0.89375 0.1109375 0.8953125 0.11249999999999999 0.8953125 0.1171875 0.896875 0.11875000000000001 0.896875 0.13906249999999998 0.8953125 0.140625 0.8953125 0.16562500000000002 0.896875 0.1671875 0.896875 0.31875 0.8953125 0.3203125 0.8953125 0.321875 0.896875 0.32343750000000004 0.896875 0.328125 0.8953125 0.3296875 0.8953125 0.4390625 0.896875 0.44062500000000004 0.896875 0.44375 0.8984375 0.4453125 0.8984375 0.44999999999999996 0.9 0.45156250000000003 0.9 0.453125 0.8984375 0.45468749999999997 0.8984375 0.48593749999999997 0.9 0.48750000000000004 0.9 0.5249999999999999 0.8984375 0.5265625 0.8984375 0.5406249999999999 0.896875 0.5421875 0.896875 0.5687500000000001 0.8953125 0.5703125 0.8953125 0.5734375 0.896875 0.575 0.896875 0.6171875 0.8953125 0.6187499999999999 0.8953125 0.7124999999999999 0.896875 0.7140625 0.896875 0.746875 0.8984375 0.7484375000000001 0.8984375 0.8109375000000001 0.9 0.8125 0.9 0.8421875000000001 0.9015625 0.84375 0.9015625 0.8515625 0.9 0.8531249999999999 0.9 0.8656250000000001 0.9015625 0.8671875 0.9015625 0.9930555555555556 1 0.9930555555555556 1 0 0.00625 0
6 0.40178125 0.5332291666666666 0.29684374999999996 0.5332291666666666 0.29684374999999996 0.6473263888888889 0.40178125 0.6473263888888889 0.40178125 0.5332291666666666