5 0.2984375 0.7671874999999999 0.2984375 0.5640624999999999 0.1078125 0.5640624999999999 0.1078125 0.7671874999999999 0.2984375 0.7671874999999999
2 0.4921875 0.5218750000000001 0.4921875 0.43281250000000004 0.49375 0.43125 0.49375 0.4234375 0.4046875 0.4234375 0.4046875 0.5218750000000001 0.4921875 0.5218750000000001
6 0.290625 0.5234375 0.290625 0.41874999999999996 0.2109375 0.41874999999999996 0.2109375 0.5234375 0.290625 0.5234375
8 0.8046875 0.10625000000000001 0.80625 0.10468749999999999 0.89375 0.10468749999999999 0.89375 0.0015625 0.803125 0.0015625 0.803125 0.10625000000000001 0.8046875 0.10625000000000001
6 0.3890625 0.8546875 0.3890625 0.7671874999999999 0.303125 0.7671874999999999 0.303125 0.8546875 0.3890625 0.8546875
6 0.59375 0.5234375 0.59375 0.42656249999999996 0.5078125 0.42656249999999996 0.5078125 0.5234375 0.59375 0.5234375
6 0.1921875 0.5218750000000001 0.1953125 0.51875 0.1953125 0.4203125 0.1109375 0.4203125 0.1109375 0.5218750000000001 0.1921875 0.5218750000000001
5 0.696875 0.9930555555555556 0.696875 0.890625 0.103125 0.890625 0.103125 0.9930555555555556 0.696875 0.9930555555555556
8 0.30584375 0.11204861111111113 0.39665625000000004 0.11204861111111113 0.39665625000000004 0.00003472222222222222 0.30584375 0.00003472222222222222 0.30584375 0.11204861111111113
5 0.40418750000000003 0.33055555555555555 0.4991875 0.33055555555555555 0.4991875 0.16944444444444443 0.40418750000000003 0.16944444444444443 0.40418750000000003 0.33055555555555555
5 0.30246875 0.3314930555555555 0.39915625 0.3314930555555555 0.39915625 0.11850694444444446 0.30246875 0.11850694444444446 0.30246875 0.3314930555555555
5 0.20334375 0.3314930555555555 0.30003125 0.3314930555555555 0.30003125 0.16850694444444445 0.20334375 0.16850694444444445 0.20334375 0.3314930555555555
5 0.20249999999999999 0.21759027777777776 0.20249999999999999 0.16852083333333334 0.30166875000000004 0.16852083333333334 0.3025 0.11759027777777778 0.09833125000000001 0.12129861111111111 0.10083125 0.21852083333333333 0.20249999999999999 0.21759027777777776
5 0.6224999999999999 0 0.62416875 0.11296527777777778 0.40166874999999996 0.11388888888888887 0.40083125 0.16852083333333334 0.50083125 0.16852083333333334 0.50166875 0.2222222222222222 0.62083125 0.22129861111111113 0.62166875 0.7787013888888888 0.67916875 0.7759236111111112 0.67916875 0 0.6224999999999999 0
5 1 0.001840277777777778 0.8983437500000001 0.001840277777777778 0.8983437500000001 0.9944097222222221 1 0.9944097222222221 1 0.001840277777777778
5 0 0 0.0008312500000000001 0.9930555555555556 0.09916875 0.9930555555555556 0.09833125000000001 0.11852083333333334 0.30333125 0.11759027777777778 0.3025 0 0 0