9 0.50575 0.3405902777777778 0.403125 0.3405902777777778 0.403125 0.4437152777777778 0.50575 0.4437152777777778 0.50575 0.3405902777777778
5 0.60084375 0.3421527777777778 0.50553125 0.3421527777777778 0.50553125 0.44062500000000004 0.60084375 0.44062500000000004 0.60084375 0.3421527777777778
5 0.7015625 0.784375 0.7015625 0.9930555555555556 0.8984375 0.9930555555555556 0.8984375 0.784375 0.7015625 0.784375
2 0.403125 0.41718750000000004 0.403125 0.5265625 0.4921875 0.5265625 0.4921875 0.41718750000000004 0.403125 0.41718750000000004
5 0.603125 0.1109375 0.603125 0.4390625 0.696875 0.4390625 0.696875 0.1109375 0.603125 0.1109375
5 0.0984375 0.78125 0.0984375 0.9930555555555556 0.2984375 0.9930555555555556 0.2984375 0.78125 0.0984375 0.78125
8 0.3828125 0.8968750000000001 0.3828125 0.9921875 0.61875 0.9921875 0.61875 0.8968750000000001 0.3828125 0.8968750000000001
5 0.203125 0.33125000000000004 0.2046875 0.33281249999999996 0.3890625 0.33281249999999996 0.3890625 0.11406250000000001 0.1984375 0.11406250000000001 0.1984375 0.33281249999999996 0.2 0.33281249999999996 0.2015625 0.33125000000000004 0.203125 0.33125000000000004
5 0.6984375 0.11562499999999999 0.6984375 0.33281249999999996 0.89375 0.33281249999999996 0.89375 0.11562499999999999 0.6984375 0.11562499999999999
5 0.703125 0.34375 0.703125 0.44375 0.99375 0.44375 0.99375 0.34375 0.703125 0.34375
5 0.1984375 0.34375 0.1984375 0.44218749999999996 0.4015625 0.44218749999999996 0.4015625 0.34375 0.1984375 0.34375
6 0.5046875 0.41718750000000004 0.5046875 0.5265625 0.59375 0.5265625 0.59375 0.5249999999999999 0.5953125 0.5234375 0.5953125 0.41718750000000004 0.5046875 0.41718750000000004
5 0.55 0.22031250000000002 0.5515625 0.21875 0.553125 0.21875 0.5546875 0.22031250000000002 0.5765625 0.22031250000000002 0.578125 0.21875 0.6 0.21875 0.6 0.11406250000000001 0.396875 0.11406250000000001 0.396875 0.22031250000000002 0.55 0.22031250000000002
6 0.403125 0.2 0.403125 0.30156249999999996 0.4984375 0.30156249999999996 0.4984375 0.2 0.403125 0.2
6 0.209375 0.6609375 0.2109375 0.659375 0.2109375 0.5578125 0.134375 0.5578125 0.134375 0.6609375 0.209375 0.6609375
5 0.896875 0.11562499999999999 0.896875 0.21875 0.99375 0.21875 0.99375 0.11562499999999999 0.896875 0.11562499999999999
5 0.1 0.11562499999999999 0.1 0.4375 0.196875 0.4375 0.196875 0.11562499999999999 0.1 0.11562499999999999
5 0 0 0.0010125 0.9930555555555556 0.0983125 0.9930555555555556 0.10641875 0.10893055555555556 0.99375 0.10735416666666667 0.9929062500000001 0 0 0