2 0.59375 0.5234375 0.59375 0.42500000000000004 0.5046875 0.42500000000000004 0.5046875 0.5234375 0.59375 0.5234375
6 0.390625 0.1359375 0.390625 0.032812499999999994 0.3109375 0.032812499999999994 0.3109375 0.1359375 0.390625 0.1359375
6 0.0125 0.029687500000000002 0.0125 0.0546875 0.0109375 0.056249999999999994 0.0109375 0.1359375 0.0875 0.1359375 0.0875 0.029687500000000002 0.0125 0.029687500000000002
6 0.0890625 0.46718750000000003 0.0890625 0.3609375 0.0109375 0.3609375 0.0109375 0.46718750000000003 0.0890625 0.46718750000000003
6 0.6875 0.3578125 0.6875 0.2578125 0.6015625 0.2578125 0.6015625 0.3578125 0.6875 0.3578125
5 0.89375 0.3140625 0.89375 0.31562500000000004 0.8953125 0.31718749999999996 0.8953125 0.32499999999999996 0.89375 0.3265625 0.89375 0.40937500000000004 0.8921875 0.41093749999999996 0.8921875 0.4296875 0.890625 0.43125 0.890625 0.5390625 0.8921875 0.5406249999999999 0.8921875 0.565625 0.89375 0.5671875 0.89375 0.578125 0.8953125 0.5796874999999999 0.8953125 0.6046875 0.896875 0.60625 0.896875 0.6265624999999999 0.8984375 0.628125 0.8984375 0.6468750000000001 0.9 0.6484375 0.9 0.828125 0.8953125 0.8328125 0.8921875 0.8328125 0.890625 0.8343750000000001 0.8734375 0.8343750000000001 0.871875 0.8328125 0.8359375 0.8328125 0.834375 0.83125 0.2875 0.83125 0.2859375 0.8328125 0.26875 0.8328125 0.2671875 0.83125 0.084375 0.83125 0.0828125 0.8328125 0.0328125 0.8328125 0.03125 0.8343750000000001 0.00625 0.8343750000000001 0.00625 0.9930555555555556 1 0.9930555555555556 0.996875 0.004687500000000001 0.8953125 0.004687500000000001 0.8953125 0.0125 0.89375 0.014062499999999999 0.89375 0.018750000000000003 0.8953125 0.020312499999999997 0.8953125 0.3125 0.89375 0.3140625
6 0.609375 0 0.609375 0.025 0.690625 0.025 0.690625 0 0.609375 0
5 0.28790625 0.3872222222222222 0.20534375 0.3872222222222222 0.20534375 0.6077777777777778 0.28790625 0.6077777777777778 0.28790625 0.3872222222222222
5 0.19196875 0.38690972222222225 0.10940625 0.38690972222222225 0.10940625 0.6051736111111111 0.19196875 0.6051736111111111 0.19196875 0.38690972222222225
5 0.29240625 0.00003472222222222222 0.20309375 0.00003472222222222222 0.20309375 0.38940972222222225 0.29240625 0.38940972222222225 0.29240625 0.00003472222222222222
5 0.19415625 0.00003472222222222222 0.09596875 0.00003472222222222222 0.09596875 0.38940972222222225 0.19415625 0.38940972222222225 0.19415625 0.00003472222222222222
5 0.794625 0.38940972222222225 0.700875 0.38940972222222225 0.700875 0.6076736111111111 0.794625 0.6076736111111111 0.794625 0.38940972222222225
5 0.794625 0.00003472222222222222 0.703125 0.00003472222222222222 0.703125 0.38690972222222225 0.794625 0.38690972222222225 0.794625 0.00003472222222222222
5 0.8906562499999999 0.00003472222222222222 0.8035937499999999 0.00003472222222222222 0.8035937499999999 0.38940972222222225 0.8906562499999999 0.38940972222222225 0.8906562499999999 0.00003472222222222222
5 0.8910937499999999 0.3881597222222222 0.80828125 0.3881597222222222 0.80828125 0.6062847222222223 0.8910937499999999 0.6062847222222223 0.8910937499999999 0.3881597222222222