0 0.8928750000000001 1 0.8928750000000001 0.8333333333333334 0.703125 0.8333333333333334 0.703125 1 0.8928750000000001 1
0 0.79465625 0.2256597222222222 0.59821875 0.2256597222222222 0.59821875 0.34225694444444443 0.79465625 0.34225694444444443 0.79465625 0.2256597222222222
0 0.59151875 0.9930555555555556 0.5892875 0.828375 0.39955625 0.8258958333333334 0.39285625 0.4588263888888889 0.59375 0.45386805555555554 0.59598125 0.3372986111111111 0.29464375 0.3422638888888889 0.29464375 0.9920625 0.59151875 0.9930555555555556
2 0.59375 0.5234375 0.59375 0.4203125 0.5109375 0.4203125 0.5109375 0.5234375 0.59375 0.5234375
6 0.709375 0.41093749999999996 0.7109375 0.4125 0.790625 0.4125 0.790625 0.30937499999999996 0.709375 0.30937499999999996 0.709375 0.41093749999999996
0 1 0.5829861111111111 0.50625 0.5829861111111111 0.50625 0.6876736111111111 1 0.6876736111111111 1 0.5829861111111111
5 0.9984375 0.328125 0.9984375 0.22812500000000002 0.80625 0.22812500000000002 0.80625 0.328125 0.9984375 0.328125
0 0.9984375 0.44843750000000004 0.9984375 0.334375 0.8 0.334375 0.8 0.44843750000000004 0.9984375 0.44843750000000004
5 0.9953125 0.12027777777777778 0.2046875 0.12027777777777778 0.2046875 0.21875 0.9953125 0.21875 0.9953125 0.12027777777777778
6 0.9875 0.4203125 0.90625 0.4203125 0.90625 0.5234375 0.9875 0.5234375 0.9875 0.4203125
6 0.59215625 0.8984375 0.50621875 0.8984375 0.50621875 0.9718402777777777 0.59215625 0.9718402777777777 0.59215625 0.8984375
0 1 0.5927430555555556 0.5 0.5927430555555556 0.5 0.6696180555555555 1 0.6696180555555555 1 0.5927430555555556
5 0.19866250000000002 0.9930555555555556 0.3013375 0.9930555555555556 0.296875 0.32738194444444446 0.5982125 0.32490277777777776 0.59598125 0.22321527777777778 0.19196249999999998 0.22569444444444445 0.19866250000000002 0.9930555555555556
5 0.00625 0 0.00625 0.9930555555555556 0.19643125 0.9930555555555556 0.19643125 0.11656944444444445 0.9910687499999999 0.11409027777777776 1 0 0.00625 0