5 0.4609375 0.1296875 0.459375 0.13124999999999998 0.453125 0.13124999999999998 0.446875 0.1375 0.4421875 0.1375 0.440625 0.13906249999999998 0.4390625 0.13906249999999998 0.434375 0.14375 0.43125 0.14375 0.4296875 0.1453125 0.428125 0.1453125 0.425 0.1484375 0.4234375 0.1484375 0.421875 0.15000000000000002 0.4203125 0.15000000000000002 0.41875 0.1515625 0.4171875 0.1515625 0.4125 0.15625 0.409375 0.15625 0.40625 0.159375 0.40625 0.2671875 0.4078125 0.2671875 0.409375 0.26875000000000004 0.4125 0.26875000000000004 0.4140625 0.27031249999999996 0.415625 0.27031249999999996 0.4171875 0.271875 0.4203125 0.271875 0.425 0.27656250000000004 0.425 0.27812499999999996 0.4265625 0.2796875 0.4265625 0.28125 0.428125 0.2828125 0.428125 0.2875 0.4296875 0.2890625 0.4296875 0.3140625 0.43125 0.31562500000000004 0.43125 0.31875 0.4328125 0.3203125 0.4328125 0.321875 0.4359375 0.321875 0.4375 0.32343750000000004 0.503125 0.32343750000000004 0.5046875 0.321875 0.5046875 0.23281249999999998 0.50625 0.23124999999999998 0.50625 0.22968750000000002 0.5109375 0.22499999999999998 0.5125 0.22499999999999998 0.5140625 0.22343749999999998 0.590625 0.22343749999999998 0.59375 0.2265625 0.59375 0.3203125 0.596875 0.32343750000000004 0.9609375 0.32343750000000004 0.9625 0.321875 0.965625 0.321875 0.965625 0.3203125 0.9671875 0.31875 0.9671875 0.31562500000000004 0.96875 0.3140625 0.96875 0.3125 0.9703125 0.3109375 0.9703125 0.30781250000000004 0.971875 0.30625 0.971875 0.2890625 0.9734375 0.2875 0.9734375 0.2796875 0.975 0.27812499999999996 0.975 0.27656250000000004 0.978125 0.2734375 0.9796875 0.2734375 0.98125 0.271875 0.9828125 0.271875 0.984375 0.27031249999999996 0.9890625 0.27031249999999996 0.990625 0.26875000000000004 0.99375 0.26875000000000004 0.99375 0.2671875 0.99375 0.159375 0.99375 0.15781250000000002 0.9921875 0.15781250000000002 0.990625 0.15625 0.9890625 0.15625 0.984375 0.1515625 0.9828125 0.1515625 0.98125 0.15000000000000002 0.978125 0.15000000000000002 0.9765625 0.1484375 0.975 0.1484375 0.971875 0.1453125 0.9703125 0.1453125 0.96875 0.14375 0.965625 0.14375 0.9640625 0.14218750000000002 0.9625 0.14218750000000002 0.959375 0.13906249999999998 0.9578125 0.13906249999999998 0.95625 0.1375 0.953125 0.1375 0.9484375 0.1328125 0.946875 0.1328125 0.9453125 0.13124999999999998 0.9421875 0.13124999999999998 0.940625 0.1296875 0.9390625 0.1296875 0.9359375 0.12656250000000002 0.934375 0.12656250000000002 0.9328125 0.125 0.9296875 0.125 0.928125 0.12343749999999999 0.9265625 0.12343749999999999 0.9234375 0.12031249999999999 0.921875 0.12031249999999999 0.9203125 0.11875000000000001 0.91875 0.11875000000000001 0.9171875 0.1171875 0.9140625 0.1171875 0.9109375 0.11406250000000001 0.4890625 0.11406250000000001 0.484375 0.11875000000000001 0.4796875 0.11875000000000001 0.478125 0.12031249999999999 0.4765625 0.12031249999999999 0.471875 0.125 0.46875 0.125 0.4671875 0.12656250000000002 0.465625 0.12656250000000002 0.4625 0.1296875 0.4609375 0.1296875
5 0.19375 0.33125000000000004 0.1953125 0.3296875 0.1953125 0.003125 0.0015625 0.003125 0.0015625 0.334375 0.0296875 0.334375 0.03125 0.33281249999999996 0.0859375 0.33281249999999996 0.0875 0.334375 0.1 0.334375 0.1015625 0.33281249999999996 0.1171875 0.33281249999999996 0.11875 0.33125000000000004 0.19375 0.33125000000000004
8 0.9140625 0.6765625 0.9140625 0.7671874999999999 0.984375 0.7671874999999999 0.9859375 0.765625 0.9859375 0.6765625 0.9140625 0.6765625
8 0.584375 0.32343750000000004 0.584375 0.23281249999999998 0.515625 0.23281249999999998 0.515625 0.32343750000000004 0.584375 0.32343750000000004
2 0.4890625 0.5234375 0.4890625 0.41874999999999996 0.4125 0.41874999999999996 0.4125 0.5234375 0.4890625 0.5234375
10 0.79375 0.7734375 0.79375 0.7250000000000001 0.503125 0.7250000000000001 0.503125 0.7734375 0.79375 0.7734375
4 0.196875 0.6078125000000001 0.196875 0.5578125 0.0015625 0.5578125 0.0015625 0.6078125000000001 0.196875 0.6078125000000001
5 0.8546875 0.575 0.853125 0.5765625000000001 0.8515625 0.5765625000000001 0.846875 0.58125 0.8421875 0.58125 0.840625 0.5828125 0.8390625 0.5828125 0.834375 0.5874999999999999 0.8328125 0.5874999999999999 0.83125 0.5890625 0.8296875 0.5890625 0.8265625 0.5921875000000001 0.825 0.5921875000000001 0.8234375 0.59375 0.8203125 0.59375 0.8140625 0.6000000000000001 0.809375 0.6000000000000001 0.8078125 0.6015625 0.80625 0.6015625 0.8046875 0.6031249999999999 0.8046875 0.7124999999999999 0.80625 0.7124999999999999 0.8078125 0.7140625 0.8109375 0.7140625 0.8125 0.715625 0.815625 0.715625 0.8171875 0.7171875000000001 0.8203125 0.7171875000000001 0.825 0.721875 0.825 0.7234375 0.8265625 0.7250000000000001 0.8265625 0.7296875 0.828125 0.73125 0.828125 0.7578125 0.8296875 0.7593749999999999 0.8296875 0.7625 0.83125 0.7640625000000001 0.83125 0.765625 0.8328125 0.7671874999999999 0.8796875 0.7671874999999999 0.88125 0.76875 0.8953125 0.76875 0.896875 0.7671874999999999 0.9015625 0.7671874999999999 0.9046875 0.7640625000000001 0.9046875 0.6781250000000001 0.90625 0.6765625 0.90625 0.675 0.909375 0.671875 0.9109375 0.671875 0.9140625 0.66875 0.9265625 0.66875 0.928125 0.6703125000000001 0.934375 0.6703125000000001 0.9359375 0.66875 0.9546875 0.66875 0.95625 0.6671875 0.9859375 0.6671875 0.9875 0.66875 0.9890625 0.66875 0.99375 0.6734374999999999 0.99375 0.5578125 0.8875 0.5578125 0.884375 0.5609375000000001 0.8828125 0.5609375000000001 0.88125 0.5625 0.878125 0.5625 0.871875 0.5687500000000001 0.8671875 0.5687500000000001 0.865625 0.5703125 0.8640625 0.5703125 0.859375 0.575 0.8546875 0.575
8 0.0921875 0.33281249999999996 0.0921875 0.23124999999999998 0.0078125 0.23124999999999998 0.0078125 0.33281249999999996 0.0921875 0.33281249999999996
5 0.3015625 0 0.29464375 0.8854166666666666 0 0.8928541666666666 0 0.9930555555555556 0.39955625 0.9930555555555556 0.396875 0 0.3015625 0
6 0.096875 0.41093749999999996 0.096875 0.328125 0.0046875 0.328125 0.0046875 0.41093749999999996 0.096875 0.41093749999999996
0 0.19643125 0 0.19196249999999998 0.6076388888888888 0 0.6076388888888888 0 0.890375 0.29464375 0.8829375 0.28794375 0 0.19643125 0