5 0.2015625 0.16565972222222222 0.4953125 0.16565972222222222 0.4953125 0.018784722222222223 0.2015625 0.018784722222222223 0.2015625 0.16565972222222222
2 0.509375 0.41874999999999996 0.509375 0.5296875000000001 0.596875 0.5296875000000001 0.596875 0.41874999999999996 0.509375 0.41874999999999996
8 0.7183125 1 0.7183125 0.88875 0.47406249999999994 0.88875 0.47406249999999994 1 0.7183125 1
6 0.9046875 0.6530902777777778 0.9953125 0.6530902777777778 0.9953125 0.5374652777777778 0.9046875 0.5374652777777778 0.9046875 0.6530902777777778
6 0.81090625 0.8734375000000001 0.88746875 0.8734375000000001 0.88746875 0.7640625000000001 0.81090625 0.7640625000000001 0.81090625 0.8734375000000001
6 0.19996875 0.8719097222222223 0.29840625 0.8719097222222223 0.29840625 0.7687847222222222 0.19996875 0.7687847222222222 0.19996875 0.8719097222222223
5 0.10778125000000001 0.5672222222222223 0.49371875000000004 0.5672222222222223 0.49371875000000004 0.3547222222222222 0.10778125000000001 0.3547222222222222 0.10778125000000001 0.5672222222222223
5 0.70465625 0.5671527777777778 0.9999687500000001 0.5671527777777778 0.9999687500000001 0.353125 0.70465625 0.353125 0.70465625 0.5671527777777778
7 0.21246874999999998 0.0796875 0.28903124999999996 0.0796875 0.28903124999999996 0.0015625 0.21246874999999998 0.0015625 0.21246874999999998 0.0796875
7 0.3109375 0.08121527777777778 0.3890625 0.08121527777777778 0.3890625 0.0015625 0.3109375 0.0015625 0.3109375 0.08121527777777778
7 0.41090625000000003 0.08121527777777778 0.49059375000000005 0.08121527777777778 0.49059375000000005 0.0015625 0.41090625000000003 0.0015625 0.41090625000000003 0.08121527777777778
6 0.603125 0.09687499999999999 0.7 0.09687499999999999 0.7 0.0015972222222222223 0.603125 0.0015972222222222223 0.603125 0.09687499999999999
5 0 0 0 1 0.10162500000000001 1 0.10162500000000001 0 0 0