5 0.6026875 0.7167708333333334 0.6964375 0.7167708333333334 0.6964375 0.6225347222222222 0.6026875 0.6225347222222222 0.6026875 0.7167708333333334
6 0.40337500000000004 0.3749652777777778 0.49400000000000005 0.3749652777777778 0.49400000000000005 0.2640625 0.40337500000000004 0.2640625 0.40337500000000004 0.3749652777777778
2 0.503125 0.5296875000000001 0.59375 0.5296875000000001 0.59375 0.41878472222222224 0.503125 0.41878472222222224 0.503125 0.5296875000000001
5 0.00621875 0.49687499999999996 0.39528125 0.49687499999999996 0.39528125 0.27812499999999996 0.00621875 0.27812499999999996 0.00621875 0.49687499999999996
6 0.203125 0.7094097222222222 0.296875 0.7094097222222222 0.296875 0.6000347222222222 0.203125 0.6000347222222222 0.203125 0.7094097222222222
8 0.28590625 0.8312152777777777 0.5155937500000001 0.8312152777777777 0.5155937500000001 0.7265625 0.28590625 0.7265625 0.28590625 0.8312152777777777
6 0.7109062500000001 0.5984722222222223 0.78746875 0.5984722222222223 0.78746875 0.48597222222222225 0.7109062500000001 0.48597222222222225 0.7109062500000001 0.5984722222222223
5 0.6015625 0.4155902777777778 0.7953125 0.4155902777777778 0.7953125 0.2796875 0.6015625 0.2796875 0.6015625 0.4155902777777778
5 0.6 0.16253472222222223 0.79375 0.16253472222222223 0.79375 0.003159722222222222 0.6 0.003159722222222222 0.6 0.16253472222222223
5 0.00625 0.16409722222222223 0.19375 0.16409722222222223 0.19375 0.003125 0.00625 0.003125 0.00625 0.16409722222222223
5 0.1964375 0.16864583333333333 0.6004375 0.16864583333333333 0.6004375 0.0024652777777777776 0.1964375 0.0024652777777777776 0.1964375 0.16864583333333333
5 1 0.0024791666666666664 0.79464375 0.004958333333333333 0.79910625 0.8358125 0.00625 0.8333333333333334 0.00625 0.9930555555555556 1 0.9930555555555556 1 0.0024791666666666664
5 0.6919375 0.5059722222222223 0.8013125000000001 0.5059722222222223 0.8013125000000001 0.4191666666666667 0.6919375 0.4191666666666667 0.6919375 0.5059722222222223
5 0.611625 0.5034375 0.68975 0.5034375 0.68975 0.4439236111111111 0.611625 0.4439236111111111 0.611625 0.5034375
1 0.60490625 0.6175347222222222 0.68971875 0.6175347222222222 0.68971875 0.5059375 0.60490625 0.5059375 0.60490625 0.6175347222222222
5 0.69415625 0.7217013888888889 0.79909375 0.7217013888888889 0.79909375 0.6126041666666667 0.69415625 0.6126041666666667 0.69415625 0.7217013888888889