0 0.9999687500000001 0.00003472222222222222 0.29865624999999996 0.00003472222222222222 0.29865624999999996 0.9844097222222222 0.9999687500000001 0.9844097222222222 0.9999687500000001 0.00003472222222222222
2 0.590625 0.5359375 0.590625 0.41874999999999996 0.5078125 0.41874999999999996 0.5078125 0.5359375 0.590625 0.5359375
5 0.321875 0.359375 0.3203125 0.3609375 0.3171875 0.3609375 0.315625 0.36250000000000004 0.3078125 0.36250000000000004 0.30625 0.36406249999999996 0.3046875 0.36406249999999996 0.3046875 0.365625 0.303125 0.3671875 0.303125 0.36875 0.3015625 0.37031250000000004 0.3015625 0.3765625 0.3 0.37812500000000004 0.3 0.7796875000000001 0.3015625 0.78125 0.3015625 0.7828124999999999 0.4921875 0.7828124999999999 0.4921875 0.78125 0.49375 0.7796875000000001 0.49375 0.6312500000000001 0.4953125 0.6296875 0.4953125 0.6265624999999999 0.49375 0.625 0.49375 0.6000000000000001 0.4953125 0.5984375 0.4953125 0.575 0.496875 0.5734375 0.496875 0.39375000000000004 0.4953125 0.3921875 0.4953125 0.38749999999999996 0.49375 0.38593750000000004 0.49375 0.3828125 0.490625 0.37968749999999996 0.490625 0.37812500000000004 0.4859375 0.3734375 0.484375 0.3734375 0.4828125 0.37187499999999996 0.4828125 0.37031250000000004 0.4734375 0.3609375 0.471875 0.3609375 0.46875 0.3578125 0.4671875 0.3578125 0.465625 0.35624999999999996 0.4640625 0.3578125 0.4609375 0.3578125 0.4578125 0.3609375 0.4578125 0.36250000000000004 0.45625 0.36406249999999996 0.45625 0.365625 0.4546875 0.3671875 0.4546875 0.36875 0.453125 0.37031250000000004 0.453125 0.3734375 0.4515625 0.375 0.4515625 0.46249999999999997 0.45 0.46406250000000004 0.45 0.46562499999999996 0.4515625 0.46718750000000003 0.4515625 0.47500000000000003 0.45 0.4765625 0.45 0.47812499999999997 0.4515625 0.47968750000000004 0.4515625 0.5 0.45 0.5015624999999999 0.45 0.58125 0.4484375 0.5828125 0.4484375 0.6343749999999999 0.446875 0.6359375 0.446875 0.6671875 0.4484375 0.66875 0.4484375 0.7015625000000001 0.446875 0.703125 0.446875 0.7109375 0.4453125 0.7124999999999999 0.4453125 0.7140625 0.440625 0.71875 0.3671875 0.71875 0.365625 0.7171875000000001 0.3625 0.7171875000000001 0.35625 0.7109375 0.35625 0.7046874999999999 0.3546875 0.703125 0.3546875 0.6984375 0.35625 0.6968749999999999 0.35625 0.6937500000000001 0.3546875 0.6921875 0.3546875 0.6390625000000001 0.35625 0.6375 0.35625 0.49843750000000003 0.3546875 0.49687499999999996 0.3546875 0.4921875 0.35625 0.49062500000000003 0.35625 0.47500000000000003 0.3546875 0.47343749999999996 0.3546875 0.44218749999999996 0.353125 0.44062500000000004 0.353125 0.41874999999999996 0.3515625 0.41718750000000004 0.3515625 0.3890625 0.353125 0.38749999999999996 0.353125 0.38125 0.3515625 0.37968749999999996 0.3515625 0.3671875 0.35 0.365625 0.35 0.3609375 0.3484375 0.359375 0.3484375 0.3578125 0.3453125 0.35468750000000004 0.3328125 0.35468750000000004 0.33125 0.35624999999999996 0.328125 0.35624999999999996 0.3265625 0.3578125 0.325 0.3578125 0.3234375 0.359375 0.321875 0.359375
6 0.590625 0.9718749999999999 0.590625 0.859375 0.5265625 0.859375 0.5265625 0.9718749999999999 0.590625 0.9718749999999999
5 0.30580625 0 0.30356875 0.3199375 0.4955375 0.3224236111111111 0.49776875 0 0.4486625 0.004958333333333333 0.453125 0.2752986111111111 0.3392875 0.2777777777777778 0.34375 0 0.30580625 0
5 0.65625 0.12152777777777778 0.6473187499999999 0.2777777777777778 0.5401812500000001 0.2827361111111111 0.54910625 0.12152777777777778 0.5066937499999999 0.1488125 0.50223125 0.3298611111111111 0.6986625 0.3224236111111111 0.6986625 0.15625 0.65625 0.12152777777777778
5 1 0.2827361111111111 0.7455375 0.2827361111111111 0.7410687499999999 0.1264861111111111 0.70089375 0.1661736111111111 0.703125 0.33481944444444445 1 0.3372986111111111 1 0.2827361111111111
5 0.49996875 1 0.49996875 0.7961111111111111 0.44865625 0.7961111111111111 0.44865625 1 0.49996875 1
5 0.3504375 1 0.3504375 0.78375 0.3013125 0.78375 0.3013125 1 0.3504375 1
5 0.47096875000000005 0.7539930555555556 0.34153125 0.7539930555555556 0.34153125 0.8110069444444444 0.47096875000000005 0.8110069444444444 0.47096875000000005 0.7539930555555556
5 0.471 0.3100347222222222 0.332625 0.3100347222222222 0.332625 0.37204861111111115 0.471 0.37204861111111115 0.471 0.3100347222222222
5 1 0.0967361111111111 0.73884375 0.0967361111111111 0.73884375 0.14631944444444445 1 0.14631944444444445 1 0.0967361111111111
5 0.6651875 0.09670138888888889 0.5401875 0.09670138888888889 0.5401875 0.14385416666666667 0.6651875 0.14385416666666667 0.6651875 0.09670138888888889
5 0 0 0 1 0.29240625 1 0.29240625 0 0 0