1 0.22999999999999998 0.43520833333333336 0.3725 0.43520833333333336 0.3725 0.33243055555555556 0.22999999999999998 0.33243055555555556 0.22999999999999998 0.43520833333333336
1 0.42334375 0.4417013888888889 0.57165625 0.4417013888888889 0.57165625 0.34260416666666665 0.42334375 0.34260416666666665 0.42334375 0.4417013888888889
6 0.765625 0.746875 0.765625 0.6421874999999999 0.6828125 0.6421874999999999 0.6828125 0.746875 0.765625 0.746875
5 0.7234375 0.5484374999999999 0.725 0.55 0.7375 0.55 0.7390625 0.5484374999999999 0.75625 0.5484374999999999 0.7578125 0.55 0.7640625 0.55 0.765625 0.5484374999999999 0.7703125 0.5484374999999999 0.7703125 0.1640625 0.6796875 0.1640625 0.6796875 0.5484374999999999 0.7234375 0.5484374999999999
5 0.96875 0.5484374999999999 0.96875 0.453125 0.78125 0.453125 0.78125 0.5484374999999999 0.96875 0.5484374999999999
8 0.5953125 0.9930555555555556 0.5953125 0.8859375 0.3515625 0.8859375 0.3515625 0.9930555555555556 0.5953125 0.9930555555555556
5 0.5328125 0.21875 0.534375 0.21718749999999998 0.6734375 0.21718749999999998 0.6765625 0.2140625 0.6765625 0.1953125 0.675 0.19374999999999998 0.675 0.16562500000000002 0.678125 0.16249999999999998 0.6796875 0.16249999999999998 0.68125 0.1609375 0.765625 0.1609375 0.7671875 0.16249999999999998 0.76875 0.16249999999999998 0.771875 0.16562500000000002 0.771875 0.215625 0.7734375 0.21718749999999998 0.9078125 0.21718749999999998 0.909375 0.21875 0.98125 0.21875 0.98125 0.15000000000000002 0.9796875 0.1484375 0.9796875 0.1453125 0.98125 0.14375 0.98125 0.1109375 0.17333125 0.10833333333333334 0.175 0.21852083333333333 0.5328125 0.21875
5 0.96875 0.9930555555555556 0.96875 0.9125000000000001 0.890625 0.9125000000000001 0.890625 0.9930555555555556 0.96875 0.9930555555555556
5 0.8671875 0.8859375 0.8671875 0.784375 0.7890625 0.784375 0.7890625 0.8859375 0.8671875 0.8859375
5 0.99375 0 0 0 0.00625 0.9930555555555556 0.1734375 0.9930555555555556 0.1734375 0.8218749999999999 0.175 0.8203125 0.1734375 0.8187500000000001 0.1734375 0.8125 0.175 0.8109375000000001 0.175 0.8062499999999999 0.1734375 0.8046875 0.1734375 0.7796875000000001 0.175 0.778125 0.175 0.7437499999999999 0.1734375 0.7421875 0.1734375 0.7281249999999999 0.175 0.7265625 0.175 0.7171875000000001 0.1734375 0.715625 0.1734375 0.7140625 0.175 0.7124999999999999 0.175 0.7078125 0.1734375 0.70625 0.1734375 0.48593749999999997 0.175 0.484375 0.175 0.48281250000000003 0.1734375 0.48124999999999996 0.1734375 0.4390625 0.175 0.4375 0.175 0.4046875 0.1734375 0.40312499999999996 0.1734375 0.4 0.175 0.3984375 0.175 0.39531249999999996 0.1734375 0.39375000000000004 0.1734375 0.38749999999999996 0.175 0.38593750000000004 0.175 0.35624999999999996 0.1734375 0.35468750000000004 0.1734375 0.33281249999999996 0.175 0.33125000000000004 0.175 0.30937499999999996 0.1734375 0.30781250000000004 0.1734375 0.30625 0.175 0.3046875 0.175 0.30156249999999996 0.1734375 0.30000000000000004 0.1734375 0.11249999999999999 0.1765625 0.109375 0.2578125 0.109375 0.259375 0.1078125 0.278125 0.1078125 0.2796875 0.10625000000000001 0.2984375 0.10625000000000001 0.3 0.10468749999999999 0.30625 0.10468749999999999 0.3078125 0.10625000000000001 0.3625 0.10625000000000001 0.3640625 0.1078125 0.365625 0.1078125 0.3671875 0.10625000000000001 0.3984375 0.10625000000000001 0.4 0.1078125 0.44375 0.1078125 0.4453125 0.109375 0.490625 0.109375 0.4921875 0.1078125 0.5296875 0.1078125 0.53125 0.10625000000000001 0.625 0.10625000000000001 0.6265625 0.1078125 0.74375 0.1078125 0.7453125 0.109375 0.965625 0.109375 0.9671875 0.1109375 0.9703125 0.1109375 0.9734375 0.11406250000000001 0.9734375 0.2265625 0.975 0.22812500000000002 0.975 0.43125 0.9734375 0.43281250000000004 0.9734375 0.44218749999999996 0.971875 0.44375 0.971875 0.45156250000000003 0.9703125 0.453125 0.9703125 0.48906249999999996 0.96875 0.49062500000000003 0.96875 0.53125 0.9703125 0.5328124999999999 0.9703125 0.55 0.971875 0.5515625 0.971875 0.5546875 0.9734375 0.5562499999999999 0.9734375 0.5625 0.975 0.5640624999999999 0.975 0.5921875000000001 0.9765625 0.59375 0.9765625 0.6234375000000001 0.975 0.625 0.975 0.7296875 0.9765625 0.73125 0.9765625 0.7359374999999999 0.975 0.7375 0.975 0.7421875 0.9765625 0.7437499999999999 0.9765625 0.75 0.975 0.7515624999999999 0.975 0.7546875 0.9765625 0.7562500000000001 0.9765625 0.7609375 0.975 0.7625 0.975 0.7671874999999999 0.9765625 0.76875 0.9765625 0.7749999999999999 0.975 0.7765625 0.9765625 0.778125 0.9765625 0.878125 0.975 0.8796875 0.975 0.9234374999999999 0.9734375 0.9249999999999999 0.9734375 0.9484374999999999 0.975 0.9500000000000001 0.975 0.9781249999999999 0.9734375 0.9796874999999999 0.9734375 0.9930555555555556 0.99375 0.9930555555555556 0.99375 0
6 0.7875 0.4140972222222222 0.859375 0.4140972222222222 0.859375 0.3078472222222222 0.7875 0.3078472222222222 0.7875 0.4140972222222222
2 0.4125 0.5203125 0.49375 0.5203125 0.49375 0.4234375 0.4125 0.4234375 0.4125 0.5203125
1 0.23128125000000002 0.7765625 0.37346875 0.7765625 0.37346875 0.6648263888888889 0.23128125000000002 0.6648263888888889 0.23128125000000002 0.7765625
1 0.22415625 0.6639236111111111 0.36996875 0.6639236111111111 0.36996875 0.5620486111111112 0.22415625 0.5620486111111112 0.22415625 0.6639236111111111
6 0.28128125000000004 0.5250347222222222 0.37034375 0.5250347222222222 0.37034375 0.4234375 0.28128125000000004 0.4234375 0.28128125000000004 0.5250347222222222
1 0.43084375 0.3314930555555555 0.57165625 0.3314930555555555 0.57165625 0.22503472222222223 0.43084375 0.22503472222222223 0.43084375 0.3314930555555555
1 0.17581249999999998 0.3332986111111111 0.3208125 0.3332986111111111 0.3208125 0.2212847222222222 0.17581249999999998 0.2212847222222222 0.17581249999999998 0.3332986111111111