5 0.58125 0.51875 0.5765625 0.5234375 0.575 0.5234375 0.5734375 0.5249999999999999 0.5703125 0.5249999999999999 0.565625 0.5296875000000001 0.5640625 0.5296875000000001 0.5625 0.53125 0.5578125 0.53125 0.5515625 0.5375000000000001 0.546875 0.5375000000000001 0.5421875 0.5421875 0.540625 0.5421875 0.5390625 0.54375 0.534375 0.54375 0.5328125 0.5453125000000001 0.53125 0.5453125000000001 0.53125 0.546875 0.5296875 0.5484374999999999 0.528125 0.5484374999999999 0.5265625 0.55 0.5203125 0.55 0.5140625 0.5562499999999999 0.5078125 0.5562499999999999 0.503125 0.5609375000000001 0.503125 0.6656249999999999 0.50625 0.66875 0.50625 0.6703125000000001 0.5078125 0.671875 0.509375 0.671875 0.5109375 0.6734374999999999 0.515625 0.6734374999999999 0.5171875 0.675 0.5203125 0.675 0.5234375 0.6781250000000001 0.5234375 0.6796875 0.525 0.6812499999999999 0.525 0.6859375000000001 0.5265625 0.6875 0.5265625 0.6968749999999999 0.528125 0.6984375 0.528125 0.7046874999999999 0.5296875 0.70625 0.5296875 0.715625 0.53125 0.7171875000000001 0.53125 0.721875 0.5328125 0.7234375 0.5328125 0.7250000000000001 0.5359375 0.7250000000000001 0.5375 0.7265625 0.6046875 0.7265625 0.6046875 0.7250000000000001 0.60625 0.7234375 0.60625 0.70625 0.6046875 0.7046874999999999 0.6046875 0.6390625000000001 0.6140625 0.6296875 0.690625 0.6296875 0.69375 0.6328125 0.69375 0.7265625 0.8546875 0.7265625 0.85625 0.7250000000000001 0.859375 0.7250000000000001 0.8609375 0.7234375 0.865625 0.7234375 0.865625 0.721875 0.8671875 0.7203124999999999 0.8671875 0.7093750000000001 0.86875 0.7078125 0.86875 0.6968749999999999 0.8703125 0.6953125 0.8703125 0.6921875 0.871875 0.690625 0.871875 0.6859375000000001 0.8734375 0.684375 0.8734375 0.6796875 0.875 0.6781250000000001 0.875 0.6765625 0.8765625 0.675 0.878125 0.675 0.8796875 0.6734374999999999 0.88125 0.6734374999999999 0.8828125 0.671875 0.884375 0.671875 0.8875 0.66875 0.8890625 0.66875 0.8921875 0.6656249999999999 0.8921875 0.6625000000000001 0.89375 0.6609375 0.89375 0.5921875000000001 0.8953125 0.590625 0.8953125 0.58125 0.896875 0.5796874999999999 0.896875 0.5640624999999999 0.8953125 0.5640624999999999 0.890625 0.559375 0.8890625 0.559375 0.8859375 0.5562499999999999 0.88125 0.5562499999999999 0.8796875 0.5546875 0.878125 0.5546875 0.8734375 0.55 0.8703125 0.55 0.86875 0.5484374999999999 0.8671875 0.5484374999999999 0.8640625 0.5453125000000001 0.8625 0.5453125000000001 0.8609375 0.54375 0.8578125 0.54375 0.85625 0.5421875 0.8546875 0.5421875 0.853125 0.5406249999999999 0.8515625 0.5406249999999999 0.8484375 0.5375000000000001 0.8453125 0.5375000000000001 0.840625 0.5328124999999999 0.8390625 0.5328124999999999 0.8375 0.53125 0.8328125 0.53125 0.828125 0.5265625 0.8265625 0.5265625 0.825 0.5249999999999999 0.8203125 0.5249999999999999 0.81875 0.5234375 0.8171875 0.5234375 0.815625 0.5218750000000001 0.8140625 0.5218750000000001 0.8125 0.5203125 0.8109375 0.5203125 0.809375 0.51875 0.80625 0.51875 0.8046875 0.5171874999999999 0.803125 0.5171874999999999 0.8 0.5140625000000001 0.590625 0.5140625000000001 0.5875 0.5171874999999999 0.584375 0.5171874999999999 0.5828125 0.51875 0.58125 0.51875
2 0.4921875 0.42500000000000004 0.403125 0.42500000000000004 0.403125 0.5249999999999999 0.40625 0.528125 0.4921875 0.528125 0.4921875 0.42500000000000004
6 0.2078125 0.0015625 0.2078125 0.056249999999999994 0.284375 0.056249999999999994 0.284375 0.0015625 0.2078125 0.0015625
6 0.4 0.053125000000000006 0.4 0.0015625 0.296875 0.0015625 0.296875 0.0515625 0.2984375 0.0515625 0.3 0.053125000000000006 0.4 0.053125000000000006
5 0.8703125 0.059375000000000004 0.871875 0.057812499999999996 0.871875 0.0546875 0.8734375 0.053125000000000006 0.8734375 0.0421875 0.875 0.040624999999999994 0.875 0.0109375 0.8765625 0.009375000000000001 0.8765625 0.0078125 0.878125 0.00625 0.8796875 0.00625 0.88125 0.004687500000000001 0.884375 0.004687500000000001 0.8859375 0.003125 0.890625 0.003125 0.890625 0.0015625 0.696875 0.0015625 0.696875 0.060937500000000006 0.8671875 0.060937500000000006 0.86875 0.059375000000000004 0.8703125 0.059375000000000004
8 0.68596875 0.0015625 0.61253125 0.0015625 0.61253125 0.060937500000000006 0.68596875 0.060937500000000006 0.68596875 0.0015625
10 0.99378125 0.015625 0.90159375 0.015625 0.90159375 0.06715277777777778 0.99378125 0.06715277777777778 0.99378125 0.015625
5 0.99378125 0.4125 0.50471875 0.4125 0.50471875 0.5062500000000001 0.99378125 0.5062500000000001 0.99378125 0.4125
5 0 0 0 0.8508333333333333 0.096875 0.8508333333333333 0.096875 0 0 0
1 0.29846875 0.8484027777777778 0.20315625 0.8484027777777778 0.20315625 0.9546527777777778 0.29846875 0.9546527777777778 0.29846875 0.8484027777777778
5 0.89534375 0.85625 0.50315625 0.85625 0.50315625 0.9500000000000001 0.89534375 0.9500000000000001 0.89534375 0.85625
8 0.6859375 0.6359027777777777 0.6140625 0.6359027777777777 0.6140625 0.7281249999999999 0.6859375 0.7281249999999999 0.6859375 0.6359027777777777
5 0.5111625 0 0.5357125 0.01984027777777778 0.5357125 0.05952083333333333 0.609375 0.05952083333333333 0.6138375 0 0.5111625 0
5 0.196875 0.0015625 0.10625 0.0015625 0.10625 0.7231597222222222 0.196875 0.7231597222222222 0.196875 0.0015625