2 0.4953125 0.5234375 0.4953125 0.42500000000000004 0.40625 0.42500000000000004 0.40625 0.5234375 0.4953125 0.5234375
6 0.6890625 0.1359375 0.6890625 0.032812499999999994 0.609375 0.032812499999999994 0.609375 0.1359375 0.6890625 0.1359375
6 0.9875 0.0546875 0.9875 0.029687500000000002 0.9125 0.029687500000000002 0.9125 0.1359375 0.9890625 0.1359375 0.9890625 0.056249999999999994 0.9875 0.0546875
6 0.9890625 0.46718750000000003 0.9890625 0.3609375 0.9109375 0.3609375 0.9109375 0.46718750000000003 0.9890625 0.46718750000000003
6 0.3984375 0.3578125 0.3984375 0.2578125 0.3125 0.2578125 0.3125 0.3578125 0.3984375 0.3578125
5 0.7140625 0.8328125 0.7125 0.83125 0.165625 0.83125 0.1640625 0.8328125 0.128125 0.8328125 0.1265625 0.8343750000000001 0.109375 0.8343750000000001 0.1078125 0.8328125 0.1046875 0.8328125 0.1 0.828125 0.1 0.6484375 0.1015625 0.6468750000000001 0.1015625 0.628125 0.103125 0.6265624999999999 0.103125 0.60625 0.1046875 0.6046875 0.1046875 0.5796874999999999 0.10625 0.578125 0.10625 0.5671875 0.1078125 0.565625 0.1078125 0.5406249999999999 0.109375 0.5390625 0.109375 0.43125 0.1078125 0.4296875 0.1078125 0.41093749999999996 0.10625 0.40937500000000004 0.10625 0.3265625 0.1046875 0.32499999999999996 0.1046875 0.31718749999999996 0.10625 0.31562500000000004 0.10625 0.3140625 0.1046875 0.3125 0.1046875 0.020312499999999997 0.10625 0.018750000000000003 0.10625 0.014062499999999999 0.1046875 0.0125 0.1046875 0.004687500000000001 0.003125 0.004687500000000001 0 0.9930555555555556 0.99375 0.9930555555555556 0.99375 0.8343750000000001 0.96875 0.8343750000000001 0.9671875 0.8328125 0.9171875 0.8328125 0.915625 0.83125 0.7328125 0.83125 0.73125 0.8328125 0.7140625 0.8328125
6 0.309375 0 0.309375 0.025 0.390625 0.025 0.390625 0 0.309375 0
5 0.71209375 0.6077777777777778 0.79465625 0.6077777777777778 0.79465625 0.3872222222222222 0.71209375 0.3872222222222222 0.71209375 0.6077777777777778
5 0.80803125 0.6051736111111111 0.8905937500000001 0.6051736111111111 0.8905937500000001 0.38690972222222225 0.80803125 0.38690972222222225 0.80803125 0.6051736111111111
5 0.70759375 0.38940972222222225 0.7969062499999999 0.38940972222222225 0.7969062499999999 0.00003472222222222222 0.70759375 0.00003472222222222222 0.70759375 0.38940972222222225
5 0.80584375 0.38940972222222225 0.9040312500000001 0.38940972222222225 0.9040312500000001 0.00003472222222222222 0.80584375 0.00003472222222222222 0.80584375 0.38940972222222225
5 0.205375 0.6076736111111111 0.299125 0.6076736111111111 0.299125 0.38940972222222225 0.205375 0.38940972222222225 0.205375 0.6076736111111111
5 0.205375 0.38690972222222225 0.296875 0.38690972222222225 0.296875 0.00003472222222222222 0.205375 0.00003472222222222222 0.205375 0.38690972222222225
5 0.10934375 0.38940972222222225 0.19640625 0.38940972222222225 0.19640625 0.00003472222222222222 0.10934375 0.00003472222222222222 0.10934375 0.38940972222222225
5 0.10890625000000001 0.6062847222222223 0.19171875 0.6062847222222223 0.19171875 0.3881597222222222 0.10890625000000001 0.3881597222222222 0.10890625000000001 0.6062847222222223