5 0.40175 0.007465277777777777 0.200875 0.007465277777777777 0.200875 0.12156249999999999 0.40175 0.12156249999999999 0.40175 0.007465277777777777
8 0.49775 0.004930555555555555 0.404 0.004930555555555555 0.404 0.12645833333333334 0.49775 0.12645833333333334 0.49775 0.004930555555555555
8 0.6919375 0.009895833333333333 0.6004375 0.009895833333333333 0.6004375 0.12399305555555556 0.6919375 0.12399305555555556 0.6919375 0.009895833333333333
5 0.6015625 0.014097222222222221 0.4984375 0.014097222222222221 0.4984375 0.12034722222222222 0.6015625 0.12034722222222222 0.6015625 0.014097222222222221
5 0.7984375 0.014062499999999999 0.6984375 0.014062499999999999 0.6984375 0.12190972222222222 0.7984375 0.12190972222222222 0.7984375 0.014062499999999999
5 0.20003125000000002 0.017222222222222222 0.0015937500000000001 0.017222222222222222 0.0015937500000000001 0.2359722222222222 0.20003125000000002 0.2359722222222222 0.20003125000000002 0.017222222222222222
6 0.59375 0.2265625 0.50625 0.2265625 0.50625 0.33121527777777776 0.59375 0.33121527777777776 0.59375 0.2265625
6 0.496875 0.5671875 0.403125 0.5671875 0.403125 0.6640625 0.496875 0.6640625 0.496875 0.5671875
2 0.49534374999999997 0.4265277777777778 0.40628125 0.4265277777777778 0.40628125 0.5249999999999999 0.49534374999999997 0.5249999999999999 0.49534374999999997 0.4265277777777778
5 0.20159375000000002 0.684375 0.0062812499999999995 0.684375 0.0062812499999999995 0.8968750000000001 0.20159375000000002 0.8968750000000001 0.20159375000000002 0.684375
5 0.8046875 0.6844097222222223 0.6015625 0.6844097222222223 0.6015625 0.9000347222222221 0.8046875 0.9000347222222221 0.8046875 0.6844097222222223
5 0.99375 0.0074375 0.8013375 0.004958333333333333 0.8035687499999999 0.9027777777777778 0.0044624999999999995 0.9027777777777778 0 0.9930555555555556 0.99375 0.9930555555555556 0.99375 0.0074375
1 0.796875 0.35218750000000004 0.6875 0.35218750000000004 0.6875 0.5158680555555555 0.796875 0.5158680555555555 0.796875 0.35218750000000004
5 0.40628125 0.24802083333333336 0.00446875 0.24802083333333336 0.00446875 0.34725694444444444 0.40628125 0.34725694444444444 0.40628125 0.24802083333333336
5 0.49775 0.24305555555555555 0.404 0.24305555555555555 0.404 0.3447222222222222 0.49775 0.3447222222222222 0.49775 0.24305555555555555
5 0.69196875 0.24055555555555555 0.60715625 0.24055555555555555 0.60715625 0.3472222222222222 0.69196875 0.3472222222222222 0.69196875 0.24055555555555555
5 0.80134375 0.24302083333333332 0.69640625 0.24302083333333332 0.69640625 0.33975694444444443 0.80134375 0.33975694444444443 0.80134375 0.24302083333333332