5 0.20465624999999998 0.5969097222222222 0.49371875000000004 0.5969097222222222 0.49371875000000004 0.4390625 0.20465624999999998 0.4390625 0.20465624999999998 0.5969097222222222
5 0.10778125000000001 0.9930208333333334 0.49371875000000004 0.9930208333333334 0.49371875000000004 0.7843402777777777 0.10778125000000001 0.7843402777777777 0.10778125000000001 0.9930208333333334
5 0.70621875 0.9930902777777777 0.99840625 0.9930902777777777 0.99840625 0.7796875000000001 0.70621875 0.7796875000000001 0.70621875 0.9930902777777777
1 0.70465625 0.3703472222222222 0.89371875 0.3703472222222222 0.89371875 0.221875 0.70465625 0.221875 0.70465625 0.3703472222222222
1 1 0.22972222222222222 0.903125 0.22972222222222222 0.903125 0.36875 1 0.36875 1 0.22972222222222222
1 0.51090625 0.21718749999999998 0.69371875 0.21718749999999998 0.69371875 0.11253472222222222 0.51090625 0.11253472222222222 0.51090625 0.21718749999999998
5 0.7015625 0.2218402777777778 0.9984375 0.2218402777777778 0.9984375 0.11871527777777777 0.7015625 0.11871527777777777 0.7015625 0.2218402777777778
5 0.10934375 0.33121527777777776 0.49215625 0.33121527777777776 0.49215625 0.11559027777777778 0.10934375 0.11559027777777778 0.10934375 0.33121527777777776
6 0.49996875 0.4234375 0.6015312500000001 0.4234375 0.6015312500000001 0.3140625 0.49996875 0.3140625 0.49996875 0.4234375
6 0.6046875 0.5265277777777777 0.6984375 0.5265277777777777 0.6984375 0.4202777777777778 0.6046875 0.4202777777777778 0.6046875 0.5265277777777777
2 0.5077812500000001 0.5280902777777778 0.5937187500000001 0.5280902777777778 0.5937187500000001 0.41718750000000004 0.5077812500000001 0.41718750000000004 0.5077812500000001 0.5280902777777778
7 0.4109375 0.5109375 0.4890625 0.5109375 0.4890625 0.4312847222222222 0.4109375 0.4312847222222222 0.4109375 0.5109375
7 0.3109375 0.5125 0.3890625 0.5125 0.3890625 0.43125 0.3109375 0.43125 0.3109375 0.5125
7 0.21246874999999998 0.5109375 0.28903124999999996 0.5109375 0.28903124999999996 0.4312847222222222 0.21246874999999998 0.4312847222222222 0.21246874999999998 0.5109375
5 0.00625 0 0.00625 0.9930555555555556 0.10500000000000001 0.9930555555555556 0.10333125000000001 0.10555555555555556 1 0.1111111111111111 0.9991687499999999 0 0.00625 0