5 0.20628125000000003 0.009375000000000001 0.00784375 0.009375000000000001 0.00784375 0.221875 0.20628125000000003 0.221875 0.20628125000000003 0.009375000000000001
5 0.7075625 0.006284722222222223 0.5109375 0.006284722222222223 0.5109375 0.22343749999999998 0.7075625 0.22343749999999998 0.7075625 0.006284722222222223
5 0.9140625 0.003125 0.7171875 0.003125 0.7171875 0.109375 0.9140625 0.109375 0.9140625 0.003125
5 0.915625 0.23440972222222223 0.5125 0.23440972222222223 0.5125 0.33281249999999996 0.915625 0.33281249999999996 0.915625 0.23440972222222223
5 0.9999687500000001 0.22569444444444445 0.91740625 0.22569444444444445 0.91740625 0.3298611111111111 0.9999687500000001 0.3298611111111111 0.9999687500000001 0.22569444444444445
8 0.99378125 0.0015972222222222223 0.9140937499999999 0.0015972222222222223 0.9140937499999999 0.10784722222222222 0.99378125 0.10784722222222222 0.99378125 0.0015972222222222223
5 0.51096875 0.003125 0.41565624999999995 0.003125 0.41565624999999995 0.3265972222222222 0.51096875 0.3265972222222222 0.51096875 0.003125
5 0.41253124999999996 0.0030902777777777777 0.21096875 0.0030902777777777777 0.21096875 0.10468749999999999 0.41253124999999996 0.10468749999999999 0.41253124999999996 0.0030902777777777777
6 0.29534375 0.08746527777777778 0.20628125000000003 0.08746527777777778 0.20628125000000003 0.18906250000000002 0.29534375 0.18906250000000002 0.29534375 0.08746527777777778
5 0.21565625000000002 0.234375 0.00784375 0.234375 0.00784375 0.33284722222222224 0.21565625000000002 0.33284722222222224 0.21565625000000002 0.234375
5 0.41409375 0.2327777777777778 0.31253125000000004 0.2327777777777778 0.31253125000000004 0.33125000000000004 0.41409375 0.33125000000000004 0.41409375 0.2327777777777778
9 0.3125 0.233125 0.21875 0.233125 0.21875 0.33479166666666665 0.3125 0.33479166666666665 0.3125 0.233125
6 0.38909375 0.3062152777777778 0.31253125000000004 0.3062152777777778 0.31253125000000004 0.4140625 0.38909375 0.4140625 0.38909375 0.3062152777777778
6 0.025031249999999998 0.4484722222222222 0.0015937500000000001 0.4484722222222222 0.0015937500000000001 0.5375000000000001 0.025031249999999998 0.5375000000000001 0.025031249999999998 0.4484722222222222
2 0.4913125 0.42496527777777776 0.4100625 0.42496527777777776 0.4100625 0.5265625 0.4913125 0.5265625 0.4913125 0.42496527777777776
6 0.99375 0.6410069444444445 0.903125 0.6410069444444445 0.903125 0.7534375 0.99375 0.7534375 0.99375 0.6410069444444445
5 0.71565625 0.671875 0.51409375 0.671875 0.51409375 0.8843749999999999 0.71565625 0.8843749999999999 0.71565625 0.671875
8 0.425 0.784375 0.19375 0.784375 0.19375 0.8843749999999999 0.425 0.8843749999999999 0.425 0.784375
5 0.11721875 0.6734374999999999 0.0062812499999999995 0.6734374999999999 0.0062812499999999995 0.8828125 0.11721875 0.8828125 0.11721875 0.6734374999999999
5 1 0.8923611111111112 0.00225 0.8923611111111112 0.00225 1 1 1 1 0.8923611111111112