5 0.55625 0.3515625 0.5546875 0.3515625 0.5515625 0.35468750000000004 0.55 0.35468750000000004 0.5484375 0.35624999999999996 0.5453125 0.35624999999999996 0.54375 0.3578125 0.5421875 0.3578125 0.5390625 0.3609375 0.5375 0.3609375 0.5359375 0.36250000000000004 0.5328125 0.36250000000000004 0.53125 0.36406249999999996 0.5296875 0.36406249999999996 0.5265625 0.3671875 0.525 0.3671875 0.5234375 0.36875 0.5203125 0.36875 0.51875 0.37031250000000004 0.5171875 0.37031250000000004 0.5140625 0.3734375 0.5125 0.3734375 0.5109375 0.375 0.509375 0.375 0.5078125 0.3765625 0.50625 0.3765625 0.5046875 0.37812500000000004 0.5046875 0.6031249999999999 0.5078125 0.6031249999999999 0.509375 0.6046875 0.515625 0.6046875 0.51875 0.6078125000000001 0.5203125 0.6078125000000001 0.521875 0.609375 0.521875 0.6109374999999999 0.5234375 0.6125 0.5234375 0.6140625 0.525 0.6156250000000001 0.525 0.6656249999999999 0.5234375 0.6671875 0.5234375 0.6765625 0.521875 0.6781250000000001 0.521875 0.6828125 0.5203125 0.684375 0.5203125 0.6859375000000001 0.51875 0.6875 0.51875 0.7 0.5203125 0.7015625000000001 0.5203125 0.7078125 0.521875 0.7093750000000001 0.521875 0.7140625 0.5234375 0.715625 0.5234375 0.7437499999999999 0.525 0.7453125 0.525 0.7593749999999999 0.5328125 0.7671874999999999 0.6890625 0.7671874999999999 0.690625 0.76875 0.903125 0.76875 0.9046875 0.7671874999999999 0.9046875 0.675 0.90625 0.6734374999999999 0.90625 0.671875 0.909375 0.66875 0.9109375 0.66875 0.9125 0.6671875 0.9296875 0.6671875 0.93125 0.66875 0.9421875 0.66875 0.94375 0.6671875 0.9828125 0.6671875 0.984375 0.66875 0.9859375 0.66875 0.99375 0.6765625 0.99375 0.3375 0.5828125 0.3375 0.578125 0.3421875 0.5765625 0.3421875 0.575 0.34375 0.5703125 0.34375 0.565625 0.34843749999999996 0.5640625 0.34843749999999996 0.5625 0.35 0.5578125 0.35 0.55625 0.3515625
8 0.984375 0.7671874999999999 0.984375 0.6765625 0.915625 0.6765625 0.915625 0.76875 0.9640625 0.76875 0.965625 0.7671874999999999 0.984375 0.7671874999999999
1 0.4984375 0.10468749999999999 0.4984375 0.0015625 0.4046875 0.0015625 0.4046875 0.1078125 0.496875 0.1078125 0.496875 0.10625000000000001 0.4984375 0.10468749999999999
1 0.4046875 0.6671875 0.4046875 0.7734375 0.496875 0.7734375 0.4984375 0.7718750000000001 0.4984375 0.6671875 0.4046875 0.6671875
2 0.490625 0.5234375 0.490625 0.428125 0.4109375 0.428125 0.4109375 0.5249999999999999 0.4171875 0.5249999999999999 0.41875 0.5234375 0.490625 0.5234375
8 0.684375 0.103125 0.684375 0.009375000000000001 0.6140625 0.009375000000000001 0.6140625 0.103125 0.684375 0.103125
5 0.30625 0.76875 0.3078125 0.7703125 0.3921875 0.7703125 0.39375 0.76875 0.3953125 0.76875 0.3953125 0.6765625 0.3046875 0.6765625 0.3046875 0.76875 0.30625 0.76875
5 0.603125 0.0015625 0.5296875 0.0015625 0.5296875 0.1015625 0.53125 0.103125 0.6046875 0.103125 0.6046875 0.020312499999999997 0.603125 0.018750000000000003 0.603125 0.014062499999999999 0.6015625 0.0125 0.6015625 0.00625 0.603125 0.004687500000000001 0.603125 0.0015625
0 0.246875 0.9930555555555556 0.246875 0.0015625 0.003125 0.0015625 0.003125 0.9930555555555556 0.246875 0.9930555555555556
5 0.700875 0 0.700875 0.10416666666666667 0.8705 0.10416666666666667 0.8705 0 0.700875 0
4 0.25 0 0.25 1 0.296875 1 0.296875 0 0.25 0