0 1 0.7223888888888889 0.8500187499999999 0.7233125 0.8500187499999999 0.9930555555555556 1 0.9930555555555556 1 0.7223888888888889
5 0.30584375 0.6592361111111111 0.5941562499999999 0.6592361111111111 0.5941562499999999 0.5675694444444445 0.30584375 0.5675694444444445 0.30584375 0.6592361111111111
5 0.00246875 0.6610763888888889 0.18915625 0.6610763888888889 0.18915625 0.5685069444444444 0.00246875 0.5685069444444444 0.00246875 0.6610763888888889
5 0.9066562499999999 0.22038194444444445 0.99334375 0.22038194444444445 0.99334375 0.1268402777777778 0.9066562499999999 0.1268402777777778 0.9066562499999999 0.22038194444444445
8 0.31334375 0.43704861111111115 0.38415625000000003 0.43704861111111115 0.38415625000000003 0.3417013888888889 0.31334375 0.3417013888888889 0.31334375 0.43704861111111115
1 0.2008125 0.6657291666666666 0.2983125 0.6657291666666666 0.2983125 0.5537152777777777 0.2008125 0.5537152777777777 0.2008125 0.6657291666666666
1 0.7975 0.22225694444444447 0.8925000000000001 0.22225694444444447 0.8925000000000001 0.10927083333333333 0.7975 0.10927083333333333 0.7975 0.22225694444444447
2 0.5033125 0.5286805555555555 0.5858125000000001 0.5286805555555555 0.5858125000000001 0.41756944444444444 0.5033125 0.41756944444444444 0.5033125 0.5286805555555555
6 0.40003124999999995 0.8675694444444445 0.49671875 0.8675694444444445 0.49671875 0.7509027777777777 0.40003124999999995 0.7509027777777777 0.40003124999999995 0.8675694444444445
5 0.56666875 0.4212986111111111 0.56916875 0.28055555555555556 0.5974999999999999 0.2648125 0.6 0.05277777777777778 0.50333125 0.004631944444444445 0.095 0.003701388888888889 0.00625 0.058333333333333334 0.00625 0.2629652777777778 0.03333125 0.27963194444444445 0.03416875 0.4379652777777778 0.30333125 0.4379652777777778 0.3075 0.3351875 0.39333125 0.3379652777777778 0.39251874999999997 0.33888888888888885 0.39333125 0.44259027777777776 0.52166875 0.4388888888888889 0.52666875 0.42314583333333333 0.56666875 0.4212986111111111
4 0.99918125 0.6685208333333333 0.80085 0.6675902777777778 0.80085 0.9930555555555556 0.8466812499999999 0.9930555555555556 0.8475187500000001 0.7205347222222223 1 0.7214652777777778 0.99918125 0.6685208333333333