5 0.43125 0.5265625 0.4328125 0.528125 0.44375 0.528125 0.4453125 0.5296875000000001 0.4984375 0.5296875000000001 0.4984375 0.32343750000000004 0.3015625 0.32343750000000004 0.3015625 0.5296875000000001 0.421875 0.5296875000000001 0.4234375 0.528125 0.4265625 0.528125 0.428125 0.5265625 0.43125 0.5265625
5 0.6 0.045312500000000006 0.6 0.0625 0.5984375 0.0640625 0.5984375 0.0796875 0.6 0.08124999999999999 0.6 0.190625 0.6015625 0.1921875 0.6015625 0.2 0.7921875 0.2 0.7921875 0.0015625 0.5984375 0.0015625 0.5984375 0.0078125 0.6 0.009375000000000001 0.6 0.0109375 0.5984375 0.0125 0.5984375 0.04375 0.6 0.045312500000000006
5 0.7015625 0.8703125 0.7046875 0.8734375000000001 0.8 0.8734375000000001 0.8 0.6546875000000001 0.7015625 0.6546875000000001 0.7015625 0.8703125
5 0.0984375 0.20156249999999998 0.0984375 0.003125 0.00625 0.003125 0.00625 0.20156249999999998 0.0984375 0.20156249999999998
1 0.4078125 0 0.4078125 0.071875 0.409375 0.07343749999999999 0.490625 0.07343749999999999 0.490625 0 0.4078125 0
5 0.1015625 0.8734375000000001 0.1015625 0.653125 0.00625 0.653125 0.00625 0.8734375000000001 0.1015625 0.8734375000000001
5 0.3984375 0.0015625 0.1046875 0.0015625 0.1046875 0.09062500000000001 0.1078125 0.09375 0.1125 0.09375 0.1140625 0.0953125 0.3984375 0.0953125 0.3984375 0.0015625
2 0.596875 0.4234375 0.50625 0.4234375 0.50625 0.4296875 0.5078125 0.43125 0.5078125 0.5218750000000001 0.509375 0.5234375 0.596875 0.5234375 0.596875 0.4234375
1 0.4015625 0.37187499999999996 0.403125 0.3734375 0.4953125 0.3734375 0.4953125 0.296875 0.4015625 0.296875 0.4015625 0.37187499999999996
6 0.40625 0.5109375 0.40625 0.609375 0.4078125 0.609375 0.409375 0.6109374999999999 0.4953125 0.6109374999999999 0.4953125 0.5109375 0.40625 0.5109375
6 0.1921875 0.3921875 0.1921875 0.29218750000000004 0.1078125 0.29218750000000004 0.1078125 0.3921875 0.1921875 0.3921875
5 0.496875 0.0015625 0.496875 0.0921875 0.5 0.0921875 0.5015625 0.09375 0.5953125 0.09375 0.5953125 0.0015625 0.496875 0.0015625
8 0.6203125 0.8703125 0.6203125 0.76875 0.3765625 0.76875 0.3765625 0.8703125 0.6203125 0.8703125
6 0.1953125 0.49843750000000003 0.1953125 0.4046875 0.1046875 0.4046875 0.1046875 0.49843750000000003 0.1953125 0.49843750000000003
5 0.7984375 0 0.7984375 0.00625 0.796875 0.0078125 0.796875 0.0859375 0.7984375 0.0875 0.7984375 0.11875000000000001 0.796875 0.12031249999999999 0.796875 0.12343749999999999 0.7984375 0.125 0.7984375 0.128125 0.796875 0.1296875 0.796875 0.16875 0.7984375 0.17031249999999998 0.7984375 0.21250000000000002 0.8 0.2140625 0.8 0.2515625 0.7984375 0.25312500000000004 0.7984375 0.3359375 0.8 0.3375 0.8 0.35624999999999996 0.7984375 0.3578125 0.7984375 0.3609375 0.8 0.36250000000000004 0.8 0.365625 0.7984375 0.3671875 0.7984375 0.3734375 0.8 0.375 0.8 0.43125 0.7984375 0.43281250000000004 0.7984375 0.4359375 0.8 0.4375 0.8 0.44218749999999996 0.7984375 0.44375 0.7984375 0.44687499999999997 0.8 0.44843750000000004 0.8 0.6109374999999999 0.8015625 0.6125 0.8015625 0.6187499999999999 0.8 0.6203125 0.8 0.621875 0.8015625 0.6234375000000001 0.8015625 0.871875 0.7984375 0.875 0.00625 0.875 0.00625 0.9930555555555556 1 0.9930555555555556 0.9890625 0 0.7984375 0
6 0.7 0.2796875 0.6 0.2796875 0.6 0.3890625 0.7 0.3890625 0.7 0.2796875