5 0.5937812499999999 0.5547222222222222 0.30471875000000004 0.5547222222222222 0.30471875000000004 0.70625 0.5937812499999999 0.70625 0.5937812499999999 0.5547222222222222
5 0.090625 0.21718749999999998 0.0921875 0.21875 0.1078125 0.21875 0.109375 0.22031250000000002 0.121875 0.22031250000000002 0.1234375 0.221875 0.1578125 0.221875 0.159375 0.22031250000000002 0.1796875 0.22031250000000002 0.18125 0.21875 0.2 0.21875 0.2015625 0.22031250000000002 0.2375 0.22031250000000002 0.2390625 0.221875 0.303125 0.221875 0.3046875 0.22343749999999998 0.321875 0.22343749999999998 0.3234375 0.221875 0.33125 0.221875 0.3328125 0.22343749999999998 0.334375 0.221875 0.34375 0.221875 0.3453125 0.22343749999999998 0.4 0.22343749999999998 0.4015625 0.221875 0.403125 0.22343749999999998 0.6734375 0.22343749999999998 0.675 0.22499999999999998 0.6890625 0.22499999999999998 0.69375 0.22968750000000002 0.69375 0.23750000000000002 0.6953125 0.23906249999999998 0.6953125 0.24062499999999998 0.69375 0.2421875 0.69375 0.28437500000000004 0.6953125 0.28593749999999996 0.6953125 0.3046875 0.69375 0.30625 0.69375 0.47187500000000004 0.6953125 0.47343749999999996 0.6953125 0.5109375 0.696875 0.5125 0.696875 0.515625 0.6953125 0.5171874999999999 0.6953125 0.5890625 0.696875 0.590625 0.696875 0.6046875 0.6953125 0.60625 0.6953125 0.7796875000000001 0.69375 0.78125 0.69375 0.784375 0.6953125 0.7859375 0.6953125 0.8046875 0.69375 0.8062499999999999 0.69375 0.809375 0.6953125 0.8109375000000001 0.6953125 0.8875 0.696875 0.8890625000000001 0.696875 0.9078124999999999 0.6953125 0.9093749999999999 0.6953125 0.9109375000000001 0.696875 0.9125000000000001 0.696875 0.9140625 0.6953125 0.9156249999999999 0.6953125 0.9930555555555556 0.99375 0.9930555555555556 0.99375 0.0009236111111111112 0.0008312500000000001 0 0 0.21852083333333333 0.0421875 0.21875 0.04375 0.21718749999999998 0.090625 0.21718749999999998
5 0.10428124999999999 0.22968750000000002 0.0015937500000000001 0.22968750000000002 0.0015937500000000001 0.3312847222222222 0.10428124999999999 0.3312847222222222 0.10428124999999999 0.22968750000000002
1 0.28909375000000004 0.2249652777777778 0.10628125 0.2249652777777778 0.10628125 0.3265625 0.28909375000000004 0.3265625 0.28909375000000004 0.2249652777777778
5 0.69065625 0.22809027777777777 0.31096875 0.22809027777777777 0.31096875 0.4374652777777778 0.69065625 0.4374652777777778 0.69065625 0.22809027777777777
2 0.49065624999999996 0.4140625 0.40471874999999996 0.4140625 0.40471874999999996 0.5249652777777778 0.49065624999999996 0.5249652777777778 0.49065624999999996 0.4140625
6 0.29846875 0.4234375 0.19690625 0.4234375 0.19690625 0.5250347222222222 0.29846875 0.5250347222222222 0.29846875 0.4234375
6 0.19065625 0.5312847222222222 0.10471875 0.5312847222222222 0.10471875 0.6359375 0.19065625 0.6359375 0.19065625 0.5312847222222222
1 0.09378125000000001 0.3343402777777778 0.0015937500000000001 0.3343402777777778 0.0015937500000000001 0.47968750000000004 0.09378125000000001 0.47968750000000004 0.09378125000000001 0.3343402777777778
7 0.3890625 0.5437152777777778 0.3109375 0.5437152777777778 0.3109375 0.6203125 0.3890625 0.6203125 0.3890625 0.5437152777777778
7 0.4890625 0.5453125000000001 0.4109375 0.5453125000000001 0.4109375 0.6219097222222223 0.4890625 0.6219097222222223 0.4890625 0.5453125000000001
7 0.58753125 0.5437152777777778 0.51096875 0.5437152777777778 0.51096875 0.6203125 0.58753125 0.6203125 0.58753125 0.5437152777777778
5 0.6921875 0.8953125000000001 0.3078125 0.8953125000000001 0.3078125 0.9930208333333334 0.6921875 0.9930208333333334 0.6921875 0.8953125000000001
5 0.0953125 0.8953125000000001 0.0015625 0.8953125000000001 0.0015625 0.9930208333333334 0.0953125 0.9930208333333334 0.0953125 0.8953125000000001