5 0.99375 0.44222222222222224 0.80625 0.44222222222222224 0.80625 0.59375 0.99375 0.59375 0.99375 0.44222222222222224
2 0.4 0.41874999999999996 0.4 0.528125 0.4984375 0.528125 0.4984375 0.41874999999999996 0.4 0.41874999999999996
6 0.6984375 0.3140625 0.6984375 0.415625 0.7984375 0.415625 0.7984375 0.3140625 0.6984375 0.3140625
5 0.003125 0.0078125 0.003125 0.9921875 0.196875 0.9921875 0.203125 0.11160416666666667 0.99375 0.11656944444444445 0.99375 0 0.003125 0.0078125
7 0.88909375 0.43281250000000004 0.80940625 0.43281250000000004 0.80940625 0.5109375 0.88909375 0.5109375 0.88909375 0.43281250000000004
7 0.9890625 0.43281250000000004 0.9109375 0.43281250000000004 0.9109375 0.5109375 0.9890625 0.5109375 0.9890625 0.43281250000000004
1 0.7890937499999999 0.11253472222222222 0.60628125 0.11253472222222222 0.60628125 0.2156597222222222 0.7890937499999999 0.2156597222222222 0.7890937499999999 0.11253472222222222
5 0.99375 0.11562499999999999 0.809375 0.11562499999999999 0.809375 0.328125 0.99375 0.328125 0.99375 0.11562499999999999
1 0.5953125 0.221875 0.4078125 0.221875 0.4078125 0.3703472222222222 0.5953125 0.3703472222222222 0.5953125 0.221875
1 0.396875 0.2281597222222222 0.20625 0.2281597222222222 0.20625 0.3687847222222222 0.396875 0.3687847222222222 0.396875 0.2281597222222222
5 0.59534375 0.12031249999999999 0.20003125000000002 0.12031249999999999 0.20003125000000002 0.22190972222222222 0.59534375 0.22190972222222222 0.59534375 0.12031249999999999
5 0.59221875 0.7843402777777777 0.20940625000000002 0.7843402777777777 0.20940625000000002 0.9930208333333334 0.59221875 0.9930208333333334 0.59221875 0.7843402777777777
5 0.99378125 0.7859722222222223 0.80784375 0.7859722222222223 0.80784375 0.9930555555555556 0.99378125 0.9930555555555556 0.99378125 0.7859722222222223
6 0.69065625 0.4202777777777778 0.60471875 0.4202777777777778 0.60471875 0.5265277777777777 0.69065625 0.5265277777777777 0.69065625 0.4202777777777778