0 0.4015625 0.7984374999999999 0.403125 0.796875 0.403125 0.7921875 0.4015625 0.7906249999999999 0.4015625 0.7828124999999999 0.403125 0.78125 0.403125 0.7484375000000001 0.4015625 0.746875 0.4015625 0.675 0.403125 0.6734374999999999 0.403125 0.6312500000000001 0.4015625 0.6296875 0.4015625 0.59375 0.403125 0.5921875000000001 0.403125 0.24843749999999998 0.00625 0.24843749999999998 0.00625 0.8062499999999999 0.3953125 0.8062499999999999 0.396875 0.8046875 0.4 0.8046875 0.4015625 0.8031250000000001 0.4015625 0.7984374999999999
1 0.7953125 0.9093749999999999 0.7953125 0.809375 0.703125 0.809375 0.703125 0.9093749999999999 0.7953125 0.9093749999999999
5 0.5 0.24531250000000002 0.5 0.0015625 0.00625 0.0015625 0.00625 0.24531250000000002 0.5 0.24531250000000002
2 0.5078125 0.5218750000000001 0.509375 0.5234375 0.5953125 0.5234375 0.5953125 0.41874999999999996 0.5078125 0.41874999999999996 0.5078125 0.5218750000000001
5 0.4015625 0.39375000000000004 0.4 0.39531249999999996 0.4 0.40937500000000004 0.4015625 0.41093749999999996 0.4015625 0.48593749999999997 0.4 0.48750000000000004 0.4 0.79375 0.4015625 0.7953125000000001 0.4015625 0.796875 0.4 0.7984374999999999 0.4 0.8031250000000001 0.3984375 0.8046875 0.396875 0.8046875 0.3953125 0.8062499999999999 0.009375 0.8062499999999999 0.0078125 0.8078125 0.00625 0.8078125 0.00625 0.90625 0.00625 0.9078124999999999 0.1453125 0.9078124999999999 0.146875 0.9093749999999999 0.16875 0.9093749999999999 0.1703125 0.9078124999999999 0.1921875 0.9078124999999999 0.19375 0.90625 0.215625 0.90625 0.2171875 0.9078124999999999 0.2625 0.9078124999999999 0.2640625 0.90625 0.3140625 0.90625 0.315625 0.9078124999999999 0.378125 0.9078124999999999 0.3796875 0.90625 0.40625 0.90625 0.4078125 0.9078124999999999 0.4328125 0.9078124999999999 0.434375 0.9093749999999999 0.48125 0.9093749999999999 0.4828125 0.9078124999999999 0.4984375 0.9078124999999999 0.5 0.90625 0.5 0.5 0.4984375 0.49843750000000003 0.4984375 0.48906249999999996 0.496875 0.48750000000000004 0.496875 0.47187500000000004 0.4984375 0.47031249999999997 0.4984375 0.46406250000000004 0.5 0.46249999999999997 0.5 0.25 0.4984375 0.24843749999999998 0.4953125 0.24843749999999998 0.49375 0.25 0.484375 0.25 0.4828125 0.24843749999999998 0.475 0.24843749999999998 0.4734375 0.24687499999999998 0.4671875 0.24687499999999998 0.465625 0.24843749999999998 0.44375 0.24843749999999998 0.4421875 0.24687499999999998 0.4234375 0.24687499999999998 0.421875 0.24531250000000002 0.403125 0.24531250000000002 0.4015625 0.24687499999999998 0.4015625 0.25 0.4 0.2515625 0.4 0.25312500000000004 0.4015625 0.25468749999999996 0.4015625 0.39375000000000004
10 0.9984375 0.24531250000000002 0.9984375 0.1953125 0.7 0.1953125 0.7 0.24531250000000002 0.9984375 0.24531250000000002
10 0.996875 0.46718750000000003 0.996875 0.41874999999999996 0.7015625 0.41874999999999996 0.7015625 0.46718750000000003 0.996875 0.46718750000000003
5 0.6046875 0.4609375 0.609375 0.46562499999999996 0.69375 0.46562499999999996 0.69375 0.0015625 0.6046875 0.0015625 0.6046875 0.4609375
6 0.7046875 0.6609375 0.70625 0.6625000000000001 0.7953125 0.6625000000000001 0.7953125 0.5578125 0.7046875 0.5578125 0.7046875 0.6609375
10 0.703125 0 0.703125 0.0234375 0.7078125 0.0234375 0.709375 0.025 0.859375 0.025 0.8609375 0.0234375 0.9796875 0.0234375 0.98125 0.025 0.996875 0.025 0.996875 0 0.703125 0
0 1 0.9138888888888889 0 0.9138888888888889 0 1 1 1 1 0.9138888888888889