8 0.40178125 0.4588194444444444 0.50221875 0.4588194444444444 0.50221875 0.33979166666666666 0.40178125 0.33979166666666666 0.40178125 0.4588194444444444
5 0.6015625 0.3421875 0.6015625 0.12656250000000002 0.403125 0.12656250000000002 0.403125 0.3421875 0.6015625 0.3421875
10 0.0890625 0.22812500000000002 0.0890625 0.128125 0.0046875 0.128125 0.0046875 0.22812500000000002 0.0890625 0.22812500000000002
2 0.496875 0.5171874999999999 0.496875 0.42656249999999996 0.4046875 0.42656249999999996 0.4046875 0.51875 0.40625 0.51875 0.4078125 0.5171874999999999 0.496875 0.5171874999999999
5 0.7984375 0.9930555555555556 0.7984375 0.8015625 0.7046875 0.8015625 0.7046875 0.9930555555555556 0.7984375 0.9930555555555556
5 0.890625 0.9930555555555556 0.890625 0.6171875 0.80625 0.6171875 0.80625 0.9930555555555556 0.890625 0.9930555555555556
5 0.796875 0.7953125000000001 0.796875 0.6296875 0.7046875 0.6296875 0.7046875 0.7953125000000001 0.796875 0.7953125000000001
5 0.2953125 0.9955347222222222 0.2953125 0.8024791666666666 0.2015625 0.8024791666666666 0.2015625 0.9955347222222222 0.2953125 0.9955347222222222
5 0.2953125 0.8062499999999999 0.2953125 0.6312500000000001 0.203125 0.6312500000000001 0.203125 0.8062499999999999 0.2953125 0.8062499999999999
5 0.19375 0.9930555555555556 0.19375 0.6265624999999999 0.1078125 0.6265624999999999 0.1078125 0.9930555555555556 0.19375 0.9930555555555556
5 0.6046875 0 0.6046875 0.671875 0.6953125 0.671875 0.6953125 0 0.6046875 0
5 0.9921875 0.9955347222222222 0.9921875 0.5681041666666666 0.896875 0.5681041666666666 0.896875 0.9955347222222222 0.9921875 0.9955347222222222
5 0.1 0.9930555555555556 0.1 0.90625 0.003125 0.90625 0.003125 0.9930555555555556 0.1 0.9930555555555556
5 0.890625 0.6187499999999999 0.890625 0.5765625000000001 0.7 0.5765625000000001 0.7 0.6234375000000001 0.8890625 0.6234375000000001 0.8890625 0.6203125 0.890625 0.6187499999999999
10 0.1 0.44218749999999996 0.1 0.33906250000000004 0.00625 0.33906250000000004 0.00625 0.44218749999999996 0.1 0.44218749999999996
5 0.696875 0.5578125 0.99375 0.5578125 0.99375 0.46718750000000003 0.696875 0.46718750000000003 0.696875 0.5578125
5 0.1046875 0.5687500000000001 0.2953125 0.5687500000000001 0.2953125 0.2359722222222222 0.1046875 0.2359722222222222 0.1046875 0.5687500000000001
5 0.3013375 0.6795625 0.4017875 0.6820416666666667 0.4017875 0.5654791666666666 0.109375 0.5679583333333333 0.109375 0.6274791666666667 0.296875 0.6225208333333333 0.3013375 0.6795625
10 0.30578125 0.24055555555555555 0.39509375 0.24055555555555555 0.39509375 0.1338888888888889 0.30578125 0.1338888888888889 0.30578125 0.24055555555555555