0 0 0.22819444444444445 0.19640625 0.22819444444444445 0.19640625 0.10416666666666667 0 0.10416666666666667 0 0.22819444444444445
5 0.19375 0.10625000000000001 0.19375 0.00625 0.00625 0.00625 0.00625 0.10625000000000001 0.19375 0.10625000000000001
0 0.10268124999999999 0.3844236111111111 0.10044375000000001 0.4389861111111111 0.59598125 0.4439513888888889 0.6026812500000001 0.9325416666666667 0.40401875 0.9300625 0.40401875 0.9930555555555556 0.6964312500000001 0.9930555555555556 0.7098187499999999 0.109125 0.40625 0.10664583333333333 0.4017875 0.22569444444444445 0.6004437499999999 0.23065277777777776 0.58035625 0.3794652777777778 0.10268124999999999 0.3844236111111111
2 0.5953125 0.5265625 0.5953125 0.41874999999999996 0.503125 0.41874999999999996 0.503125 0.5265625 0.5953125 0.5265625
0 0.4 0.11406250000000001 0.4 0.0015625 0.203125 0.0015625 0.203125 0.11406250000000001 0.4 0.11406250000000001
0 0.5015625 0.7749999999999999 0.5015625 0.565625 0.3046875 0.565625 0.3046875 0.7749999999999999 0.5015625 0.7749999999999999
0 0.19375 0.9930555555555556 0.19375 0.5772569444444444 0.00625 0.5772569444444444 0.00625 0.9930555555555556 0.19375 0.9930555555555556
5 0.40401875 0.0074375 0.40625 0.09920833333333333 0.70535625 0.10664583333333333 0.7046875 0.9930555555555556 0.7984375 0.9930555555555556 0.7984375 0.0015625 0.40401875 0.0074375
5 0.794625 0 0.794625 1 1 1 1 0 0.794625 0
6 0.19375 0.7453125 0.19375 0.6765625 0.1046875 0.6765625 0.1046875 0.7453125 0.19375 0.7453125
6 0.3921875 0.08746527777777778 0.3078125 0.08746527777777778 0.3078125 0.1905902777777778 0.3921875 0.1905902777777778 0.3921875 0.08746527777777778
6 0.59215625 0.19687500000000002 0.50621875 0.19687500000000002 0.50621875 0.303125 0.59215625 0.303125 0.59215625 0.19687500000000002