2 0.4921875 0.528125 0.4921875 0.4140625 0.40625 0.4140625 0.40625 0.528125 0.4921875 0.528125
6 0.4 0.6421874999999999 0.4015625 0.640625 0.4015625 0.5390625 0.4 0.5375000000000001 0.4 0.5328124999999999 0.4015625 0.53125 0.3109375 0.53125 0.3109375 0.6421874999999999 0.4 0.6421874999999999
5 0.29375 0.21875 0.29375 0.11406250000000001 0.003125 0.11406250000000001 0.003125 0.21875 0.29375 0.21875
1 0.3125 0.2 0.3140625 0.1984375 0.3171875 0.1984375 0.31875 0.2 0.3984375 0.2 0.3984375 0.11562499999999999 0.303125 0.11562499999999999 0.303125 0.2 0.3125 0.2
6 0.3921875 0.528125 0.3921875 0.415625 0.3125 0.415625 0.3125 0.528125 0.3921875 0.528125
6 0.2984375 0.303125 0.2984375 0.2 0.203125 0.2 0.203125 0.303125 0.2984375 0.303125
8 0.11875 0.9930555555555556 0.11875 0.8812500000000001 0.0015625 0.8812500000000001 0.0015625 0.9930555555555556 0.11875 0.9930555555555556
5 0.4046875 0.11249999999999999 0.4046875 0.21718749999999998 0.496875 0.21718749999999998 0.4984375 0.215625 0.4984375 0.11249999999999999 0.4046875 0.11249999999999999
1 0.15 0.503125 0.15 0.3921875 0.0515625 0.3921875 0.0515625 0.503125 0.15 0.503125
6 0.00153125 0.3046875 0.09396875 0.3046875 0.09396875 0.19086805555555555 0.00153125 0.19086805555555555 0.00153125 0.3046875
5 0.99375 0.9930555555555556 0.99375 0.012402777777777778 0 0 0.0044624999999999995 0.10664583333333333 0.49776875 0.11160416666666667 0.5 0.9930555555555556 0.99375 0.9930555555555556