10 0.2566875 0.5555555555555556 0.1629375 0.5555555555555556 0.1629375 0.6622222222222223 0.2566875 0.6622222222222223 0.2566875 0.5555555555555556
7 0.3515625 0.28593749999999996 0.3515625 0.2109375 0.2734375 0.2109375 0.2734375 0.28593749999999996 0.3515625 0.28593749999999996
5 0.4671875 0.22968750000000002 0.465625 0.23124999999999998 0.465625 0.23593750000000002 0.4640625 0.23750000000000002 0.4640625 0.33125000000000004 0.4625 0.33281249999999996 0.4625 0.334375 0.4609375 0.3359375 0.4515625 0.3359375 0.45 0.3375 0.4453125 0.3375 0.44375 0.3359375 0.4296875 0.3359375 0.428125 0.334375 0.415625 0.334375 0.4140625 0.33281249999999996 0.365625 0.33281249999999996 0.3640625 0.33125000000000004 0.3421875 0.33125000000000004 0.340625 0.33281249999999996 0.3078125 0.33281249999999996 0.30625 0.334375 0.2953125 0.334375 0.29375 0.3359375 0.2671875 0.3359375 0.2640625 0.33281249999999996 0.2640625 0.33125000000000004 0.2625 0.3296875 0.2625 0.2875 0.2609375 0.28593749999999996 0.2609375 0.271875 0.2625 0.27031249999999996 0.2609375 0.26875000000000004 0.2609375 0.26249999999999996 0.2625 0.26093750000000004 0.2625 0.23281249999999998 0.2609375 0.23124999999999998 0.2609375 0.22968750000000002 0.2578125 0.2265625 0.25625 0.2265625 0.2546875 0.22499999999999998 0.2453125 0.22499999999999998 0.24375 0.22343749999999998 0.1640625 0.22343749999999998 0.1640625 0.44062500000000004 0.346875 0.44062500000000004 0.3484375 0.4390625 0.35 0.4390625 0.3515625 0.44062500000000004 0.5078125 0.44062500000000004 0.509375 0.4390625 0.5125 0.4390625 0.5140625 0.4375 0.5140625 0.4359375 0.515625 0.43437499999999996 0.515625 0.43281250000000004 0.5234375 0.42500000000000004 0.525 0.42500000000000004 0.5265625 0.4234375 0.5296875 0.4234375 0.53125 0.421875 0.534375 0.421875 0.5359375 0.4203125 0.5375 0.4203125 0.5390625 0.41874999999999996 0.5453125 0.41874999999999996 0.546875 0.41718750000000004 0.553125 0.41718750000000004 0.5546875 0.415625 0.55625 0.415625 0.55625 0.4140625 0.5578125 0.4125 0.5578125 0.22343749999999998 0.49375 0.22343749999999998 0.4921875 0.22499999999999998 0.471875 0.22499999999999998 0.4703125 0.2265625 0.46875 0.2265625 0.4671875 0.22812500000000002 0.4671875 0.22968750000000002
10 0.66075 0.4464583333333334 0.56475 0.4464583333333334 0.56475 0.550625 0.66075 0.550625 0.66075 0.4464583333333334
2 0.5953125 0.5234375 0.5953125 0.41874999999999996 0.5046875 0.41874999999999996 0.5046875 0.5234375 0.5953125 0.5234375
5 0.9578125 0.328125 0.9578125 0.22499999999999998 0.8671875 0.22499999999999998 0.8671875 0.328125 0.9578125 0.328125
5 0.8609375 0.8843749999999999 0.8609375 0.4453125 0.765625 0.4453125 0.765625 0.8843749999999999 0.8609375 0.8843749999999999
5 0.7578125 0.328125 0.7578125 0.22499999999999998 0.665625 0.22499999999999998 0.665625 0.328125 0.7578125 0.328125
5 0.1625 0.9930555555555556 0.1625 0.8890625000000001 0.053125 0.8890625000000001 0.053125 0.9930555555555556 0.1625 0.9930555555555556
5 0.1609375 0.10625000000000001 0.1625 0.1078125 0.9921875 0.1078125 0.9921875 0.0125 0.1609375 0.0125 0.1609375 0.10625000000000001
5 0.996875 0.8843749999999999 0.996875 0.66875 0.965625 0.66875 0.965625 0.8843749999999999 0.996875 0.8843749999999999
5 0.15625 0.4390625 0.15625 0.05 0.065625 0.05 0.065625 0.1078125 0.0671875 0.109375 0.0671875 0.1109375 0.065625 0.11249999999999999 0.065625 0.4390625 0.15625 0.4390625
5 0.9984375 0.55 0.9984375 0.44843750000000004 0.9671875 0.44843750000000004 0.9671875 0.55 0.9984375 0.55
10 0.8546875 0.9930555555555556 0.8546875 0.8921874999999999 0.7640625 0.8921874999999999 0.7640625 0.9930555555555556 0.8546875 0.9930555555555556
5 0.00625 0 0.00625 0.1016875 0.06473124999999999 0.10664583333333333 0.06473124999999999 0.049604166666666664 0.15625 0.047125 0.15401875 0 0.00625 0
5 0.16741250000000002 0.6622013888888889 0.16518125 0.7738125 0.36606875 0.7787708333333333 0.3705375 0.9930555555555556 0.765625 0.9930555555555556 0.7589312500000001 0.890375 0.46205625 0.8878958333333333 0.46205625 0.6646805555555555 0.16741250000000002 0.6622013888888889
10 0.9598125 0.3323611111111111 0.8638125000000001 0.3323611111111111 0.8638125000000001 0.4365277777777778 0.9598125 0.4365277777777778 0.9598125 0.3323611111111111
10 0.9620625 0.43899305555555557 0.8660625 0.43899305555555557 0.8660625 0.5530902777777778 0.9620625 0.5530902777777778 0.9620625 0.43899305555555557
10 0.7589375 0.3323611111111111 0.6629375 0.3323611111111111 0.6629375 0.4340277777777778 0.7589375 0.4340277777777778 0.7589375 0.3323611111111111
10 0.26340625 0.4414236111111111 0.16071875 0.4414236111111111 0.16071875 0.5580208333333334 0.26340625 0.5580208333333334 0.26340625 0.4414236111111111
10 0.76340625 0.5580208333333334 0.66521875 0.5580208333333334 0.66521875 0.6671180555555556 0.76340625 0.6671180555555556 0.76340625 0.5580208333333334
10 0.66515625 0.6721180555555555 0.56696875 0.6721180555555555 0.56696875 0.7713541666666667 0.66515625 0.7713541666666667 0.66515625 0.6721180555555555
10 0.7566875 0.78125 0.6651875 0.78125 0.6651875 0.8879166666666667 0.7566875 0.8879166666666667 0.7566875 0.78125
10 0.361625 0.8928472222222221 0.267875 0.8928472222222221 0.267875 0.9995138888888889 0.361625 0.9995138888888889 0.361625 0.8928472222222221
10 1 0.8903819444444445 0.96875 0.8903819444444445 0.96875 1 1 1 1 0.8903819444444445