5 0.2046875 0.6031249999999999 0.203125 0.6015625 0.203125 0.596875 0.2015625 0.5953124999999999 0.2015625 0.5765625000000001 0.203125 0.575 0.203125 0.5703125 0.2046875 0.5687500000000001 0.2046875 0.5640624999999999 0.20625 0.5625 0.20625 0.5609375000000001 0.2078125 0.559375 0.2078125 0.5578125 0.209375 0.5562499999999999 0.215625 0.5562499999999999 0.2171875 0.5578125 0.2203125 0.5578125 0.221875 0.559375 0.23125 0.559375 0.2328125 0.5609375000000001 0.2359375 0.5609375000000001 0.2375 0.559375 0.25625 0.559375 0.2578125 0.5578125 0.2609375 0.5578125 0.2625 0.559375 0.26875 0.559375 0.2703125 0.5578125 0.275 0.5578125 0.2765625 0.5562499999999999 0.2859375 0.5562499999999999 0.2875 0.5578125 0.290625 0.5578125 0.2953125 0.5625 0.2953125 0.5640624999999999 0.296875 0.565625 0.296875 0.578125 0.2984375 0.5796874999999999 0.2984375 0.6000000000000001 0.296875 0.6015625 0.296875 0.6328125 0.2953125 0.6343749999999999 0.2953125 0.659375 0.4375 0.659375 0.4390625 0.6578124999999999 0.44375 0.6578124999999999 0.4453125 0.65625 0.4546875 0.65625 0.45625 0.6546875000000001 0.465625 0.6546875000000001 0.46875 0.6515625 0.46875 0.6484375 0.4703125 0.6468750000000001 0.4703125 0.609375 0.46875 0.6078125000000001 0.46875 0.5078125 0.4703125 0.5062500000000001 0.4703125 0.5015624999999999 0.4734375 0.49843750000000003 0.4734375 0.49687499999999996 0.478125 0.4921875 0.48125 0.4921875 0.4828125 0.49062500000000003 0.484375 0.49062500000000003 0.4859375 0.48906249999999996 0.4875 0.48906249999999996 0.4890625 0.48750000000000004 0.4921875 0.48750000000000004 0.49375 0.48593749999999997 0.4953125 0.48593749999999997 0.4953125 0.27031249999999996 0.49375 0.26875000000000004 0.4890625 0.26875000000000004 0.4875 0.2671875 0.4859375 0.2671875 0.484375 0.265625 0.4828125 0.265625 0.4796875 0.26249999999999996 0.4765625 0.26249999999999996 0.475 0.26093750000000004 0.4734375 0.26093750000000004 0.4703125 0.2578125 0.46875 0.2578125 0.4671875 0.25625 0.465625 0.25625 0.4640625 0.25468749999999996 0.4625 0.25468749999999996 0.459375 0.2515625 0.4578125 0.2515625 0.45625 0.25 0.453125 0.25 0.4484375 0.24531250000000002 0.446875 0.24531250000000002 0.4453125 0.24375000000000002 0.4421875 0.24375000000000002 0.440625 0.2421875 0.4390625 0.2421875 0.434375 0.23750000000000002 0.4296875 0.23750000000000002 0.428125 0.23593750000000002 0.4265625 0.23593750000000002 0.421875 0.23124999999999998 0.41875 0.23124999999999998 0.4140625 0.2265625 0.4125 0.2265625 0.4109375 0.22499999999999998 0.4078125 0.22499999999999998 0.40625 0.22343749999999998 0.00625 0.22343749999999998 0.00625 0.659375 0.203125 0.659375 0.2046875 0.6578124999999999 0.2046875 0.6031249999999999
4 1 0.8859375 0.6984375 0.8859375 0.6984375 0.8937499999999999 0.7 0.8953125000000001 0.7 0.9930555555555556 0.75 0.9930555555555556 0.75 0.9515625000000001 0.7515625 0.9500000000000001 0.7515625 0.9468749999999999 0.7546875 0.9437500000000001 0.775 0.9437500000000001 0.7765625 0.9453125 0.7828125 0.9453125 0.784375 0.9468749999999999 0.803125 0.9468749999999999 0.8046875 0.9484374999999999 0.8203125 0.9484374999999999 0.821875 0.9468749999999999 0.8984375 0.9468749999999999 0.9 0.9484374999999999 0.9203125 0.9484374999999999 0.921875 0.9468749999999999 1 0.9468749999999999 1 0.8859375
1 0.09996875 0.8843402777777778 0.19840625 0.8843402777777778 0.19840625 0.7796875000000001 0.09996875 0.7796875000000001 0.09996875 0.8843402777777778
5 0.00625 0.8812500000000001 0.095625 0.8812500000000001 0.095625 0.7922222222222222 0.00625 0.7922222222222222 0.00625 0.8812500000000001
5 0.20621874999999998 0.8812500000000001 0.49528125 0.8812500000000001 0.49528125 0.7890277777777778 0.20621874999999998 0.7890277777777778 0.20621874999999998 0.8812500000000001
5 0.8046562500000001 0.4375 0.99684375 0.4375 0.99684375 0.34375 0.8046562500000001 0.34375 0.8046562500000001 0.4375
1 0.69846875 0.44222222222222224 0.80053125 0.44222222222222224 0.80053125 0.3297222222222222 0.69846875 0.3297222222222222 0.69846875 0.44222222222222224
8 0.21403124999999998 0.6593402777777777 0.28746875 0.6593402777777777 0.28746875 0.5624652777777778 0.21403124999999998 0.5624652777777778 0.21403124999999998 0.6593402777777777
6 0.503125 0.6296875 0.6 0.6296875 0.6 0.5217013888888888 0.503125 0.5217013888888888 0.503125 0.6296875
2 0.50621875 0.5296875000000001 0.59528125 0.5296875000000001 0.59528125 0.4140625 0.50621875 0.4140625 0.50621875 0.5296875000000001
0 0.99690625 1 0.99690625 0.9484722222222223 0.74834375 0.9484722222222223 0.74834375 1 0.99690625 1