5 0.9953125 0.45468749999999997 0.9953125 0.24531250000000002 0.703125 0.24531250000000002 0.703125 0.45468749999999997 0.9953125 0.45468749999999997
8 0.9828125 0.23593750000000002 0.984375 0.23750000000000002 0.9953125 0.23750000000000002 0.9953125 0.128125 0.903125 0.128125 0.903125 0.23593750000000002 0.921875 0.23593750000000002 0.9234375 0.23750000000000002 0.9625 0.23750000000000002 0.9640625 0.23593750000000002 0.9828125 0.23593750000000002
8 0.403125 0.23281249999999998 0.496875 0.23281249999999998 0.4984375 0.23124999999999998 0.4984375 0.128125 0.403125 0.128125 0.403125 0.23281249999999998
2 0.5921875 0.41659722222222223 0.5046875 0.41659722222222223 0.5046875 0.5289583333333333 0.5921875 0.5289583333333333 0.5921875 0.41659722222222223
5 0.8984375 0.6801041666666667 0.6953125 0.6801041666666667 0.6953125 0.8990625 0.8984375 0.8990625 0.8984375 0.6801041666666667
8 0.59584375 0.1259375 0.50165625 0.1259375 0.50165625 0.23614583333333336 0.59584375 0.23614583333333336 0.59584375 0.1259375
8 0.7966875 0.1268402777777778 0.6991875000000001 0.1268402777777778 0.6991875000000001 0.23704861111111108 0.7966875 0.23704861111111108 0.7966875 0.1268402777777778
5 0.59915625 0.021319444444444443 0.39834375 0.021319444444444443 0.39834375 0.12131944444444444 0.59915625 0.12131944444444444 0.59915625 0.021319444444444443
5 0.9991562500000001 0.012986111111111111 0.69834375 0.012986111111111111 0.69834375 0.11854166666666667 0.9991562500000001 0.11854166666666667 0.9991562500000001 0.012986111111111111
5 0.67833125 0.2379652777777778 0.68083125 0.013888888888888888 0.6191687499999999 0.013888888888888888 0.61833125 0.9009236111111112 0.68083125 0.8981458333333333 0.6816687499999999 0.34444444444444444 0.70166875 0.34352083333333333 0.70083125 0.23888888888888887 0.67833125 0.2379652777777778
5 0.00625 0 0.00625 0.9930555555555556 0.39916874999999996 0.9930555555555556 0.40083125 0.0148125 0.9991687499999999 0.013888888888888888 0.9974999999999999 0 0.00625 0