6 0.3984375 0.415625 0.3984375 0.32499999999999996 0.4 0.32343750000000004 0.4 0.30625 0.30625 0.30625 0.30625 0.415625 0.3984375 0.415625
5 0.590625 0.76875 0.5921875 0.7671874999999999 0.5953125 0.7671874999999999 0.5953125 0.5609375000000001 0.403125 0.5609375000000001 0.403125 0.76875 0.590625 0.76875
5 0.296875 0.4375 0.296875 0.22968750000000002 0.1046875 0.22968750000000002 0.1046875 0.4375 0.296875 0.4375
6 0.690625 0.9734375000000001 0.690625 0.8609374999999999 0.6078125 0.8609374999999999 0.6078125 0.9734375000000001 0.690625 0.9734375000000001
2 0.4046875 0.5265625 0.496875 0.5265625 0.496875 0.415625 0.40625 0.415625 0.4046875 0.41718750000000004 0.4046875 0.5265625
6 0.6390625 0.6609375 0.640625 0.6625000000000001 0.6875 0.6625000000000001 0.6890625 0.6609375 0.6890625 0.5671875 0.6078125 0.5671875 0.6078125 0.6609375 0.6390625 0.6609375
6 0.3890625 0.7765625 0.390625 0.7749999999999999 0.390625 0.690625 0.3890625 0.6890624999999999 0.3890625 0.6859375000000001 0.30625 0.6859375000000001 0.30625 0.7765625 0.3890625 0.7765625
5 0.2 0.9930555555555556 0.2 0.8859375 0.0984375 0.8859375 0.0984375 0.9930555555555556 0.2 0.9930555555555556
5 0 0.9930555555555556 0.0953125 0.9930555555555556 0.0984375 0.38125 0.1 0.37968749999999996 0.1 0.259375 0.0984375 0.2578125 0.0984375 0.22812500000000002 0.103125 0.22343749999999998 0.1078125 0.22343749999999998 0.109375 0.221875 0.1109375 0.221875 0.1125 0.22343749999999998 0.1296875 0.22343749999999998 0.13125 0.221875 0.14375 0.221875 0.1453125 0.22031250000000002 0.153125 0.22031250000000002 0.1546875 0.21875 0.1640625 0.21875 0.165625 0.21718749999999998 0.2125 0.21718749999999998 0.2140625 0.21875 0.2203125 0.21875 0.221875 0.22031250000000002 0.228125 0.22031250000000002 0.2296875 0.221875 0.25625 0.221875 0.2578125 0.22343749999999998 0.2671875 0.22343749999999998 0.26875 0.221875 0.2765625 0.221875 0.278125 0.22343749999999998 0.290625 0.22343749999999998 0.2921875 0.221875 0.3078125 0.221875 0.309375 0.22343749999999998 0.3515625 0.22343749999999998 0.353125 0.221875 0.4046875 0.221875 0.40625 0.22031250000000002 0.4109375 0.22031250000000002 0.4125 0.21875 0.4296875 0.21875 0.43125 0.21718749999999998 0.5265625 0.21718749999999998 0.528125 0.21875 0.5796875 0.21875 0.58125 0.22031250000000002 0.5921875 0.22031250000000002 0.59375 0.221875 0.6 0.221875 0.6015625 0.22031250000000002 0.603125 0.22031250000000002 0.6046875 0.221875 0.6328125 0.221875 0.634375 0.22343749999999998 0.8703125 0.22343749999999998 0.871875 0.221875 0.88125 0.221875 0.8828125 0.22031250000000002 0.884375 0.22031250000000002 0.8859375 0.21875 0.896875 0.21875 0.8984375 0.22031250000000002 0.8984375 0.22343749999999998 0.9 0.22499999999999998 0.9 0.2890625 0.8984375 0.290625 0.8984375 0.30156249999999996 0.896875 0.303125 0.896875 0.31718749999999996 0.8984375 0.31875 0.8984375 0.353125 0.896875 0.35468750000000004 0.896875 0.3609375 0.8953125 0.36250000000000004 0.8953125 0.3671875 0.896875 0.36875 0.896875 0.38125 0.8984375 0.3828125 0.8984375 0.390625 0.896875 0.3921875 0.896875 0.40312499999999996 0.8953125 0.4046875 0.8953125 0.4234375 0.896875 0.42500000000000004 0.896875 0.4359375 0.8984375 0.4375 0.8984375 0.44999999999999996 0.896875 0.45156250000000003 0.896875 0.46875 0.8953125 0.47031249999999997 0.8953125 0.47500000000000003 0.896875 0.4765625 0.896875 0.49374999999999997 0.8984375 0.49531250000000004 0.8984375 0.5671875 0.896875 0.5687500000000001 0.896875 0.59375 0.8984375 0.5953124999999999 0.8984375 0.6203125 0.896875 0.621875 0.896875 0.6625000000000001 0.8984375 0.6640625 0.8984375 0.6656249999999999 0.896875 0.6671875 0.896875 0.7328125000000001 0.8953125 0.734375 0.8953125 0.7578125 0.896875 0.7593749999999999 0.896875 0.7765625 0.8953125 0.778125 0.8953125 0.9359375000000001 0.896875 0.9375 0.896875 0.9781249999999999 0.8984375 0.9796874999999999 0.8984375 0.9930555555555556 0.99375 0.9930555555555556 0.99375 0.014062499999999999 0 0 0 0.9930555555555556
5 0.8973187499999999 0.21577083333333336 0.29464375 0.22073611111111113 0.29910625 0.33234027777777775 0.328125 0.3199375 0.35714375 0.3025763888888889 0.3794625 0.32738194444444446 0.421875 0.33234027777777775 0.4107125 0.29761805555555554 0.41964375 0.2579375 0.46205625 0.23809722222222224 0.49776875 0.26537499999999997 0.48214375 0.3224236111111111 0.90401875 0.32738194444444446 0.8973187499999999 0.21577083333333336
8 0.40621875 0.3298611111111111 0.49553125 0.3298611111111111 0.49553125 0.24055555555555555 0.40621875 0.24055555555555555 0.40621875 0.3298611111111111