5 1 0.60625 0.70625 0.60625 0.70625 0.8140624999999999 1 0.8140624999999999 1 0.60625
5 0.1109375 0.6078125000000001 0.1109375 0.8140624999999999 0.490625 0.8140624999999999 0.490625 0.6078125000000001 0.1109375 0.6078125000000001
6 0.90625 0.7906249999999999 0.90625 0.8984375 0.99375 0.8984375 0.99375 0.7906249999999999 0.90625 0.7906249999999999
5 0.20625 0.26875000000000004 0.20625 0.415625 0.4953125 0.415625 0.4953125 0.26875000000000004 0.20625 0.26875000000000004
1 0.7078125 0.046875 0.7078125 0.190625 0.8921875 0.190625 0.8921875 0.046875 0.7078125 0.046875
2 0.596875 0.42500000000000004 0.503125 0.42500000000000004 0.503125 0.5234375 0.5046875 0.5249999999999999 0.596875 0.5249999999999999 0.596875 0.42500000000000004
7 0.3109375 0.25312500000000004 0.3109375 0.3296875 0.3890625 0.3296875 0.3890625 0.25312500000000004 0.3109375 0.25312500000000004
5 0.1078125 0.0015625 0.1078125 0.140625 0.4890625 0.140625 0.4890625 0.0015625 0.1078125 0.0015625
6 0.503125 0.1328125 0.503125 0.234375 0.6015625 0.234375 0.6015625 0.1328125 0.503125 0.1328125
1 1 0.053125000000000006 0.903125 0.053125000000000006 0.903125 0.1875 0.959375 0.1875 0.9609375 0.18593749999999998 1 0.18593749999999998 1 0.053125000000000006
5 0.703125 0.0015625 0.703125 0.0390625 0.996875 0.0390625 0.996875 0.0015625 0.703125 0.0015625
1 0.509375 0.003125 0.509375 0.034375 0.69375 0.034375 0.69375 0.003125 0.509375 0.003125
5 0.00625 0.9930555555555556 0.103125 0.9930555555555556 0.103125 0.0036111111111111114 0.00625 0.0036111111111111114 0.00625 0.9930555555555556