2 0.4890625 0.5203125 0.4890625 0.4296875 0.40625 0.4296875 0.40625 0.5203125 0.4890625 0.5203125
1 0.1734375 0.7703125 0.1734375 0.6703125000000001 0.0796875 0.6703125000000001 0.0796875 0.7703125 0.1734375 0.7703125
6 0.6671875 0.41093749999999996 0.6671875 0.3109375 0.5859375 0.3109375 0.5859375 0.4140625 0.665625 0.4140625 0.665625 0.4125 0.6671875 0.41093749999999996
5 0.9421875 0.09843750000000001 0.9421875 0.0015625 0.6109375 0.0015625 0.6109375 0.09843750000000001 0.9421875 0.09843750000000001
5 0.5421875 0.09843750000000001 0.5421875 0.0015625 0.209375 0.0015625 0.209375 0.09843750000000001 0.5421875 0.09843750000000001
5 0.14375 0.1 0.14375 0.0015625 0.00625 0.0015625 0.00625 0.1 0.14375 0.1
5 0.0671875 0.7703125 0.0671875 0.6812499999999999 0.003125 0.6812499999999999 0.003125 0.7703125 0.0671875 0.7703125
6 0.3796875 0.40937500000000004 0.4734375 0.40937500000000004 0.4734375 0.3140972222222222 0.3796875 0.3140972222222222 0.3796875 0.40937500000000004
5 0.1796875 0.7718750000000001 0.9703125 0.7718750000000001 0.9703125 0.6765972222222223 0.1796875 0.6765972222222223 0.1796875 0.7718750000000001
5 0.00471875 0.9930208333333334 0.55628125 0.9930208333333334 0.55628125 0.7843402777777777 0.00471875 0.7843402777777777 0.00471875 0.9930208333333334
5 0.9484375 0.9930555555555556 0.9484375 0.78125 0.6015625 0.78125 0.6015625 0.9930555555555556 0.9484375 0.9930555555555556