5 0.6506875 0.11864583333333334 0.5574375 0.11864583333333334 0.5574375 0.2174652777777778 0.6506875 0.2174652777777778 0.6506875 0.11864583333333334
8 0.665625 0.6765625 0.434375 0.6765625 0.434375 0.7734375 0.665625 0.7734375 0.665625 0.6765625
5 0.00608125 0 0 0.9930555555555556 0.99375 0.9930555555555556 0.99375 0.7802986111111111 0.150675 0.7833055555555556 0.15608125 0 0.00608125 0
5 0.95475 0.5409027777777777 0.733125 0.5409027777777777 0.733125 0.7757638888888888 0.95475 0.7757638888888888 0.95475 0.5409027777777777
5 0.36484375 0.5428125 0.15203125 0.5428125 0.15203125 0.7757986111111111 0.36484375 0.7757986111111111 0.36484375 0.5428125
6 0.26253125 0.3344097222222222 0.18596875 0.3344097222222222 0.18596875 0.4375347222222222 0.26253125 0.4375347222222222 0.26253125 0.3344097222222222
2 0.49065624999999996 0.4203125 0.41096875 0.4203125 0.41096875 0.5249652777777778 0.49065624999999996 0.5249652777777778 0.49065624999999996 0.4203125
6 0.56096875 0.00003472222222222222 0.46565625 0.00003472222222222222 0.46565625 0.0796875 0.56096875 0.0796875 0.56096875 0.00003472222222222222
9 0.5615 0.12427083333333333 0.46287500000000004 0.12427083333333333 0.46287500000000004 0.22197916666666667 0.5615 0.22197916666666667 0.5615 0.12427083333333333
5 0.24659375 0.00034722222222222224 0.15540625 0.00034722222222222224 0.15540625 0.21743055555555554 0.24659375 0.21743055555555554 0.24659375 0.00034722222222222224
5 0.746625 0.004131944444444444 0.657125 0.004131944444444444 0.657125 0.2189236111111111 0.746625 0.2189236111111111 0.746625 0.004131944444444444
5 0.43984375 0.004131944444444444 0.25165625 0.004131944444444444 0.25165625 0.10934027777777777 0.43984375 0.10934027777777777 0.43984375 0.004131944444444444
5 0.9480000000000001 0.007916666666666666 0.746625 0.007916666666666666 0.746625 0.10930555555555556 0.9480000000000001 0.10930555555555556 0.9480000000000001 0.007916666666666666
5 0.9993437500000001 0.12427083333333333 0.7500312499999999 0.12427083333333333 0.7500312499999999 0.2204513888888889 0.9993437500000001 0.2204513888888889 0.9993437500000001 0.12427083333333333
5 0.46284375000000005 0.11114583333333333 0.24665625000000002 0.11114583333333333 0.24665625000000002 0.2174652777777778 0.46284375000000005 0.2174652777777778 0.46284375000000005 0.11114583333333333
6 0.6515625 0.19371527777777778 0.5734375 0.19371527777777778 0.5734375 0.30156249999999996 0.6515625 0.30156249999999996 0.6515625 0.19371527777777778