5 0.203125 0.6577777777777778 0.4 0.6577777777777778 0.4 0.44527777777777783 0.203125 0.44527777777777783 0.203125 0.6577777777777778
1 0.3078125 0.1984375 0.3921875 0.1984375 0.3921875 0.11878472222222222 0.3078125 0.11878472222222222 0.3078125 0.1984375
5 0.3940625 0.21902777777777777 0.4995625 0.21902777777777777 0.4995625 0.11402777777777778 0.3940625 0.11402777777777778 0.3940625 0.21902777777777777
5 0.00621875 0.2218402777777778 0.30153125 0.2218402777777778 0.30153125 0.11246527777777778 0.00621875 0.11246527777777778 0.00621875 0.2218402777777778
1 0.29996875 0.5124652777777778 0.39528125 0.5124652777777778 0.39528125 0.43281250000000004 0.29996875 0.43281250000000004 0.29996875 0.5124652777777778
6 0.40934375 0.534375 0.49215625 0.534375 0.49215625 0.415625 0.40934375 0.415625 0.40934375 0.534375
2 0.5046875 0.5296875000000001 0.5984375 0.5296875000000001 0.5984375 0.4155902777777778 0.5046875 0.4155902777777778 0.5046875 0.5296875000000001
5 0.5 0.3265277777777778 0.69375 0.3265277777777778 0.69375 0.11249999999999999 0.5 0.11249999999999999 0.5 0.3265277777777778
5 0.6015312500000001 0.9930555555555556 0.7030937500000001 0.9930555555555556 0.7030937500000001 0.7749999999999999 0.6015312500000001 0.7749999999999999 0.6015312500000001 0.9930555555555556
8 0.27496875 0.9930902777777777 0.52028125 0.9930902777777777 0.52028125 0.8906597222222222 0.27496875 0.8906597222222222 0.27496875 0.9930902777777777
5 0.9991687499999999 0.0018541666666666667 0.00625 0 0.00625 0.10833333333333334 0.7 0.10925694444444445 0.7025 0.9930555555555556 1 0.9930555555555556 0.9991687499999999 0.0018541666666666667