5 0.6984375 0.5296875000000001 0.6984375 0.32343750000000004 0.5015625 0.32343750000000004 0.5015625 0.5296875000000001 0.5546875 0.5296875000000001 0.55625 0.528125 0.5671875 0.528125 0.56875 0.5265625 0.571875 0.5265625 0.5734375 0.528125 0.5765625 0.528125 0.578125 0.5296875000000001 0.6984375 0.5296875000000001
5 0.4015625 0.04375 0.4015625 0.0125 0.4 0.0109375 0.4 0.009375000000000001 0.4015625 0.0078125 0.4015625 0.0015625 0.2078125 0.0015625 0.2078125 0.2 0.3984375 0.2 0.3984375 0.1921875 0.4 0.190625 0.4 0.08124999999999999 0.4015625 0.0796875 0.4015625 0.0640625 0.4 0.0625 0.4 0.045312500000000006 0.4015625 0.04375
5 0.2 0.6546875000000001 0.2 0.8734375000000001 0.2953125 0.8734375000000001 0.2984375 0.8703125 0.2984375 0.6546875000000001 0.2 0.6546875000000001
5 0.99375 0.20156249999999998 0.99375 0.003125 0.9015625 0.003125 0.9015625 0.20156249999999998 0.99375 0.20156249999999998
1 0.509375 0 0.509375 0.07343749999999999 0.590625 0.07343749999999999 0.5921875 0.071875 0.5921875 0 0.509375 0
5 0.99375 0.8734375000000001 0.99375 0.653125 0.8984375 0.653125 0.8984375 0.8734375000000001 0.99375 0.8734375000000001
5 0.8875 0.09375 0.8921875 0.09375 0.8953125 0.09062500000000001 0.8953125 0.0015625 0.6015625 0.0015625 0.6015625 0.0953125 0.8859375 0.0953125 0.8875 0.09375
2 0.4921875 0.5218750000000001 0.4921875 0.43125 0.49375 0.4296875 0.49375 0.4234375 0.403125 0.4234375 0.403125 0.5234375 0.490625 0.5234375 0.4921875 0.5218750000000001
1 0.5046875 0.296875 0.5046875 0.3734375 0.596875 0.3734375 0.5984375 0.37187499999999996 0.5984375 0.296875 0.5046875 0.296875
6 0.59375 0.609375 0.59375 0.5109375 0.5046875 0.5109375 0.5046875 0.6109374999999999 0.590625 0.6109374999999999 0.5921875 0.609375 0.59375 0.609375
6 0.8921875 0.3921875 0.8921875 0.29218750000000004 0.8078125 0.29218750000000004 0.8078125 0.3921875 0.8921875 0.3921875
5 0.503125 0.0921875 0.503125 0.0015625 0.4046875 0.0015625 0.4046875 0.09375 0.4984375 0.09375 0.5 0.0921875 0.503125 0.0921875
8 0.6234375 0.8703125 0.6234375 0.76875 0.3796875 0.76875 0.3796875 0.8703125 0.6234375 0.8703125
6 0.8953125 0.49843750000000003 0.8953125 0.4046875 0.8046875 0.4046875 0.8046875 0.49843750000000003 0.8953125 0.49843750000000003
5 0.0109375 0 0 0.9930555555555556 0.99375 0.9930555555555556 0.99375 0.875 0.2015625 0.875 0.1984375 0.871875 0.1984375 0.6234375000000001 0.2 0.621875 0.2 0.6203125 0.1984375 0.6187499999999999 0.1984375 0.6125 0.2 0.6109374999999999 0.2 0.44843750000000004 0.2015625 0.44687499999999997 0.2015625 0.44375 0.2 0.44218749999999996 0.2 0.4375 0.2015625 0.4359375 0.2015625 0.43281250000000004 0.2 0.43125 0.2 0.375 0.2015625 0.3734375 0.2015625 0.3671875 0.2 0.365625 0.2 0.36250000000000004 0.2015625 0.3609375 0.2015625 0.3578125 0.2 0.35624999999999996 0.2 0.3375 0.2015625 0.3359375 0.2015625 0.25312500000000004 0.2 0.2515625 0.2 0.2140625 0.2015625 0.21250000000000002 0.2015625 0.17031249999999998 0.203125 0.16875 0.203125 0.1296875 0.2015625 0.128125 0.2015625 0.125 0.203125 0.12343749999999999 0.203125 0.12031249999999999 0.2015625 0.11875000000000001 0.2015625 0.0875 0.203125 0.0859375 0.203125 0.0078125 0.2015625 0.00625 0.2015625 0 0.0109375 0
6 0.3 0.3890625 0.4 0.3890625 0.4 0.2796875 0.3 0.2796875 0.3 0.3890625