5 0.0625 0.6421874999999999 0.0609375 0.64375 0.0578125 0.64375 0.05625 0.6453125 0.0546875 0.6453125 0.0515625 0.6484375 0.05 0.6484375 0.0484375 0.6499999999999999 0.0453125 0.6499999999999999 0.0390625 0.65625 0.0328125 0.65625 0.0265625 0.6625000000000001 0.0203125 0.6625000000000001 0.0140625 0.66875 0.009375 0.66875 0.0078125 0.6703125000000001 0.0078125 0.78125 0.0109375 0.784375 0.0125 0.784375 0.0140625 0.7859375 0.01875 0.7859375 0.0203125 0.7875000000000001 0.021875 0.7875000000000001 0.025 0.7906249999999999 0.025 0.7921875 0.0296875 0.796875 0.0296875 0.809375 0.03125 0.8109375000000001 0.03125 0.83125 0.0328125 0.8328125 0.0328125 0.8359375 0.0359375 0.8359375 0.0375 0.8374999999999999 0.0671875 0.8374999999999999 0.06875 0.8359375 0.2203125 0.8359375 0.221875 0.8343750000000001 0.2234375 0.8343750000000001 0.2265625 0.83125 0.23125 0.83125 0.2328125 0.8296874999999999 0.2671875 0.8296874999999999 0.26875 0.83125 0.271875 0.83125 0.275 0.8343750000000001 0.2765625 0.8343750000000001 0.278125 0.8359375 0.2828125 0.8359375 0.284375 0.8374999999999999 0.34375 0.8374999999999999 0.3453125 0.8359375 0.35 0.8359375 0.3515625 0.8374999999999999 0.353125 0.8359375 0.5078125 0.8359375 0.509375 0.8374999999999999 0.565625 0.8374999999999999 0.5671875 0.8359375 0.5671875 0.8343750000000001 0.56875 0.8328125 0.56875 0.83125 0.571875 0.828125 0.571875 0.8234375 0.5734375 0.8218749999999999 0.5734375 0.7953125000000001 0.5828125 0.7859375 0.590625 0.7859375 0.59375 0.7828124999999999 0.59375 0.78125 0.5953125 0.7796875000000001 0.5953125 0.6765625 0.59375 0.675 0.59375 0.6734374999999999 0.5921875 0.671875 0.5921875 0.6703125000000001 0.5890625 0.6671875 0.5875 0.6671875 0.584375 0.6640625 0.5828125 0.6640625 0.58125 0.6625000000000001 0.5765625 0.6625000000000001 0.575 0.6609375 0.5734375 0.6609375 0.5703125 0.6578124999999999 0.56875 0.6578124999999999 0.5671875 0.65625 0.5640625 0.65625 0.5625 0.6546875000000001 0.5609375 0.6546875000000001 0.5578125 0.6515625 0.55625 0.6515625 0.5546875 0.6499999999999999 0.5515625 0.6499999999999999 0.55 0.6484375 0.5484375 0.6484375 0.546875 0.6468750000000001 0.546875 0.6453125 0.54375 0.6453125 0.5421875 0.64375 0.5390625 0.64375 0.5375 0.6421874999999999 0.5359375 0.6421874999999999 0.5328125 0.6390625000000001 0.53125 0.6390625000000001 0.5296875 0.6375 0.5265625 0.6375 0.5203125 0.6312500000000001 0.0828125 0.6312500000000001 0.08125 0.6328125 0.0796875 0.6328125 0.0765625 0.6359375 0.075 0.6359375 0.0734375 0.6375 0.0703125 0.6375 0.06875 0.6390625000000001 0.0671875 0.6390625000000001 0.0640625 0.6421874999999999 0.0625 0.6421874999999999
5 0.99375 0.1671875 0.99375 0.0015625 0.834375 0.0015625 0.834375 0.17031249999999998 0.9921875 0.17031249999999998 0.9921875 0.16875 0.99375 0.1671875
5 0.69375 0.8359375 0.69375 0.7484375000000001 0.60625 0.7484375000000001 0.60625 0.8359375 0.69375 0.8359375
8 0.4828125 0.1671875 0.4828125 0.08124999999999999 0.415625 0.08124999999999999 0.415625 0.1671875 0.4828125 0.1671875
5 0.99375 0.9930555555555556 0.99375 0.9546874999999999 0.99375 0.953125 0.99375 0.9453125 0.99375 0.9437500000000001 0.99375 0.8500000000000001 0.625 0.8500000000000001 0.625 0.9930555555555556 0.99375 0.9930555555555556
1 0.7046875 0.7390625 0.7046875 0.8421875000000001 0.796875 0.8421875000000001 0.7984375 0.840625 0.7984375 0.7390625 0.7046875 0.7390625
1 0.2 0.171875 0.2 0.07343749999999999 0.1046875 0.07343749999999999 0.1046875 0.17343750000000002 0.196875 0.17343750000000002 0.1984375 0.171875 0.2 0.171875
2 0.4953125 0.5171874999999999 0.4953125 0.43281250000000004 0.40625 0.43281250000000004 0.40625 0.5171874999999999 0.4953125 0.5171874999999999
5 0.4046875 0.1 0.403125 0.09843750000000001 0.403125 0.0859375 0.4015625 0.084375 0.4015625 0.078125 0.403125 0.0765625 0.403125 0.07500000000000001 0.409375 0.06875 0.4125 0.06875 0.4140625 0.06718750000000001 0.415625 0.06875 0.41875 0.06875 0.4203125 0.0703125 0.4234375 0.0703125 0.425 0.071875 0.4296875 0.071875 0.43125 0.07343749999999999 0.490625 0.07343749999999999 0.49375 0.0765625 0.49375 0.16562500000000002 0.4953125 0.1671875 0.740625 0.1671875 0.7421875 0.16875 0.7671875 0.16875 0.76875 0.1671875 0.76875 0.004687500000000001 0.23125 0.004687500000000001 0.23125 0.16875 0.39375 0.16875 0.3953125 0.1671875 0.403125 0.1671875 0.4046875 0.16562500000000002 0.4046875 0.1109375 0.403125 0.109375 0.403125 0.1078125 0.4046875 0.10625000000000001 0.4046875 0.1
5 0.1 0.9930555555555556 0.1 0.8500000000000001 0.0046875 0.8500000000000001 0.0046875 0.9930555555555556 0.1 0.9930555555555556
5 0.5984375 0.9930555555555556 0.5984375 0.8515625 0.503125 0.8515625 0.503125 0.9930555555555556 0.5984375 0.9930555555555556
6 0.2015625 0.828125 0.2015625 0.9296875 0.296875 0.9296875 0.2984375 0.9281250000000001 0.2984375 0.828125 0.2015625 0.828125
5 0.809375 0.8374999999999999 0.99375 0.8374999999999999 0.99375 0.75 0.809375 0.75 0.809375 0.8374999999999999