5 0.6859375 0.7703125 0.6859375 0.5640624999999999 0.4921875 0.5640624999999999 0.4921875 0.7703125 0.6859375 0.7703125
5 0.884375 0.7718750000000001 0.884375 0.5640624999999999 0.6890625 0.5640624999999999 0.6890625 0.7718750000000001 0.884375 0.7718750000000001
2 0.528125 0.5203125 0.5296875 0.51875 0.5640625 0.51875 0.565625 0.5203125 0.5734375 0.5203125 0.575 0.51875 0.59375 0.51875 0.59375 0.4234375 0.5109375 0.4234375 0.5109375 0.5171874999999999 0.5125 0.5171874999999999 0.5140625 0.51875 0.515625 0.51875 0.5171875 0.5203125 0.528125 0.5203125
5 0.278125 0.44062500000000004 0.278125 0.16249999999999998 0.19375 0.16249999999999998 0.19375 0.44062500000000004 0.278125 0.44062500000000004
5 0.8828125 0.3296875 0.8828125 0.171875 0.2921875 0.171875 0.2921875 0.3296875 0.7234375 0.3296875 0.725 0.328125 0.7296875 0.328125 0.73125 0.3296875 0.8828125 0.3296875
5 0.2796875 0.9930555555555556 0.2796875 0.6640625 0.1953125 0.6640625 0.1953125 0.9930555555555556 0.2796875 0.9930555555555556
7 0.9109375 0.6187499999999999 0.9125 0.6203125 0.984375 0.6203125 0.984375 0.546875 0.9109375 0.546875 0.9109375 0.6187499999999999
5 0.27455625 0.16120833333333331 0.2857125 0.11904861111111112 0.00625 0.12152777777777778 0.00625 0.22569444444444445 0.18973125 0.22569444444444445 0.18973125 0.1636875 0.27455625 0.16120833333333331
5 0.996875 0.11562499999999999 0.996875 0.003125 0.00625 0.003125 0.00625 0.11562499999999999 0.996875 0.11562499999999999
5 0.9953125 0.9930555555555556 0.9953125 0.890625 0.2875 0.890625 0.2875 0.9930555555555556 0.9953125 0.9930555555555556
5 0.9125 0.55 0.9140625 0.5484374999999999 0.934375 0.5484374999999999 0.9359375 0.55 0.9859375 0.55 0.9859375 0.16562500000000002 0.8921875 0.16562500000000002 0.8921875 0.55 0.9015625 0.55 0.903125 0.5484374999999999 0.9046875 0.5484374999999999 0.90625 0.55 0.9125 0.55
6 0.796875 0.41093749999999996 0.796875 0.30937499999999996 0.703125 0.30937499999999996 0.703125 0.41093749999999996 0.796875 0.41093749999999996