1 0.20625 0.11562499999999999 0.20625 0.259375 0.3984375 0.259375 0.3984375 0.11562499999999999 0.20625 0.11562499999999999
1 0.5953125 0.2515625 0.5953125 0.11249999999999999 0.4078125 0.11249999999999999 0.4078125 0.259375 0.59375 0.259375 0.59375 0.25312500000000004 0.5953125 0.2515625
2 0.4 0.41874999999999996 0.4 0.528125 0.4984375 0.528125 0.4984375 0.41874999999999996 0.4 0.41874999999999996
5 0.8046875 0.6734374999999999 0.8046875 0.8875 0.99375 0.8875 0.99375 0.6734374999999999 0.8046875 0.6734374999999999
1 0.6046875 0.0015625 0.6046875 0.10625000000000001 0.790625 0.10625000000000001 0.790625 0.0015625 0.6046875 0.0015625
6 0.7 0.20156249999999998 0.7 0.3046875 0.7984375 0.3046875 0.7984375 0.20156249999999998 0.7 0.20156249999999998
5 0.8078125 0.3296875 0.8078125 0.484375 0.99375 0.484375 0.99375 0.3296875 0.8078125 0.3296875
5 0.19915624999999998 1 0.19915624999999998 0.002777777777777778 0 0.002777777777777778 0 1 0.19915624999999998 1
5 0.6 0.006284722222222223 0.2 0.006284722222222223 0.2 0.1109375 0.6 0.1109375 0.6 0.006284722222222223
6 0.39534375 0.85625 0.30315625 0.85625 0.30315625 0.9734722222222223 0.39534375 0.9734722222222223 0.39534375 0.85625
5 0.5937812499999999 0.674375 0.20471875 0.674375 0.20471875 0.886875 0.5937812499999999 0.886875 0.5937812499999999 0.674375
7 0.9890625 0.3203472222222222 0.9109375 0.3203472222222222 0.9109375 0.4015972222222222 0.9890625 0.4015972222222222 0.9890625 0.3203472222222222
7 0.88909375 0.3203472222222222 0.80940625 0.3203472222222222 0.80940625 0.4015972222222222 0.88909375 0.4015972222222222 0.88909375 0.3203472222222222
6 0.696875 0.3093402777777778 0.6 0.3093402777777778 0.6 0.41718750000000004 0.696875 0.41718750000000004 0.696875 0.3093402777777778
5 0.99378125 0.007777777777777778 0.80784375 0.007777777777777778 0.80784375 0.21875 0.99378125 0.21875 0.99378125 0.007777777777777778