5 0.7031562499999999 0.04465277777777778 0.50671875 0.04465277777777778 0.50671875 0.14631944444444445 0.7031562499999999 0.14631944444444445 0.7031562499999999 0.04465277777777778
5 0.7030937500000001 0.2628819444444444 0.60490625 0.2628819444444444 0.60490625 0.37447916666666664 0.7030937500000001 0.37447916666666664 0.7030937500000001 0.2628819444444444
5 0.99378125 0.7124999999999999 0.80159375 0.7124999999999999 0.80159375 0.9249999999999999 0.99378125 0.9249999999999999 0.99378125 0.7124999999999999
6 0.31253125000000004 0.48593749999999997 0.23596875 0.48593749999999997 0.23596875 0.5937847222222222 0.31253125000000004 0.5937847222222222 0.31253125000000004 0.48593749999999997
6 0.684375 0.33906250000000004 0.6125 0.33906250000000004 0.6125 0.44218749999999996 0.684375 0.44218749999999996 0.684375 0.33906250000000004
2 0.4953125 0.41718750000000004 0.4046875 0.41718750000000004 0.4046875 0.5280902777777778 0.4953125 0.5280902777777778 0.4953125 0.41718750000000004
6 0.5953125 0.11402777777777778 0.5046875 0.11402777777777778 0.5046875 0.22027777777777777 0.5953125 0.22027777777777777 0.5953125 0.11402777777777778
9 0.60715625 0.27284722222222224 0.50671875 0.27284722222222224 0.50671875 0.37451388888888887 0.60715625 0.37451388888888887 0.60715625 0.27284722222222224
5 0.0022312499999999997 0 0 0.9930555555555556 0.99375 0.9930555555555556 0.99375 0.9325416666666667 0.20089375 0.9325416666666667 0.20758749999999998 0.03968055555555556 0.99375 0.03720138888888889 0.99375 0 0.0022312499999999997 0
5 0.3995625 0.7093402777777778 0.1941875 0.7093402777777778 0.1941875 0.9301041666666667 0.3995625 0.9301041666666667 0.3995625 0.7093402777777778
5 0.299125 0.037187500000000005 0.203125 0.037187500000000005 0.203125 0.37197916666666664 0.299125 0.37197916666666664 0.299125 0.037187500000000005
5 0.799125 0.037187500000000005 0.707625 0.037187500000000005 0.707625 0.37197916666666664 0.799125 0.37197916666666664 0.799125 0.037187500000000005
5 1 0.27034722222222224 0.801375 0.27034722222222224 0.801375 0.37701388888888887 1 0.37701388888888887 1 0.27034722222222224
5 0.50225 0.26784722222222224 0.299125 0.26784722222222224 0.299125 0.3695138888888889 0.50225 0.3695138888888889 0.50225 0.26784722222222224
5 0.50671875 0.04711805555555556 0.29690625000000004 0.04711805555555556 0.29690625000000004 0.2628819444444444 0.50671875 0.2628819444444444 0.50671875 0.04711805555555556
5 1 0.04215277777777778 0.801375 0.04215277777777778 0.801375 0.26534722222222223 1 0.26534722222222223 1 0.04215277777777778
8 0.71875 0.8234375 0.484375 0.8234375 0.484375 0.9280902777777779 0.71875 0.9280902777777779 0.71875 0.8234375