0 0.9955375 0 0.8995562500000001 0.0024791666666666664 0.8950875 0.3844236111111111 0.70535625 0.3844236111111111 0.70535625 0.4513888888888889 0.796875 0.4414652777777778 0.7924125 0.6696458333333334 1 0.6622013888888889 0.9955375 0
2 0.596875 0.5265625 0.596875 0.421875 0.5078125 0.421875 0.5078125 0.5265625 0.596875 0.5265625
0 0.203125 0 0.19643125 0.672125 0.3013375 0.6572430555555555 0.29910625 0.4513888888888889 0.4955375 0.44643055555555555 0.49106875 0.04215972222222222 0.28794375 0.052083333333333336 0.2857125 0 0.203125 0
6 0.4921875 0.19374999999999998 0.4921875 0.12031249999999999 0.40625 0.12031249999999999 0.40625 0.19374999999999998 0.4921875 0.19374999999999998
1 0.7984375 0.6656249999999999 0.7984375 0.44843750000000004 0.7 0.44843750000000004 0.7 0.6656249999999999 0.7984375 0.6656249999999999
8 0.70625 0.8843749999999999 0.70625 0.7671874999999999 0.496875 0.7671874999999999 0.496875 0.8843749999999999 0.70625 0.8843749999999999
5 0.7546875 0.8890625000000001 0.75625 0.890625 0.996875 0.890625 0.996875 0.6734374999999999 0.7109375 0.6734374999999999 0.7109375 0.8890625000000001 0.7125 0.8890625000000001 0.7140625 0.890625 0.75 0.890625 0.7515625 0.8890625000000001 0.7546875 0.8890625000000001
1 0.5000312499999999 0.4365277777777778 0.39509375 0.4365277777777778 0.39509375 0.6647222222222222 0.5000312499999999 0.6647222222222222 0.5000312499999999 0.4365277777777778
0 0.79240625 0.04461805555555556 0.5937187500000001 0.04461805555555556 0.5937187500000001 0.23065972222222225 0.79240625 0.23065972222222225 0.79240625 0.04461805555555556
6 0.3921875 0.4187152777777778 0.3046875 0.4187152777777778 0.3046875 0.5265625 0.3921875 0.5265625 0.3921875 0.4187152777777778
5 0.09821250000000001 0.8804583333333333 0.49106875 0.8829375 0.49776875 0.6770833333333334 0.19643125 0.6696458333333334 0.18526875 0.004958333333333333 0.10268124999999999 0 0.09821250000000001 0.8804583333333333
5 0.00625 0 0.00625 0.9930555555555556 1 0.9930555555555556 1 0.8829375 0.09821250000000001 0.8854166666666666 0.09821250000000001 0 0.00625 0