5 0.6015625 0.33281249999999996 0.6015625 0.4375 0.79375 0.4375 0.79375 0.22968750000000002 0.6 0.22968750000000002 0.6 0.23281249999999998 0.6015625 0.234375 0.6015625 0.321875 0.6 0.32343750000000004 0.6 0.33125000000000004 0.6015625 0.33281249999999996
5 0.0984375 0.4375 0.0984375 0.22968750000000002 0.00625 0.22968750000000002 0.00625 0.4375 0.0984375 0.4375
5 0.4953125 0.3125 0.4953125 0.328125 0.496875 0.3296875 0.6 0.3296875 0.6 0.2265625 0.49375 0.2265625 0.49375 0.23281249999999998 0.4953125 0.234375 0.4953125 0.3046875 0.49375 0.30625 0.49375 0.3109375 0.4953125 0.3125
5 0.3 0.3296875 0.4 0.3296875 0.4 0.221875 0.1015625 0.221875 0.1015625 0.328125 0.103125 0.3296875 0.2171875 0.3296875 0.21875 0.33125000000000004 0.2984375 0.33125000000000004 0.3 0.3296875
6 0.2875 0.5296875000000001 0.209375 0.5296875000000001 0.209375 0.640625 0.2109375 0.6421874999999999 0.215625 0.6421874999999999 0.2171875 0.64375 0.2875 0.64375 0.2875 0.5296875000000001
1 0.490625 0.30781250000000004 0.490625 0.23124999999999998 0.409375 0.23124999999999998 0.409375 0.30781250000000004 0.490625 0.30781250000000004
5 0.8015625 0.9930555555555556 0.8015625 0.8890625000000001 0.7015625 0.8890625000000001 0.7015625 0.9930555555555556 0.8015625 0.9930555555555556
2 0.59375 0.428125 0.59375 0.415625 0.503125 0.415625 0.503125 0.5265625 0.596875 0.5265625 0.596875 0.44218749999999996 0.5953125 0.44062500000000004 0.5953125 0.4296875 0.59375 0.428125
5 0.1 0.9930555555555556 0.1 0.8875 0.00625 0.8875 0.00625 0.9930555555555556 0.1 0.9930555555555556
5 0.00625 0 0.00625 0.22073611111111113 0.2578125 0.22343749999999998 0.259375 0.221875 0.2796875 0.221875 0.28125 0.22343749999999998 0.4 0.22343749999999998 0.4015625 0.221875 0.4140625 0.221875 0.415625 0.22343749999999998 0.4921875 0.22343749999999998 0.49375 0.221875 0.5015625 0.221875 0.503125 0.22343749999999998 0.54375 0.22343749999999998 0.5453125 0.221875 0.6046875 0.221875 0.60625 0.22343749999999998 0.7515625 0.22343749999999998 0.753125 0.22499999999999998 0.7921875 0.22499999999999998 0.79375 0.2265625 0.79375 0.22812500000000002 0.7953125 0.22968750000000002 0.7953125 0.24531250000000002 0.796875 0.24687499999999998 0.796875 0.25312500000000004 0.7953125 0.25468749999999996 0.7953125 0.259375 0.796875 0.26093750000000004 0.796875 0.27031249999999996 0.7953125 0.271875 0.7953125 0.2875 0.796875 0.2890625 0.796875 0.4359375 0.7984375 0.4375 0.7984375 0.44218749999999996 0.8 0.44375 0.8 0.6156250000000001 0.7984375 0.6171875 0.7984375 0.7359374999999999 0.8 0.7375 0.8 0.890625 0.8015625 0.8921874999999999 0.8015625 0.9921875 0.803125 0.9930555555555556 0.9875 0.9930555555555556 1 0 0.00625 0
5 0.496875 0.5569097222222221 0.303125 0.5569097222222221 0.303125 0.7662847222222222 0.496875 0.7662847222222222 0.496875 0.5569097222222221