5 0.9484375 0.3375 0.95 0.3359375 0.99375 0.3359375 0.99375 0.24375000000000002 0.696875 0.24375000000000002 0.696875 0.3375 0.9484375 0.3375
2 0.4078125 0.51875 0.409375 0.5171874999999999 0.48125 0.5171874999999999 0.4828125 0.51875 0.490625 0.51875 0.4921875 0.5171874999999999 0.4953125 0.5171874999999999 0.4953125 0.421875 0.40625 0.421875 0.40625 0.51875 0.4078125 0.51875
8 0.4984375 0.23281249999999998 0.4984375 0.22968750000000002 0.5 0.22812500000000002 0.5 0.203125 0.4984375 0.20156249999999998 0.4984375 0.19374999999999998 0.5 0.1921875 0.5 0.184375 0.4984375 0.1828125 0.4984375 0.128125 0.403125 0.128125 0.403125 0.23281249999999998 0.4984375 0.23281249999999998
5 0.796875 0.5734375 0.796875 0.40625 0.7046875 0.40625 0.7046875 0.5734375 0.796875 0.5734375
5 0.2953125 0.7859375 0.2953125 0.5765625000000001 0.2015625 0.5765625000000001 0.2015625 0.7859375 0.2953125 0.7859375
5 0.296875 0.5718749999999999 0.296875 0.4078125 0.203125 0.4078125 0.203125 0.5718749999999999 0.296875 0.5718749999999999
5 0.6046875 0 0.6046875 0.45625000000000004 0.671875 0.45625000000000004 0.6734375 0.45468749999999997 0.696875 0.45468749999999997 0.696875 0 0.6046875 0
5 0.1015625 0.7921875 0.1015625 0.6828125 0.003125 0.6828125 0.003125 0.7921875 0.1015625 0.7921875
5 0.103125 0.8953125000000001 0.103125 0.8 0.0015625 0.8 0.0015625 0.8953125000000001 0.103125 0.8953125000000001
5 0.5984375 0.12031249999999999 0.5984375 0.0015625 0.4046875 0.0015625 0.4046875 0.12031249999999999 0.5984375 0.12031249999999999
5 0.8890625 0.40156250000000004 0.8890625 0.35468750000000004 0.7 0.35468750000000004 0.7 0.40156250000000004 0.8890625 0.40156250000000004
5 0.1953125 0.8968750000000001 0.1953125 0.40156250000000004 0.1078125 0.40156250000000004 0.1078125 0.8968750000000001 0.1953125 0.8968750000000001
5 0.8921875 0.9930555555555556 0.8921875 0.4 0.809375 0.4 0.809375 0.9930555555555556 0.8921875 0.9930555555555556
5 0.8 0.7859375 0.8 0.6875 0.7046875 0.6875 0.7046875 0.7859375 0.8 0.7859375
5 0.9921875 0.9930555555555556 0.9921875 0.34687500000000004 0.8953125 0.34687500000000004 0.8953125 0.9930555555555556 0.9921875 0.9930555555555556
5 0.7984375 0.7859375 0.7984375 0.58125 0.7046875 0.58125 0.7046875 0.7859375 0.7984375 0.7859375
10 0.1 0.215625 0.1 0.11875000000000001 0.0078125 0.11875000000000001 0.0078125 0.215625 0.1 0.215625
5 0.1046875 0.3484027777777778 0.2953125 0.3484027777777778 0.2953125 0.015625 0.1046875 0.015625 0.1046875 0.3484027777777778
5 0.109375 0.4017847222222222 0.3013375 0.40426388888888887 0.3013375 0.45634722222222224 0.39955625 0.45634722222222224 0.39955625 0.3546597222222222 0.11160624999999999 0.35218055555555555 0.109375 0.4017847222222222