2 0.4921875 0.5203125 0.4921875 0.4203125 0.4125 0.4203125 0.4125 0.5203125 0.4921875 0.5203125
5 0.8578125 0.33281249999999996 0.859375 0.33125000000000004 0.8609375 0.33125000000000004 0.8625 0.3296875 0.8625 0.004687500000000001 0.765625 0.004687500000000001 0.765625 0.33281249999999996 0.8578125 0.33281249999999996
5 0.965625 0.7749999999999999 0.965625 0.5562499999999999 0.665625 0.5562499999999999 0.665625 0.7749999999999999 0.965625 0.7749999999999999
1 0.6609375 0.9930555555555556 0.6609375 0.7859375 0.5609375 0.7859375 0.5609375 0.9930555555555556 0.6609375 0.9930555555555556
1 0.659375 0.7734375 0.659375 0.559375 0.559375 0.559375 0.559375 0.7734375 0.659375 0.7734375
1 0.3609375 0.9930555555555556 0.3609375 0.7859375 0.2625 0.7859375 0.2625 0.9930555555555556 0.3609375 0.9930555555555556
5 0.7609375 0.109375 0.7609375 0.0015625 0.1609375 0.0015625 0.1609375 0.109375 0.7609375 0.109375
5 0.1609375 0.33281249999999996 0.1609375 0.33125000000000004 0.1625 0.3296875 0.1625 0.003125 0.0625 0.003125 0.0625 0.33281249999999996 0.1609375 0.33281249999999996
8 0.55625 0.31562500000000004 0.55625 0.22499999999999998 0.3671875 0.22499999999999998 0.3671875 0.31562500000000004 0.55625 0.31562500000000004
5 0.9515625 0.10625000000000001 0.953125 0.10468749999999999 0.965625 0.10468749999999999 0.965625 0.0015625 0.8625 0.0015625 0.8625 0.10625000000000001 0.9515625 0.10625000000000001
5 0.99375 0.76875 0.99375 0.44843750000000004 0.9671875 0.44843750000000004 0.9671875 0.76875 0.99375 0.76875
5 0.99375 0.9930555555555556 0.99375 0.8937499999999999 0.9671875 0.8937499999999999 0.9671875 0.9930555555555556 0.99375 0.9930555555555556
1 0.6609375 0.5640624999999999 0.6609375 0.3375 0.559375 0.3375 0.559375 0.5640624999999999 0.6609375 0.5640624999999999
5 0.99375 0.10468749999999999 0.99375 0.0015625 0.96875 0.0015625 0.96875 0.10468749999999999 0.99375 0.10468749999999999
1 0.3640625 0.7718750000000001 0.3640625 0.559375 0.2640625 0.559375 0.2640625 0.7718750000000001 0.3640625 0.7718750000000001
5 0.0578125 0.10625000000000001 0.059375 0.10468749999999999 0.0609375 0.10468749999999999 0.0625 0.103125 0.0625 0.0015625 0.0015625 0.0015625 0.0015625 0.10625000000000001 0.0578125 0.10625000000000001
1 0.2589375 0.5530902777777778 0.3660625 0.5530902777777778 0.3660625 0.3373263888888889 0.2589375 0.3373263888888889 0.2589375 0.5530902777777778
5 0.6674375 0.7713541666666667 0.9643124999999999 0.7713541666666667 0.9643124999999999 0.5530902777777778 0.6674375 0.5530902777777778 0.6674375 0.7713541666666667
5 0 0.7762847222222222 0.26115625 0.7762847222222222 0.26115625 0.5630208333333333 0 0.5630208333333333 0 0.7762847222222222
5 0.16741250000000002 0.3298611111111111 0.3638375 0.33234027777777775 0.36160625 0.22073611111111113 0.5669625 0.22817361111111112 0.5535687499999999 0.33234027777777775 0.765625 0.33234027777777775 0.7589312500000001 0.109125 0.16071249999999998 0.11409027777777776 0.16741250000000002 0.3298611111111111