2 0.4875 0.51875 0.4890625 0.5171874999999999 0.4890625 0.43125 0.4078125 0.43125 0.4078125 0.51875 0.4875 0.51875
5 0.7859375 0.4390625 0.7859375 0.23281249999999998 0.6921875 0.23281249999999998 0.6921875 0.4390625 0.7859375 0.4390625
5 0.2828125 0.44062500000000004 0.2828125 0.23281249999999998 0.190625 0.23281249999999998 0.190625 0.44062500000000004 0.2828125 0.44062500000000004
5 0.7910625 0.78125 0.8796875 0.78125 0.8796875 0.055833333333333325 0.7910625 0.055833333333333325 0.7910625 0.78125
5 0 0.8829166666666667 0.8839062500000001 0.8829166666666667 0.8839062500000001 0.78125 0 0.78125 0 0.8829166666666667
5 0.8794625 0 0.8839312500000001 0.8829375 0 0.8829375 0 0.9930555555555556 0.99375 0.9930555555555556 0.99375 0 0.8794625 0
5 0.68525 0.052083333333333336 0.875 0.052083333333333336 0.875 0.0025 0.68525 0.0025 0.68525 0.052083333333333336
5 0.69640625 0.2256597222222222 0.7812187500000001 0.2256597222222222 0.7812187500000001 0.06447916666666667 0.69640625 0.06447916666666667 0.69640625 0.2256597222222222
5 0.59375 0.10913194444444445 0.68525 0.10913194444444445 0.68525 0.00003472222222222222 0.59375 0.00003472222222222222 0.59375 0.10913194444444445
5 0.19415625 0.22572916666666668 0.28346875 0.22572916666666668 0.28346875 0.05954861111111111 0.19415625 0.05954861111111111 0.19415625 0.22572916666666668
5 0.09375 0.5505902777777778 0.1875 0.5505902777777778 0.1875 0.05454861111111112 0.09375 0.05454861111111112 0.09375 0.5505902777777778
5 0 0.5480902777777777 0.0915 0.5480902777777777 0.0915 0.45385416666666667 0 0.45385416666666667 0 0.5480902777777777
5 0 0.43895833333333334 0.08703125 0.43895833333333334 0.08703125 0.33729166666666666 0 0.33729166666666666 0 0.43895833333333334
5 0.09375 0.052083333333333336 0.28348125 0.05704166666666667 0.28348125 0.109125 0.3794625 0.09920833333333333 0.38169375 0 0.09375 0.0024791666666666664 0.09375 0.052083333333333336