2 0.4109375 0.43125 0.4109375 0.5171874999999999 0.490625 0.5171874999999999 0.4921875 0.515625 0.4921875 0.43125 0.4109375 0.43125
5 0.95 0.21718749999999998 0.95 0.11875000000000001 0.75 0.11875000000000001 0.75 0.21875 0.9421875 0.21875 0.94375 0.21718749999999998 0.95 0.21718749999999998
5 0.153125 0.12031249999999999 0.153125 0.21875 0.446875 0.21875 0.4484375 0.21718749999999998 0.4484375 0.12031249999999999 0.153125 0.12031249999999999
8 0.053125 0.1171875 0.053125 0.21718749999999998 0.146875 0.21718749999999998 0.1484375 0.215625 0.1484375 0.1171875 0.053125 0.1171875
5 0.5515625 0.11875000000000001 0.5515625 0.21718749999999998 0.6484375 0.21718749999999998 0.65 0.215625 0.65 0.11875000000000001 0.5515625 0.11875000000000001
5 0.0453125 0.7718750000000001 0.0453125 0.6203125 0.0015625 0.6203125 0.0015625 0.7718750000000001 0.0453125 0.7718750000000001
5 0.0484375 0.21718749999999998 0.0484375 0.1171875 0.0015625 0.1171875 0.0015625 0.21718749999999998 0.0484375 0.21718749999999998
5 0.99375 0.5609375000000001 0.99375 0.11562499999999999 0.95625 0.11562499999999999 0.95625 0.5609375000000001 0.99375 0.5609375000000001
5 0.99375 0.9930555555555556 0.99375 0.609375 0.9578125 0.609375 0.9578125 0.9930555555555556 0.99375 0.9930555555555556
5 0.9921875 0.1171875 0.9921875 0.004687500000000001 0.003125 0.004687500000000001 0.003125 0.1171875 0.9921875 0.1171875
6 0.45465625000000004 0.9752083333333333 0.5468437500000001 0.9752083333333333 0.5468437500000001 0.8625694444444444 0.45465625000000004 0.8625694444444444 0.45465625000000004 0.9752083333333333
8 0.45228124999999997 0.21722222222222223 0.5468437500000001 0.21722222222222223 0.5468437500000001 0.11888888888888889 0.45228124999999997 0.11888888888888889 0.45228124999999997 0.21722222222222223
8 0.653125 0.21878472222222223 0.746875 0.21878472222222223 0.746875 0.1171875 0.653125 0.1171875 0.653125 0.21878472222222223
5 0 0.7759375 0.05 0.7759375 0.05 0.6157291666666667 0 0.6157291666666667 0 0.7759375
5 0.95083125 0.6129652777777778 0.99375 0.6138888888888889 0.99375 0.5657430555555556 0.65166875 0.5564791666666666 0.6525000000000001 0.6629652777777778 0.95 0.6648125 0.95083125 0.6129652777777778
5 0.05 0.6157430555555555 0.05 0.6666666666666666 0.44583125 0.6657430555555556 0.44583125 0.5583333333333333 0.0008312500000000001 0.5555555555555556 0 0.6166666666666667 0.05 0.6157430555555555