5 0.403125 0.559375 0.403125 0.76875 0.5953125 0.76875 0.596875 0.7671874999999999 0.596875 0.559375 0.403125 0.559375
5 0.1046875 0.22968750000000002 0.1046875 0.4390625 0.296875 0.4390625 0.2984375 0.4375 0.2984375 0.22968750000000002 0.1046875 0.22968750000000002
2 0.409375 0.415625 0.409375 0.5234375 0.490625 0.5234375 0.4921875 0.5218750000000001 0.49375 0.5218750000000001 0.49375 0.5171874999999999 0.4921875 0.515625 0.4921875 0.4203125 0.49375 0.41874999999999996 0.49375 0.415625 0.409375 0.415625
5 0.9015625 0.9930555555555556 0.9015625 0.8890625000000001 0.8 0.8890625000000001 0.8 0.9930555555555556 0.9015625 0.9930555555555556
5 0.096875 0.8890625000000001 0.096875 0.9930555555555556 0.1984375 0.9930555555555556 0.2 0.9930555555555556 0.2 0.8890625000000001 0.096875 0.8890625000000001
5 0.2984375 0.33125000000000004 0.40625 0.33125000000000004 0.4078125 0.3296875 0.4078125 0.26875000000000004 0.40625 0.2671875 0.40625 0.234375 0.4078125 0.23281249999999998 0.4078125 0.22343749999999998 0.2984375 0.22343749999999998 0.2984375 0.33125000000000004
1 0.4921875 0.30781250000000004 0.4921875 0.23124999999999998 0.4078125 0.23124999999999998 0.4078125 0.30781250000000004 0.4921875 0.30781250000000004
5 0.89375 0.4375 0.89375 0.23124999999999998 0.803125 0.23124999999999998 0.803125 0.4375 0.89375 0.4375
6 0.3859375 0.7515624999999999 0.3859375 0.6468750000000001 0.3109375 0.6468750000000001 0.3109375 0.7515624999999999 0.3859375 0.7515624999999999
5 0.534375 0.31718749999999996 0.534375 0.31562500000000004 0.5375 0.3125 0.5390625 0.3125 0.540625 0.3109375 0.5578125 0.3109375 0.559375 0.3125 0.5609375 0.3125 0.5625 0.3140625 0.5640625 0.3140625 0.5671875 0.31718749999999996 0.56875 0.31718749999999996 0.5703125 0.31875 0.571875 0.31875 0.5734375 0.3203125 0.5734375 0.321875 0.5765625 0.32499999999999996 0.578125 0.32499999999999996 0.5796875 0.3265625 0.5796875 0.328125 0.5828125 0.33125000000000004 0.5890625 0.33125000000000004 0.590625 0.33281249999999996 0.6578125 0.33281249999999996 0.659375 0.33125000000000004 0.7921875 0.33125000000000004 0.79375 0.3296875 0.796875 0.3296875 0.7984375 0.328125 0.7984375 0.221875 0.4953125 0.221875 0.4953125 0.33281249999999996 0.515625 0.33281249999999996 0.5171875 0.33125000000000004 0.51875 0.33125000000000004 0.5203125 0.3296875 0.521875 0.3296875 0.5296875 0.321875 0.5296875 0.3203125 0.5328125 0.31718749999999996 0.534375 0.31718749999999996
6 0.5953125 0.4140625 0.5953125 0.30625 0.5046875 0.30625 0.5046875 0.4140625 0.5953125 0.4140625
5 0 0.9930555555555556 0.09821250000000001 0.9930555555555556 0.1049125 0.22569444444444445 0.8950875 0.22073611111111113 0.9017875 0.9930555555555556 0.99375 0.9930555555555556 0.99375 0 0 0.0074375 0 0.9930555555555556