2 0.403125 0.4140625 0.403125 0.5296875000000001 0.490625 0.5296875000000001 0.490625 0.4140625 0.403125 0.4140625
5 0.50625 0.10468749999999999 0.5078125 0.10468749999999999 0.509375 0.10625000000000001 0.5109375 0.10468749999999999 0.6 0.10468749999999999 0.6 0.0078125 0.50625 0.0078125 0.50625 0.009375000000000001 0.5046875 0.0109375 0.5046875 0.103125 0.50625 0.10468749999999999
5 0.0078125 0 0.0078125 0.9930555555555556 0.99375 0.9930555555555556 0.99375 0.8879652777777778 0.69375 0.8875 0.6921875 0.8890625000000001 0.559375 0.8890625000000001 0.5578125 0.8875 0.3421875 0.8875 0.340625 0.8859375 0.3328125 0.8859375 0.33125 0.8875 0.3125 0.8875 0.3109375 0.8890625000000001 0.30625 0.8890625000000001 0.3046875 0.8875 0.3046875 0.8859375 0.303125 0.8843749999999999 0.303125 0.8828125 0.3015625 0.8812500000000001 0.3015625 0.8796875 0.3 0.878125 0.3 0.875 0.2984375 0.8734375000000001 0.2984375 0.840625 0.296875 0.8390625 0.296875 0.8203125 0.2984375 0.8187500000000001 0.2984375 0.7890625 0.296875 0.7875000000000001 0.296875 0.73125 0.2984375 0.7296875 0.2984375 0.48906249999999996 0.3 0.48750000000000004 0.3 0.48281250000000003 0.2984375 0.48124999999999996 0.2984375 0.45156250000000003 0.3 0.44999999999999996 0.3 0.4203125 0.2984375 0.41874999999999996 0.2984375 0.396875 0.3 0.39531249999999996 0.3 0.3671875 0.2984375 0.365625 0.2984375 0.3296875 0.3 0.328125 0.3 0.31718749999999996 0.2984375 0.31562500000000004 0.2984375 0.2734375 0.3 0.271875 0.3 0.26875000000000004 0.2984375 0.2671875 0.2984375 0.215625 0.3 0.2140625 0.3 0.2109375 0.3015625 0.20937499999999998 0.3015625 0.2078125 0.303125 0.20625 0.303125 0.20156249999999998 0.3046875 0.2 0.3046875 0.025 0.303125 0.0234375 0.303125 0.0125 0.3015625 0.0109375 0.3015625 0.003125 0.303125 0.0015625 0.303125 0 0.0078125 0
8 0.7140625 0.8796875 0.715625 0.878125 0.7171875 0.8796875 0.71875 0.8796875 0.7203125 0.8812500000000001 0.7203125 0.8828125 0.721875 0.8828125 0.721875 0.7796875000000001 0.484375 0.7796875000000001 0.484375 0.8843749999999999 0.7078125 0.8843749999999999 0.7125 0.8796875 0.7140625 0.8796875
5 0.9999687500000001 0.007430555555555556 0.69665625 0.007430555555555556 0.69665625 0.11020833333333332 0.9999687500000001 0.11020833333333332 0.9999687500000001 0.007430555555555556
1 0.7008125 0.3194791666666667 0.6033125 0.3194791666666667 0.6033125 0.40371527777777777 0.7008125 0.40371527777777777 0.7008125 0.3194791666666667
6 0.5921875 0.30319444444444443 0.5078125 0.30319444444444443 0.5078125 0.42194444444444446 0.5921875 0.42194444444444446 0.5921875 0.30319444444444443
1 0.69221875 0.0078125 0.60628125 0.0078125 0.60628125 0.0921875 0.69221875 0.0921875 0.69221875 0.0078125
5 0.40071874999999996 0.6656597222222222 0.29603125 0.6656597222222222 0.29603125 0.8875347222222223 0.40071874999999996 0.8875347222222223 0.40071874999999996 0.6656597222222222
5 0.5000312499999999 0.004652777777777778 0.30471875000000004 0.004652777777777778 0.30471875000000004 0.21715277777777778 0.5000312499999999 0.21715277777777778 0.5000312499999999 0.004652777777777778
5 0.79846875 0.33284722222222224 0.60003125 0.33284722222222224 0.60003125 0.546875 0.79846875 0.546875 0.79846875 0.33284722222222224