5 0.4015625 0 0.4015625 0.22031250000000002 0.7984375 0.22031250000000002 0.7984375 0 0.4015625 0
5 0.396875 0.21875 0.396875 0.060937500000000006 0.2046875 0.060937500000000006 0.2046875 0.21875 0.396875 0.21875
5 0.99375 0.22031250000000002 0.99375 0.060937500000000006 0.803125 0.060937500000000006 0.803125 0.22031250000000002 0.99375 0.22031250000000002
5 0.99375 0.5531250000000001 0.99375 0.3359375 0.603125 0.3359375 0.603125 0.5531250000000001 0.99375 0.5531250000000001
2 0.4953125 0.528125 0.4953125 0.41718750000000004 0.40625 0.41718750000000004 0.40625 0.528125 0.4953125 0.528125
6 0.7953125 0.7484375000000001 0.7953125 0.640625 0.7046875 0.640625 0.7046875 0.7484375000000001 0.7953125 0.7484375000000001
1 0.3953125 0.6703125000000001 0.3953125 0.5609375000000001 0.39375 0.559375 0.39375 0.5578125 0.309375 0.5578125 0.309375 0.6703125000000001 0.3953125 0.6703125000000001
6 0.4859375 0.41718750000000004 0.4859375 0.30625 0.4078125 0.30625 0.4078125 0.41718750000000004 0.4859375 0.41718750000000004
8 0.715625 0.8859375 0.715625 0.78125 0.48125 0.78125 0.48125 0.8859375 0.715625 0.8859375
5 0.39375 0.48281250000000003 0.39375 0.33281249999999996 0.2046875 0.33281249999999996 0.2046875 0.48281250000000003 0.39375 0.48281250000000003
5 0.99375 0.056249999999999994 0.99375 0.0015625 0.803125 0.0015625 0.803125 0.056249999999999994 0.99375 0.056249999999999994
5 0.4046875 0.7703125 0.4046875 0.675 0.3046875 0.675 0.3046875 0.7703125 0.4046875 0.7703125
5 0.3953125 0.056249999999999994 0.396875 0.0546875 0.396875 0.0015625 0.203125 0.0015625 0.203125 0.056249999999999994 0.3953125 0.056249999999999994
5 0.3109375 0.5578125 0.3921875 0.5578125 0.3921875 0.5015624999999999 0.309375 0.5015624999999999 0.309375 0.5562499999999999 0.3109375 0.5578125
5 0.99375 0.984375 0.99375 0.8875 0.990625 0.8875 0.9890625 0.8890625000000001 0.9734375 0.8890625000000001 0.971875 0.8875 0.58125 0.8875 0.5796875 0.8890625000000001 0.575 0.8890625000000001 0.5734375 0.8875 0.5390625 0.8875 0.5375 0.8890625000000001 0.4796875 0.8890625000000001 0.478125 0.8875 0.4328125 0.8875 0.43125 0.8890625000000001 0.2609375 0.8890625000000001 0.259375 0.8875 0.2328125 0.8875 0.23125 0.8890625000000001 0.2125 0.8890625000000001 0.2109375 0.8875 0.2046875 0.8875 0.203125 0.8859375 0.2015625 0.8859375 0.2 0.8843749999999999 0.2 0.8796875 0.1984375 0.878125 0.1984375 0.8703125 0.2 0.8687499999999999 0.2 0.8374999999999999 0.2015625 0.8359375 0.2015625 0.8234375 0.203125 0.8218749999999999 0.203125 0.7953125000000001 0.2015625 0.79375 0.2015625 0.7828124999999999 0.203125 0.78125 0.203125 0.6875 0.2015625 0.6859375000000001 0.2015625 0.66875 0.2 0.6671875 0.2 0.590625 0.2015625 0.5890625 0.2015625 0.5765625000000001 0.2 0.575 0.2 0.5484374999999999 0.1984375 0.546875 0.1984375 0.5296875000000001 0.2 0.528125 0.2 0.5265625 0.1984375 0.5249999999999999 0.1984375 0.51875 0.2 0.5171874999999999 0.2 0.5062500000000001 0.2015625 0.5046875 0.2015625 0.46875 0.2 0.46718750000000003 0.2 0.44687499999999997 0.2015625 0.4453125 0.2015625 0.44218749999999996 0.203125 0.44062500000000004 0.203125 0.41874999999999996 0.2046875 0.41718750000000004 0.2046875 0.37187499999999996 0.203125 0.37031250000000004 0.203125 0.34375 0.2015625 0.3421875 0.2015625 0.33125000000000004 0.2 0.3296875 0.2 0.23124999999999998 0.1984375 0.22968750000000002 0.1984375 0.2265625 0.2 0.22499999999999998 0.2 0.1984375 0.2015625 0.19687500000000002 0.2015625 0.1921875 0.203125 0.190625 0.203125 0.0765625 0.2015625 0.07500000000000001 0.2015625 0.0703125 0.2 0.06875 0.2 0.0546875 0.1984375 0.053125000000000006 0.1984375 0.009375000000000001 0.015625 0.009375000000000001 0.015625 0.984375 0.99375 0.984375
5 0.20159375000000002 0.7749999999999999 0.30628125 0.7749999999999999 0.30628125 0.66875 0.20159375000000002 0.66875 0.20159375000000002 0.7749999999999999
6 0.21253125 0.6375 0.28909375000000004 0.6375 0.28909375000000004 0.5249999999999999 0.21253125 0.5249999999999999 0.21253125 0.6375