1 0.11246875 0.4425694444444444 0.26165625000000003 0.4425694444444444 0.26165625000000003 0.3342361111111111 0.11246875 0.3342361111111111 0.11246875 0.4425694444444444
1 0.30746875 0.43885416666666666 0.46165625 0.43885416666666666 0.46165625 0.3351736111111111 0.30746875 0.3351736111111111 0.30746875 0.43885416666666666
6 0.6640625 0.746875 0.6640625 0.6671875 0.6625 0.6656249999999999 0.6625 0.6546875000000001 0.6609375 0.653125 0.6609375 0.6468750000000001 0.6625 0.6453125 0.6625 0.6421874999999999 0.5828125 0.6421874999999999 0.5828125 0.746875 0.6640625 0.746875
6 0.265625 0.5234375 0.26875 0.5203125 0.26875 0.42500000000000004 0.1796875 0.42500000000000004 0.1796875 0.5234375 0.265625 0.5234375
6 0.7546875 0.4125 0.75625 0.41093749999999996 0.7578125 0.41093749999999996 0.7578125 0.30781250000000004 0.684375 0.30781250000000004 0.684375 0.4125 0.7546875 0.4125
5 0.6546875 0.55 0.65625 0.5484374999999999 0.6609375 0.5484374999999999 0.6609375 0.1640625 0.5671875 0.1640625 0.5671875 0.55 0.6546875 0.55
2 0.4921875 0.5203125 0.4921875 0.4234375 0.4109375 0.4234375 0.4109375 0.5203125 0.4921875 0.5203125
5 0.85625 0.5484374999999999 0.85625 0.45156250000000003 0.6671875 0.45156250000000003 0.6671875 0.5484374999999999 0.85625 0.5484374999999999
8 0.48125 0.9930555555555556 0.48125 0.8859375 0.2390625 0.8859375 0.2390625 0.9930555555555556 0.48125 0.9930555555555556
5 0.396875 0.22031250000000002 0.3984375 0.21875 0.4171875 0.21875 0.41875 0.21718749999999998 0.4265625 0.21718749999999998 0.428125 0.21875 0.4625 0.21875 0.4640625 0.21718749999999998 0.5609375 0.21718749999999998 0.5625 0.215625 0.5625 0.1875 0.5609375 0.18593749999999998 0.5609375 0.16562500000000002 0.565625 0.1609375 0.6546875 0.1609375 0.65625 0.16249999999999998 0.6578125 0.16249999999999998 0.659375 0.1640625 0.659375 0.1828125 0.6609375 0.184375 0.6609375 0.20468750000000002 0.659375 0.20625 0.659375 0.21250000000000002 0.6609375 0.2140625 0.6609375 0.215625 0.6625 0.21718749999999998 0.8421875 0.21718749999999998 0.84375 0.21875 0.8609375 0.21875 0.8625 0.22031250000000002 0.8625 0.1109375 0.06333124999999999 0.10925694444444445 0.0625 0.21944444444444444 0.396875 0.22031250000000002
5 0 0.9930555555555556 0.0609375 0.9930555555555556 0.0609375 0.9493611111111111 0.0625 0.9477986111111112 0.0625 0.7056111111111112 0.0609375 0.7040486111111111 0.0609375 0.5102986111111112 0.0625 0.5087361111111111 0.0625 0.4571736111111111 0.0609375 0.45561111111111113 0.0609375 0.44779861111111113 0.0625 0.44623611111111106 0.0609375 0.44467361111111114 0.0609375 0.11498611111111111 0.0625 0.1134236111111111 0.0625 0.11186111111111112 0.0640625 0.11029861111111111 0.153125 0.11029861111111111 0.1546875 0.1087361111111111 0.165625 0.1087361111111111 0.1671875 0.10717361111111111 0.18125 0.10717361111111111 0.1828125 0.10561111111111111 0.2015625 0.10561111111111111 0.203125 0.10717361111111111 0.2046875 0.10717361111111111 0.20625 0.10561111111111111 0.209375 0.10561111111111111 0.2109375 0.10717361111111111 0.2859375 0.10717361111111111 0.2875 0.1087361111111111 0.340625 0.1087361111111111 0.3421875 0.11029861111111111 0.3765625 0.11029861111111111 0.378125 0.1087361111111111 0.4140625 0.1087361111111111 0.415625 0.10717361111111111 0.48125 0.10717361111111111 0.4828125 0.1087361111111111 0.621875 0.1087361111111111 0.6234375 0.11029861111111111 0.85625 0.11029861111111111 0.8578125 0.11186111111111112 0.859375 0.11186111111111112 0.8640625 0.11654861111111112 0.8640625 0.11967361111111112 0.8625 0.1212361111111111 0.8625 0.18686111111111112 0.8609375 0.1884236111111111 0.8609375 0.22592361111111112 0.8625 0.22748611111111114 0.8625 0.4274861111111111 0.8609375 0.42904861111111114 0.8609375 0.44467361111111114 0.859375 0.44623611111111106 0.859375 0.4493611111111111 0.8609375 0.4509236111111112 0.8609375 0.45404861111111106 0.859375 0.45561111111111113 0.859375 0.49311111111111106 0.8578125 0.49467361111111113 0.8578125 0.5431111111111111 0.859375 0.5446736111111111 0.859375 0.5618611111111111 0.8609375 0.5634236111111111 0.8609375 0.5681111111111111 0.8625 0.5696736111111111 0.8625 0.9930555555555556 0.99375 0.9930555555555556 0.99375 0.004576388888888889 0 0.0009236111111111112 0 0.9930555555555556
5 0.66415625 0.8860763888888888 0.75246875 0.8860763888888888 0.75246875 0.7823958333333334 0.66415625 0.7823958333333334 0.66415625 0.8860763888888888
5 0.86253125 1 0.86253125 0.8916666666666667 0.76334375 0.8916666666666667 0.76334375 1 0.86253125 1
1 0.30665624999999996 0.3333680555555556 0.45996875 0.3333680555555556 0.45996875 0.22315972222222222 0.30665624999999996 0.22315972222222222 0.30665624999999996 0.3333680555555556
1 0.062468749999999997 0.3351736111111111 0.21415625 0.3351736111111111 0.21415625 0.22774305555555557 0.062468749999999997 0.22774305555555557 0.062468749999999997 0.3351736111111111
1 0.1125 0.7765277777777777 0.2625 0.7765277777777777 0.2625 0.6672222222222222 0.1125 0.6672222222222222 0.1125 0.7765277777777777
1 0.11168750000000001 0.6667013888888889 0.26168749999999996 0.6667013888888889 0.26168749999999996 0.5592708333333333 0.11168750000000001 0.5592708333333333 0.11168750000000001 0.6667013888888889