5 0.7984375 0.018784722222222223 0.5046875 0.018784722222222223 0.5046875 0.16565972222222222 0.7984375 0.16565972222222222 0.7984375 0.018784722222222223
2 0.403125 0.41874999999999996 0.403125 0.5296875000000001 0.490625 0.5296875000000001 0.490625 0.41874999999999996 0.403125 0.41874999999999996
8 0.5259375000000001 1 0.5259375000000001 0.88875 0.2816875 0.88875 0.2816875 1 0.5259375000000001 1
6 0.0953125 0.5374652777777778 0.0046875 0.5374652777777778 0.0046875 0.6530902777777778 0.0953125 0.6530902777777778 0.0953125 0.5374652777777778
6 0.18909375 0.7640625000000001 0.11253125 0.7640625000000001 0.11253125 0.8734375000000001 0.18909375 0.8734375000000001 0.18909375 0.7640625000000001
6 0.80003125 0.7687847222222222 0.70159375 0.7687847222222222 0.70159375 0.8719097222222223 0.80003125 0.8719097222222223 0.80003125 0.7687847222222222
5 0.89221875 0.3547222222222222 0.50628125 0.3547222222222222 0.50628125 0.5672222222222223 0.89221875 0.5672222222222223 0.89221875 0.3547222222222222
5 0.29534375 0.353125 0.00003125 0.353125 0.00003125 0.5671527777777778 0.29534375 0.5671527777777778 0.29534375 0.353125
7 0.78753125 0.0015625 0.7109687499999999 0.0015625 0.7109687499999999 0.0796875 0.78753125 0.0796875 0.78753125 0.0015625
7 0.6890625 0.0015625 0.6109375 0.0015625 0.6109375 0.08121527777777778 0.6890625 0.08121527777777778 0.6890625 0.0015625
7 0.58909375 0.0015625 0.50940625 0.0015625 0.50940625 0.08121527777777778 0.58909375 0.08121527777777778 0.58909375 0.0015625
6 0.396875 0.0015972222222222223 0.3 0.0015972222222222223 0.3 0.09687499999999999 0.396875 0.09687499999999999 0.396875 0.0015972222222222223
5 0.898375 0 0.898375 1 1 1 1 0 0.898375 0