1 0.51340625 0.4588541666666667 0.58034375 0.4588541666666667 0.58034375 0.3794791666666667 0.51340625 0.3794791666666667 0.51340625 0.4588541666666667
1 0.5859375 0.24843749999999998 0.5859375 0.1640625 0.5109375 0.1640625 0.5109375 0.24843749999999998 0.5859375 0.24843749999999998
5 0.203125 0 0.203125 0.5890625 0.396875 0.5890625 0.396875 0 0.203125 0
2 0.490625 0.5249999999999999 0.4921875 0.5234375 0.4921875 0.421875 0.409375 0.421875 0.409375 0.5249999999999999 0.490625 0.5249999999999999
6 0.3890625 0.8999999999999999 0.390625 0.8984375 0.3953125 0.8984375 0.3953125 0.79375 0.3046875 0.79375 0.3046875 0.8999999999999999 0.3890625 0.8999999999999999
6 0.190625 0.12343749999999999 0.1921875 0.12187500000000001 0.1921875 0.0171875 0.1046875 0.0171875 0.1046875 0.12343749999999999 0.190625 0.12343749999999999
6 0.5921875 0.34687500000000004 0.5921875 0.24062499999999998 0.50625 0.24062499999999998 0.50625 0.34687500000000004 0.5921875 0.34687500000000004
5 0.603125 0.9930555555555556 0.603125 0.9296875 0.003125 0.9296875 0.003125 0.9930555555555556 0.603125 0.9930555555555556
5 0.596875 0.1296875 0.596875 0.2421875 0.5984375 0.24375000000000002 0.5984375 0.34687500000000004 0.596875 0.34843749999999996 0.596875 0.35468750000000004 0.5984375 0.35624999999999996 0.5984375 0.5046875 0.6 0.5062500000000001 0.6 0.5406249999999999 0.5984375 0.5421875 0.5984375 0.575 0.596875 0.5765625000000001 0.596875 0.578125 0.5984375 0.5796874999999999 0.5984375 0.59375 0.596875 0.5953124999999999 0.596875 0.7375 0.5953125 0.7390625 0.5953125 0.7671874999999999 0.596875 0.76875 0.596875 0.78125 0.5953125 0.7828124999999999 0.5953125 0.8171875 0.596875 0.8187500000000001 0.596875 0.8796875 0.5984375 0.8812500000000001 0.5984375 0.9078124999999999 0.596875 0.9093749999999999 0.596875 0.9265625000000001 0.5984375 0.9281250000000001 0.5984375 0.9656250000000001 0.596875 0.9671875000000001 0.596875 0.9765625 0.5953125 0.9781249999999999 0.5953125 0.9796874999999999 0.596875 0.9812500000000001 0.596875 0.9906250000000001 0.9921875 0.9906250000000001 0.9921875 0.00625 0.5953125 0.00625 0.5953125 0.128125 0.596875 0.1296875
6 0.50628125 0.5703472222222222 0.59221875 0.5703472222222222 0.59221875 0.46340277777777783 0.50628125 0.46340277777777783 0.50628125 0.5703472222222222
6 0.5078437499999999 0.12340277777777778 0.59065625 0.12340277777777778 0.59065625 0.013958333333333331 0.5078437499999999 0.013958333333333331 0.5078437499999999 0.12340277777777778