5 0.5984375 0.4390625 0.7953125 0.4390625 0.7953125 0.3421875 0.5984375 0.3421875 0.5984375 0.4390625
5 0.99375 0.9930555555555556 0.99375 0.8937499999999999 0.796875 0.8937499999999999 0.796875 0.9930555555555556 0.99375 0.9930555555555556
5 0.59375 0.6609375 0.59375 0.5640624999999999 0.4015625 0.5640624999999999 0.4015625 0.6609375 0.59375 0.6609375
2 0.4890625 0.5171874999999999 0.4890625 0.42656249999999996 0.4109375 0.42656249999999996 0.4109375 0.5171874999999999 0.4890625 0.5171874999999999
5 0.7953125 0.9930555555555556 0.7953125 0.7796875000000001 0.7046875 0.7796875000000001 0.7046875 0.9930555555555556 0.7953125 0.9930555555555556
8 0.99375 0.8875 0.99375 0.778125 0.803125 0.778125 0.803125 0.8875 0.99375 0.8875
6 0.7984375 0.5203125 0.7984375 0.421875 0.703125 0.421875 0.703125 0.5203125 0.7984375 0.5203125
8 0.4 0.32499999999999996 0.4 0.22343749999999998 0.3015625 0.22343749999999998 0.3015625 0.32499999999999996 0.4 0.32499999999999996
5 0.003125 0 0.003125 0.5515625 0.09375 0.5515625 0.09375 0 0.003125 0
5 0.59375 0.5640624999999999 0.59375 0.0015625 0.5046875 0.0015625 0.5046875 0.5640624999999999 0.59375 0.5640624999999999
5 0.60003125 0.2109375 0.6953437499999999 0.2109375 0.6953437499999999 0.0015625 0.60003125 0.0015625 0.60003125 0.2109375
5 0.80159375 0.42656249999999996 0.99378125 0.42656249999999996 0.99378125 0.3499652777777778 0.80159375 0.3499652777777778 0.80159375 0.42656249999999996
5 0.30628125 0.8968750000000001 0.39221875 0.8968750000000001 0.39221875 0.5609027777777778 0.30628125 0.5609027777777778 0.30628125 0.8968750000000001
5 0 0.9999652777777778 0.096 0.9999652777777778 0.096 0.9498958333333333 0 0.9498958333333333 0 0.9999652777777778
5 0.19865625 1 0.19865625 0.9449652777777777 0.10046875 0.9449652777777777 0.10046875 1 0.19865625 1
5 0 0.9449375 0.19643125 0.9449375 0.19196249999999998 0.9920625 0.3950875 0.9930555555555556 0.39285625 0.8978194444444445 0 0.890375 0 0.9449375