5 0.4296875 0.44218749999999996 0.6203125 0.44218749999999996 0.6203125 0.0078125 0.4296875 0.0078125 0.4296875 0.44218749999999996
5 0.0265625 0 0.0265625 0.9930555555555556 0.1265625 0.9930555555555556 0.1265625 0 0.0265625 0
5 0 0.9999652777777778 0.02415625 0.9999652777777778 0.02415625 0.001840277777777778 0 0.001840277777777778 0 0.9999652777777778
5 0.9296875 0.9999652777777778 0.9984375 0.9999652777777778 0.9984375 0.014062499999999999 0.9296875 0.014062499999999999 0.9296875 0.9999652777777778
5 0.62809375 0 0.62809375 0.44375 0.7265312500000001 0.44375 0.7265312500000001 0 0.62809375 0
1 0.72884375 0.4390277777777778 0.8210312500000001 0.4390277777777778 0.8210312500000001 0.34375 0.72884375 0.34375 0.72884375 0.4390277777777778
0 0.12653125 0.4406597222222222 0.42496875 0.4406597222222222 0.42496875 0.0078125 0.12653125 0.0078125 0.12653125 0.4406597222222222
0 0.625 0.9930555555555556 0.925 0.9930555555555556 0.925 0.675 0.625 0.675 0.625 0.9930555555555556
5 0.43121875000000004 0.9930555555555556 0.62028125 0.9930555555555556 0.62028125 0.6734722222222222 0.43121875000000004 0.6734722222222222 0.43121875000000004 0.9930555555555556
5 0.328125 0.9930555555555556 0.425 0.9930555555555556 0.425 0.6672222222222222 0.328125 0.6672222222222222 0.328125 0.9930555555555556
6 0.35 0.6328125 0.425 0.6328125 0.425 0.5281597222222223 0.35 0.5281597222222223 0.35 0.6328125
2 0.51090625 0.5234027777777778 0.5937187500000001 0.5234027777777778 0.5937187500000001 0.428125 0.51090625 0.428125 0.51090625 0.5234027777777778