9 0.871875 0.12187500000000001 0.871875 0.21875 0.8734375 0.21875 0.875 0.22031250000000002 0.965625 0.22031250000000002 0.965625 0.12187500000000001 0.871875 0.12187500000000001
6 0.96875 0.078125 0.96875 0.0015625 0.878125 0.0015625 0.878125 0.078125 0.96875 0.078125
8 0.9921875 0.7734375 0.9921875 0.675 0.759375 0.675 0.759375 0.7734375 0.9921875 0.7734375
5 0.76875 0.21718749999999998 0.76875 0.0015625 0.678125 0.0015625 0.678125 0.21718749999999998 0.76875 0.21718749999999998
5 0.6734375 0.109375 0.6734375 0.0015625 0.478125 0.0015625 0.478125 0.109375 0.6734375 0.109375
2 0.5921875 0.5218750000000001 0.5921875 0.421875 0.5109375 0.421875 0.5109375 0.5218750000000001 0.5921875 0.5218750000000001
5 0.8671875 0.12031249999999999 0.7734375 0.12031249999999999 0.7734375 0.215625 0.775 0.21718749999999998 0.778125 0.21718749999999998 0.7796875 0.21875 0.8671875 0.21875 0.8671875 0.12031249999999999
5 0.278125 0.12343749999999999 0.278125 0.22031250000000002 0.6671875 0.22031250000000002 0.66875 0.21875 0.6734375 0.21875 0.6734375 0.12343749999999999 0.278125 0.12343749999999999
6 0.1671875 0.190625 0.1671875 0.08906249999999999 0.0828125 0.08906249999999999 0.0828125 0.190625 0.1671875 0.190625
5 0.2703125 0.21718749999999998 0.2703125 0.11562499999999999 0.178125 0.11562499999999999 0.178125 0.21718749999999998 0.2703125 0.21718749999999998
5 0.071875 0.21875 0.071875 0.11562499999999999 0.00625 0.11562499999999999 0.00625 0.21875 0.071875 0.21875
5 0.0765625 0.7749999999999999 0.0765625 0.5578125 0.00625 0.5578125 0.00625 0.7749999999999999 0.0765625 0.7749999999999999
5 0.675 0.7734375 0.675 0.559375 0.471875 0.559375 0.471875 0.7734375 0.675 0.7734375
6 0.265625 0.4203125 0.1828125 0.4203125 0.1828125 0.5218750000000001 0.184375 0.5234375 0.1890625 0.5234375 0.190625 0.5249999999999999 0.265625 0.5249999999999999 0.265625 0.4203125
5 0.9984375 0.21875 0.9984375 0.12031249999999999 0.9703125 0.12031249999999999 0.9703125 0.21875 0.9984375 0.21875
5 0.9984375 0.11406250000000001 0.9984375 0.004687500000000001 0.9890625 0.004687500000000001 0.9890625 0.11406250000000001 0.9984375 0.11406250000000001
5 1 0.77875 0 0.77875 0 1 1 1 1 0.77875
6 0.78125 0.3026041666666667 0.669625 0.3026041666666667 0.669625 0.42906249999999996 0.78125 0.42906249999999996 0.78125 0.3026041666666667