6 0.2671875 0.64375 0.2671875 0.7484375000000001 0.359375 0.7484375000000001 0.359375 0.64375 0.2671875 0.64375
5 0.00625 0.9930208333333334 0.1625 0.9930208333333334 0.1625 0.7828124999999999 0.00625 0.7828124999999999 0.00625 0.9930208333333334
5 0.5609375 0.9930208333333334 0.7609375 0.9930208333333334 0.7609375 0.7828124999999999 0.5609375 0.7828124999999999 0.5609375 0.9930208333333334
8 0.853125 0.9930902777777777 0.996875 0.9930902777777777 0.996875 0.8984375 0.853125 0.8984375 0.853125 0.9930902777777777
5 0.8640625 0.415625 0.9609375 0.415625 0.9609375 0.34062499999999996 0.8640625 0.34062499999999996 0.8640625 0.415625
6 0.8749687500000001 0.5234375 0.95153125 0.5234375 0.95153125 0.4140625 0.8749687500000001 0.4140625 0.8749687500000001 0.5234375
5 0.86090625 0.21628472222222223 0.99684375 0.21628472222222223 0.99684375 0.1084375 0.86090625 0.1084375 0.86090625 0.21628472222222223
5 0.7640625 0.4375 0.8609375 0.4375 0.8609375 0.10625000000000001 0.7640625 0.10625000000000001 0.7640625 0.4375
5 0.36246875 0.2218402777777778 0.57340625 0.2218402777777778 0.57340625 0.11246527777777778 0.36246875 0.11246527777777778 0.36246875 0.2218402777777778
5 0.16090625 0.22031250000000002 0.26246875 0.22031250000000002 0.26246875 0.10940972222222223 0.16090625 0.10940972222222223 0.16090625 0.22031250000000002
8 0.26340625 0.2157638888888889 0.36159375 0.2157638888888889 0.36159375 0.11409722222222222 0.26340625 0.11409722222222222 0.26340625 0.2157638888888889
8 0.06475 0.2232291666666667 0.1585 0.2232291666666667 0.1585 0.10913194444444445 0.06475 0.10913194444444445 0.06475 0.2232291666666667
5 0.00625 0.21878472222222223 0.06875 0.21878472222222223 0.06875 0.1109375 0.00625 0.1109375 0.00625 0.21878472222222223
5 0.5875 0.33281249999999996 0.765625 0.33281249999999996 0.765625 0.11246527777777778 0.5875 0.11246527777777778 0.5875 0.33281249999999996
5 0.3609375 0.44843750000000004 0.7611875 0.44843750000000004 0.7611875 0.33906250000000004 0.3609375 0.33906250000000004 0.3609375 0.44843750000000004
2 0.50621875 0.5275 0.58903125 0.5275 0.58903125 0.4275 0.50621875 0.4275 0.50621875 0.5275
5 0.26403125 0.44218749999999996 0.35934374999999996 0.44218749999999996 0.35934374999999996 0.3375347222222222 0.26403125 0.3375347222222222 0.26403125 0.44218749999999996
6 0.16871875 0.4149652777777778 0.25465625 0.4149652777777778 0.25465625 0.3118402777777778 0.16871875 0.3118402777777778 0.16871875 0.4149652777777778
5 0.055374999999999994 0.4365277777777778 0.159375 0.4365277777777778 0.159375 0.33652777777777776 0.055374999999999994 0.33652777777777776 0.055374999999999994 0.4365277777777778
1 0.00003125 0.6126041666666667 0.06696875 0.6126041666666667 0.06696875 0.4340625 0.00003125 0.4340625 0.00003125 0.6126041666666667
9 0.96428125 0.4439236111111111 0.9999687500000001 0.4439236111111111 0.9999687500000001 0.3323263888888889 0.96428125 0.3323263888888889 0.96428125 0.4439236111111111
5 1 0.00003472222222222222 0 0.00003472222222222222 0 0.10913194444444445 1 0.10913194444444445 1 0.00003472222222222222
5 0 0.43895833333333334 0.0625 0.43895833333333334 0.0625 0.33729166666666666 0 0.33729166666666666 0 0.43895833333333334