9 0.49375 0.4437847222222222 0.596875 0.4437847222222222 0.596875 0.34065972222222224 0.49375 0.34065972222222224 0.49375 0.4437847222222222
5 0.39996875 0.21875 0.60465625 0.21875 0.60465625 0.11249999999999999 0.39996875 0.11249999999999999 0.39996875 0.21875
5 0.303125 0.109375 0.303125 0.4390625 0.396875 0.4390625 0.396875 0.109375 0.303125 0.109375
5 0.8015625 0.44062500000000004 0.8015625 0.34375 0.5984375 0.34375 0.5984375 0.44218749999999996 0.7984375 0.44218749999999996 0.8 0.44062500000000004 0.8015625 0.44062500000000004
5 0.10625 0.11562499999999999 0.10625 0.33281249999999996 0.3015625 0.33281249999999996 0.3015625 0.11562499999999999 0.10625 0.11562499999999999
5 0.8015625 0.11406250000000001 0.6109375 0.11406250000000001 0.6109375 0.33281249999999996 0.8015625 0.33281249999999996 0.8030375 0.2260833333333333 0.8015625 0.11406250000000001
5 0.3015625 0.34375 0.00625 0.34375 0.00625 0.44218749999999996 0.3 0.44218749999999996 0.3015625 0.44062500000000004 0.3015625 0.34375
5 0.4 0.3421875 0.4 0.44062500000000004 0.49375 0.44062500000000004 0.49375 0.3421875 0.4 0.3421875
6 0.503125 0.1984375 0.503125 0.303125 0.5921875 0.303125 0.5921875 0.1984375 0.503125 0.1984375
6 0.4109375 0.415625 0.4109375 0.5249999999999999 0.4890625 0.5249999999999999 0.4890625 0.415625 0.4109375 0.415625
6 0.7890625 0.5578125 0.7890625 0.6609375 0.871875 0.6609375 0.871875 0.5578125 0.7890625 0.5578125
5 0.8046875 0.11562499999999999 0.8046875 0.4375 0.890625 0.4375 0.890625 0.11562499999999999 0.8046875 0.11562499999999999
5 0.00625 0.11406250000000001 0.00625 0.21875 0.103125 0.21875 0.103125 0.11406250000000001 0.00625 0.11406250000000001
12 0.0078125 0.6765625 0.0078125 0.9930555555555556 0.996875 0.9930555555555556 0.996875 0.6765625 0.0078125 0.6765625
2 0.507375 0.5295486111111111 0.5980000000000001 0.5295486111111111 0.5980000000000001 0.4201736111111111 0.507375 0.4201736111111111 0.507375 0.5295486111111111
5 0.00625 0 0.00625 0.10923611111111112 0.8935812500000001 0.11043055555555555 0.89493125 0.6676527777777778 0.9989874999999999 0.6676527777777778 1 0.003791666666666667 0.00625 0