5 0.365625 0.23124999999999998 0.365625 0.2421875 0.3671875 0.24375000000000002 0.3671875 0.25312500000000004 0.36875 0.25468749999999996 0.36875 0.3109375 0.3703125 0.3125 0.3703125 0.33125000000000004 0.36875 0.33281249999999996 0.36875 0.3375 0.3703125 0.33906250000000004 0.3703125 0.34062499999999996 0.36875 0.3421875 0.36875 0.359375 0.3703125 0.3609375 0.3703125 0.3671875 0.36875 0.36875 0.36875 0.421875 0.3703125 0.4234375 0.3703125 0.43281250000000004 0.3734375 0.4359375 0.4328125 0.4359375 0.434375 0.4375 0.4484375 0.4375 0.45 0.4390625 0.453125 0.4390625 0.4546875 0.44062500000000004 0.5125 0.44062500000000004 0.5140625 0.4390625 0.515625 0.4390625 0.51875 0.4359375 0.5203125 0.4359375 0.5265625 0.4296875 0.5296875 0.4296875 0.53125 0.428125 0.5328125 0.428125 0.5421875 0.41874999999999996 0.5421875 0.41718750000000004 0.54375 0.415625 0.54375 0.3890625 0.5453125 0.38749999999999996 0.5453125 0.37812500000000004 0.546875 0.3765625 0.546875 0.3609375 0.5484375 0.359375 0.5484375 0.34375 0.55 0.3421875 0.55 0.33906250000000004 0.553125 0.3359375 0.6234375 0.3359375 0.628125 0.34062499999999996 0.628125 0.3421875 0.6296875 0.34375 0.6296875 0.35624999999999996 0.628125 0.3578125 0.628125 0.359375 0.6296875 0.3609375 0.6296875 0.38125 0.63125 0.3828125 0.63125 0.43437499999999996 0.6328125 0.4359375 0.6328125 0.4375 0.634375 0.4390625 0.64375 0.4390625 0.6453125 0.4375 0.6703125 0.4375 0.671875 0.4359375 0.6734375 0.4359375 0.675 0.4375 0.68125 0.4375 0.6828125 0.4359375 0.7046875 0.4359375 0.70625 0.43437499999999996 0.70625 0.42656249999999996 0.7078125 0.42500000000000004 0.7078125 0.4125 0.70625 0.41093749999999996 0.70625 0.265625 0.7078125 0.2640625 0.7078125 0.24531250000000002 0.709375 0.24375000000000002 0.709375 0.234375 0.7109375 0.23281249999999998 0.7109375 0.22968750000000002 0.7125 0.22812500000000002 0.7125 0.22499999999999998 0.7140625 0.22343749999999998 0.7140625 0.004687500000000001 0.359375 0.004687500000000001 0.359375 0.215625 0.3625 0.21875 0.3625 0.221875 0.3640625 0.22343749999999998 0.3640625 0.22968750000000002 0.365625 0.23124999999999998
4 0.8375 0.9930555555555556 0.8375 0.8937499999999999 0.7390625 0.8937499999999999 0.7390625 0.9930555555555556 0.8375 0.9930555555555556
2 0.5109375 0.428125 0.5109375 0.51875 0.5125 0.5203125 0.5125 0.5218750000000001 0.59375 0.5218750000000001 0.59375 0.428125 0.5109375 0.428125
4 0.8140625 0.7749999999999999 0.8375 0.7749999999999999 0.8375 0.6734374999999999 0.7390625 0.6734374999999999 0.7390625 0.7734375 0.7515625 0.7734375 0.753125 0.7749999999999999 0.7546875 0.7734375 0.8125 0.7734375 0.8140625 0.7749999999999999
4 0.7390625 0.5531250000000001 0.740625 0.5546875 0.8375 0.5546875 0.8375 0.44999999999999996 0.7390625 0.44999999999999996 0.7390625 0.5531250000000001
5 0.84375 0.65625 0.84375 0.659375 0.8453125 0.6609375 0.8453125 0.6625000000000001 0.934375 0.6625000000000001 0.934375 0.559375 0.8453125 0.559375 0.8453125 0.5609375000000001 0.84375 0.5625 0.84375 0.5687500000000001 0.8453125 0.5703125 0.8453125 0.6546875000000001 0.84375 0.65625
5 0.8453125 0.8843749999999999 0.846875 0.8859375 0.934375 0.8859375 0.934375 0.78125 0.8453125 0.78125 0.8453125 0.8843749999999999
8 0.559375 0.4296875 0.565625 0.4296875 0.5703125 0.43437499999999996 0.571875 0.43437499999999996 0.5734375 0.4359375 0.5859375 0.4359375 0.5875 0.4375 0.5953125 0.4375 0.596875 0.4359375 0.6078125 0.4359375 0.609375 0.4375 0.6109375 0.4375 0.6125 0.4359375 0.61875 0.4359375 0.6203125 0.4375 0.6203125 0.3421875 0.55625 0.3421875 0.55625 0.3671875 0.5578125 0.36875 0.5578125 0.415625 0.55625 0.41718750000000004 0.55625 0.42656249999999996 0.559375 0.4296875
1 0.9984375 0.44218749999999996 0.9984375 0.334375 0.9421875 0.334375 0.9421875 0.44218749999999996 0.9984375 0.44218749999999996
5 0.8453125 0.44062500000000004 0.934375 0.44062500000000004 0.934375 0.3359375 0.84375 0.3359375 0.84375 0.365625 0.8453125 0.3671875 0.8453125 0.4296875 0.84375 0.43125 0.84375 0.4390625 0.8453125 0.44062500000000004
4 0.8375 0.22812500000000002 0.7421875 0.22812500000000002 0.7421875 0.328125 0.74375 0.3296875 0.76875 0.3296875 0.7703125 0.33125000000000004 0.8375 0.33125000000000004 0.8375 0.22812500000000002
8 0.9265625 0.22031250000000002 0.9265625 0.12187500000000001 0.8484375 0.12187500000000001 0.8484375 0.22031250000000002 0.9265625 0.22031250000000002
5 0.234375 0.9930555555555556 0.234375 0.0015625 0.1375 0.0015625 0.1375 0.9930555555555556 0.234375 0.9930555555555556
5 0.73660625 0 0.73660625 0.22073611111111113 0.84375 0.22321527777777778 0.8526812500000001 0.11656944444444445 0.92410625 0.10664583333333333 0.92410625 0.20833333333333334 1 0.20833333333333334 1 0 0.73660625 0
0 0.08703125 1 0.08703125 0.0025 0 0.0025 0 1 0.08703125 1
4 0.0915 0 0.0915 1 0.136125 1 0.136125 0 0.0915 0