2 0.409375 0.428125 0.409375 0.5218750000000001 0.4921875 0.5218750000000001 0.4921875 0.428125 0.409375 0.428125
0 0.396875 0.7578125 0.396875 0.9930555555555556 0.7 0.9930555555555556 0.7 0.7578125 0.396875 0.7578125
5 0.6984375 0 0.6984375 0.528125 0.8984375 0.528125 0.8984375 0 0.6984375 0
5 0.7046875 0.7546875 0.7046875 0.9930555555555556 0.8953125 0.9930555555555556 0.8953125 0.7546875 0.7046875 0.7546875
1 0.503125 0.4234375 0.503125 0.5203125 0.5953125 0.5203125 0.5953125 0.4234375 0.503125 0.4234375
5 0.9 0.7562500000000001 0.9 0.9930555555555556 0.99375 0.9930555555555556 0.99375 0.7562500000000001 0.9 0.7562500000000001
5 0.5984375 0 0.5984375 0.5249999999999999 0.6 0.5265625 0.6 0.528125 0.6953125 0.528125 0.6953125 0 0.5984375 0
0 0.8984375 0.0015625 0.8984375 0.5249999999999999 0.9921875 0.5249999999999999 0.9921875 0.0015625 0.8984375 0.0015625
5 0.2984375 0.004687500000000001 0.2984375 0.9921875 0.39375 0.9921875 0.39375 0.004687500000000001 0.2984375 0.004687500000000001
5 0 0.9906250000000001 0.2921875 0.9906250000000001 0.2921875 0.004687500000000001 0 0.004687500000000001 0 0.9906250000000001
6 0.98753125 0.6155902777777778 0.90784375 0.6155902777777778 0.90784375 0.7171875000000001 0.98753125 0.7171875000000001 0.98753125 0.6155902777777778