6 0.496875 0.8578125000000001 0.496875 0.753125 0.403125 0.753125 0.403125 0.8578125000000001 0.496875 0.8578125000000001
7 0.8890625 0.396875 0.8890625 0.321875 0.8109375 0.321875 0.8109375 0.396875 0.8890625 0.396875
2 0.5109375 0.51875 0.5125 0.5203125 0.5890625 0.5203125 0.5890625 0.421875 0.5109375 0.421875 0.5109375 0.51875
8 0.3015625 0.44062500000000004 0.303125 0.44218749999999996 0.3984375 0.44218749999999996 0.3984375 0.334375 0.3015625 0.334375 0.3015625 0.44062500000000004
5 0.1015625 0.215625 0.1015625 0.11875000000000001 0.00625 0.11875000000000001 0.00625 0.215625 0.1015625 0.215625
5 0.1046875 0.9930555555555556 0.1046875 0.3421875 0.00625 0.3421875 0.00625 0.9930555555555556 0.1046875 0.9930555555555556
5 0.853125 0.4453125 0.8515625 0.44375 0.8453125 0.44375 0.84375 0.4453125 0.80625 0.4453125 0.8046875 0.44375 0.803125 0.44375 0.8015625 0.44218749999999996 0.8015625 0.44062500000000004 0.8 0.4390625 0.8 0.390625 0.7984375 0.3890625 0.7984375 0.34375 0.796875 0.3421875 0.796875 0.34062499999999996 0.79375 0.3375 0.79375 0.3359375 0.7921875 0.3359375 0.790625 0.334375 0.6984375 0.334375 0.6984375 0.5484374999999999 0.99375 0.5484374999999999 0.99375 0.4453125 0.9921875 0.44375 0.8546875 0.44375 0.853125 0.4453125
5 0.9953125 0.1171875 0.9953125 0.003125 0.00625 0.003125 0.00625 0.1171875 0.9953125 0.1171875
5 0.6953437499999999 0.16875 0.60315625 0.16875 0.60315625 0.5538888888888889 0.6953437499999999 0.5538888888888889 0.6953437499999999 0.16875
5 0.99375 0.12184027777777778 0.7 0.12184027777777778 0.7 0.21871527777777777 0.99375 0.21871527777777777 0.99375 0.12184027777777778
5 0.1915 1 0.1915 0.15944444444444444 0.10400000000000001 0.15944444444444444 0.10400000000000001 1 0.1915 1
5 0.68973125 0.16120833333333331 0.6919625 0.12152777777777778 0.10044375000000001 0.12152777777777778 0.10044375000000001 0.1636875 0.18973125 0.1636875 0.18973125 0.22321527777777778 0.6026812500000001 0.21577083333333336 0.5982125 0.1636875 0.68973125 0.16120833333333331
5 1 0.7762916666666667 0.703125 0.7713263888888888 0.703125 0.8854166666666666 0.8995562500000001 0.8829375 0.90625 0.9930555555555556 1 0.9930555555555556 1 0.7762916666666667