12 1 0.6745833333333333 0 0.6745833333333333 0 1 1 1 1 0.6745833333333333
5 0.20003125000000002 0.0030902777777777777 0.0015937500000000001 0.0030902777777777777 0.0015937500000000001 0.6734374999999999 0.20003125000000002 0.6734374999999999 0.20003125000000002 0.0030902777777777777
5 0.99378125 0.0015972222222222223 0.80784375 0.0015972222222222223 0.80784375 0.10784722222222222 0.99378125 0.10784722222222222 0.99378125 0.0015972222222222223
5 0.99375 0.22499999999999998 0.603125 0.22499999999999998 0.603125 0.44375 0.99375 0.44375 0.99375 0.22499999999999998
6 0.59534375 0.19621527777777778 0.50315625 0.19621527777777778 0.50315625 0.30711805555555555 0.59534375 0.30711805555555555 0.59534375 0.19621527777777778
6 0.7953125 0.5297222222222222 0.7046875 0.5297222222222222 0.7046875 0.6422222222222222 0.7953125 0.6422222222222222 0.7953125 0.5297222222222222
2 0.48909375 0.41718750000000004 0.40940624999999997 0.41718750000000004 0.40940624999999997 0.5265625 0.48909375 0.5265625 0.48909375 0.41718750000000004
5 0.80134375 0.0024652777777777776 0.40628125 0.0024652777777777776 0.40628125 0.11156250000000001 0.80134375 0.11156250000000001 0.80134375 0.0024652777777777776
5 0.404 0.0025 0.203125 0.0025 0.203125 0.10666666666666666 0.404 0.10666666666666666 0.404 0.0025
1 0.39059374999999996 0.44145833333333334 0.30803125 0.44145833333333334 0.30803125 0.560486111111111 0.39059374999999996 0.560486111111111 0.39059374999999996 0.44145833333333334
5 0.39284375 0.2232291666666667 0.19640625 0.2232291666666667 0.19640625 0.39190972222222226 0.39284375 0.39190972222222226 0.39284375 0.2232291666666667
5 0.39059374999999996 0.38690972222222225 0.30803125 0.38690972222222225 0.30803125 0.44642361111111106 0.39059374999999996 0.44642361111111106 0.39059374999999996 0.38690972222222225
5 0.299125 0.5580208333333334 0.203125 0.5580208333333334 0.203125 0.6547569444444444 0.299125 0.6547569444444444 0.299125 0.5580208333333334
5 0.39953125 0.5630208333333333 0.30134375 0.5630208333333333 0.30134375 0.6597569444444444 0.39953125 0.6597569444444444 0.39953125 0.5630208333333333
6 0.2921875 0.4124652777777778 0.2109375 0.4124652777777778 0.2109375 0.5280902777777778 0.2921875 0.5280902777777778 0.2921875 0.4124652777777778