5 0.7921875 0.5515625 0.79375 0.55 0.7953125 0.55 0.7953125 0.44999999999999996 0.603125 0.44999999999999996 0.603125 0.5515625 0.76875 0.5515625 0.7703125 0.55 0.7875 0.55 0.7890625 0.5515625 0.7921875 0.5515625
5 0.24375 0.55 0.2828125 0.55 0.284375 0.5515625 0.2859375 0.55 0.2953125 0.55 0.296875 0.5484374999999999 0.3 0.5484374999999999 0.3015625 0.55 0.309375 0.55 0.3109375 0.5515625 0.396875 0.5515625 0.396875 0.45156250000000003 0.2046875 0.45156250000000003 0.2046875 0.5484374999999999 0.20625 0.55 0.2078125 0.55 0.209375 0.5515625 0.2421875 0.5515625 0.24375 0.55
2 0.5046875 0.5203125 0.5078125 0.5234375 0.5921875 0.5234375 0.5921875 0.4234375 0.5046875 0.4234375 0.5046875 0.5203125
6 0.6890625 0.190625 0.6890625 0.0859375 0.6078125 0.0859375 0.6078125 0.190625 0.6890625 0.190625
8 0.49375 0.6625000000000001 0.50625 0.6625000000000001 0.5078125 0.6609375 0.534375 0.6609375 0.5359375 0.6625000000000001 0.615625 0.6625000000000001 0.615625 0.5625 0.3859375 0.5625 0.3859375 0.6609375 0.3875 0.6625000000000001 0.41875 0.6625000000000001 0.4203125 0.6609375 0.4921875 0.6609375 0.49375 0.6625000000000001
5 0.7953125 0.4390625 0.7953125 0.0078125 0.703125 0.0078125 0.703125 0.4390625 0.7953125 0.4390625
5 0.8046875 0.6609375 0.8078125 0.6640625 0.9015625 0.6640625 0.9015625 0.44999999999999996 0.8046875 0.44999999999999996 0.8046875 0.6609375
5 0.2 0.004687500000000001 0.2 0.390625 0.2015625 0.3921875 0.2015625 0.4390625 0.2953125 0.4390625 0.2953125 0.004687500000000001 0.2 0.004687500000000001
5 0.1953125 0.6656249999999999 0.1953125 0.44843750000000004 0.1 0.44843750000000004 0.1 0.6656249999999999 0.1953125 0.6656249999999999
8 0.4015625 0.328125 0.4046875 0.33125000000000004 0.496875 0.33125000000000004 0.496875 0.22499999999999998 0.4015625 0.22499999999999998 0.4015625 0.328125
5 0.00625 0 0.00625 0.9930555555555556 1 0.9930555555555556 1 0 0.903125 0 0.903125 0.004687500000000001 0.9015625 0.00625 0.9015625 0.46875 0.903125 0.47031249999999997 0.903125 0.5609375000000001 0.9015625 0.5625 0.9015625 0.5921875000000001 0.903125 0.59375 0.903125 0.6031249999999999 0.9015625 0.6046875 0.9015625 0.6656249999999999 0.8984375 0.66875 0.89375 0.66875 0.8921875 0.6703125000000001 0.8328125 0.6703125000000001 0.83125 0.66875 0.75625 0.66875 0.7546875 0.6671875 0.7390625 0.6671875 0.7375 0.66875 0.734375 0.66875 0.7328125 0.6671875 0.5578125 0.6671875 0.55625 0.6656249999999999 0.55 0.6656249999999999 0.5484375 0.6671875 0.4828125 0.6671875 0.48125 0.6656249999999999 0.4609375 0.6656249999999999 0.459375 0.6671875 0.4578125 0.6656249999999999 0.4515625 0.6656249999999999 0.45 0.6671875 0.44375 0.6671875 0.4421875 0.6656249999999999 0.440625 0.6656249999999999 0.4390625 0.6671875 0.4328125 0.6671875 0.43125 0.6656249999999999 0.4109375 0.6656249999999999 0.409375 0.6671875 0.4078125 0.6656249999999999 0.4015625 0.6656249999999999 0.4 0.6671875 0.3984375 0.6671875 0.396875 0.6656249999999999 0.3734375 0.6656249999999999 0.371875 0.6671875 0.24375 0.6671875 0.2421875 0.66875 0.23125 0.66875 0.2296875 0.6671875 0.203125 0.6671875 0.2015625 0.66875 0.1109375 0.66875 0.109375 0.6671875 0.10625 0.6671875 0.1046875 0.6656249999999999 0.103125 0.6656249999999999 0.1015625 0.6640625 0.1015625 0.6609375 0.1 0.659375 0.1 0.5390625 0.0984375 0.5375000000000001 0.0984375 0.44062500000000004 0.1 0.4390625 0.1 0 0.00625 0
5 0.7013125 0.006284722222222223 0.6046875 0.006284722222222223 0.6046875 0.10468749999999999 0.7013125 0.10468749999999999 0.7013125 0.006284722222222223
5 0.39959375 0.00003472222222222222 0.29465625 0.00003472222222222222 0.29465625 0.10913194444444445 0.39959375 0.10913194444444445 0.39959375 0.00003472222222222222