5 0 0.3174652777777778 0.174125 0.3174652777777778 0.174125 0.00003472222222222222 0 0.00003472222222222222 0 0.3174652777777778
6 0.5125 0.6953125 0.5109375 0.6968749999999999 0.5109375 0.7453125 0.5890625 0.7453125 0.5890625 0.6390625000000001 0.5109375 0.6390625000000001 0.5109375 0.66875 0.5125 0.6703125000000001 0.5125 0.675 0.5109375 0.6765625 0.5125 0.6781250000000001 0.5125 0.6953125
2 0.5953125 0.421875 0.5046875 0.421875 0.5046875 0.5093749999999999 0.50625 0.5109375 0.50625 0.5218750000000001 0.5078125 0.5234375 0.5953125 0.5234375 0.5953125 0.421875
1 0.4953125 0.328125 0.4953125 0.22499999999999998 0.4046875 0.22499999999999998 0.4046875 0.328125 0.4953125 0.328125
5 0.996875 0.0015625 0.803125 0.0015625 0.803125 0.109375 0.8046875 0.1109375 0.8078125 0.1109375 0.809375 0.11249999999999999 0.996875 0.11249999999999999 0.996875 0.0015625
8 0.684375 0.9906250000000001 0.684375 0.8999999999999999 0.615625 0.8999999999999999 0.615625 0.9906250000000001 0.684375 0.9906250000000001
1 0.296875 0.9930555555555556 0.296875 0.890625 0.2015625 0.890625 0.2015625 0.9930555555555556 0.296875 0.9930555555555556
5 0.828125 0.3375 0.828125 0.33906250000000004 0.8296875 0.34062499999999996 0.8296875 0.3453125 0.83125 0.34687500000000004 0.83125 0.38125 0.8328125 0.3828125 0.8328125 0.43281250000000004 0.83125 0.43437499999999996 0.83125 0.5203125 0.8296875 0.5218750000000001 0.83125 0.5234375 0.83125 0.528125 0.8296875 0.5296875000000001 0.8296875 0.534375 0.83125 0.5359375 0.83125 0.5406249999999999 0.8328125 0.5421875 0.8328125 0.54375 0.8359375 0.546875 0.8390625 0.546875 0.840625 0.5484374999999999 0.93125 0.5484374999999999 0.9328125 0.55 0.9984375 0.55 0.9984375 0.1171875 0.821875 0.1171875 0.821875 0.328125 0.8234375 0.3296875 0.8234375 0.33125000000000004 0.825 0.33281249999999996 0.825 0.334375 0.828125 0.3375
1 0.896875 0.9930555555555556 0.896875 0.890625 0.803125 0.890625 0.803125 0.9930555555555556 0.896875 0.9930555555555556
5 0.471875 0.7921875 0.4703125 0.79375 0.4671875 0.79375 0.465625 0.7953125000000001 0.4640625 0.7953125000000001 0.459375 0.8 0.45625 0.8 0.4546875 0.8015625 0.453125 0.8015625 0.45 0.8046875 0.4484375 0.8046875 0.446875 0.8062499999999999 0.4453125 0.8062499999999999 0.44375 0.8078125 0.4421875 0.8078125 0.4390625 0.8109375000000001 0.4375 0.8109375000000001 0.4359375 0.8125 0.434375 0.8125 0.4328125 0.8140624999999999 0.43125 0.8140624999999999 0.428125 0.8171875 0.4265625 0.8171875 0.425 0.8187500000000001 0.421875 0.8187500000000001 0.4203125 0.8203125 0.41875 0.8203125 0.415625 0.8234375 0.4140625 0.8234375 0.4125 0.825 0.409375 0.825 0.40625 0.828125 0.40625 0.9343750000000001 0.4078125 0.9343750000000001 0.409375 0.9359375000000001 0.4140625 0.9359375000000001 0.415625 0.9375 0.4171875 0.9375 0.4203125 0.9406249999999999 0.421875 0.9406249999999999 0.425 0.9437500000000001 0.425 0.9453125 0.4265625 0.9468749999999999 0.4265625 0.9484374999999999 0.428125 0.9500000000000001 0.428125 0.9515625000000001 0.4296875 0.953125 0.4296875 0.9593750000000001 0.43125 0.9609375 0.43125 0.9765625 0.4328125 0.9781249999999999 0.4328125 0.9812500000000001 0.434375 0.9828125000000001 0.434375 0.984375 0.4359375 0.9859374999999999 0.4390625 0.9859374999999999 0.440625 0.9874999999999999 0.44375 0.9874999999999999 0.4453125 0.9890625000000001 0.446875 0.9890625000000001 0.4484375 0.9906250000000001 0.4515625 0.9906250000000001 0.453125 0.9921875 0.6046875 0.9921875 0.60625 0.9906250000000001 0.60625 0.8999999999999999 0.6078125 0.8984375 0.6078125 0.8953125000000001 0.609375 0.8937499999999999 0.6109375 0.8937499999999999 0.6125 0.8921874999999999 0.6890625 0.8921874999999999 0.690625 0.8937499999999999 0.6921875 0.8937499999999999 0.69375 0.8953125000000001 0.69375 0.8968750000000001 0.6953125 0.8984375 0.6953125 0.9906250000000001 0.696875 0.9921875 0.759375 0.9921875 0.7625 0.9890625000000001 0.7640625 0.9890625000000001 0.765625 0.9874999999999999 0.7671875 0.9874999999999999 0.7703125 0.984375 0.7703125 0.9828125000000001 0.771875 0.9812500000000001 0.771875 0.9781249999999999 0.7734375 0.9765625 0.7734375 0.953125 0.775 0.9515625000000001 0.775 0.9468749999999999 0.78125 0.9406249999999999 0.7828125 0.9406249999999999 0.7859375 0.9375 0.7875 0.9375 0.790625 0.9343750000000001 0.7921875 0.9343750000000001 0.7921875 0.825 0.790625 0.8234375 0.7890625 0.8234375 0.7859375 0.8203125 0.7828125 0.8203125 0.78125 0.8187500000000001 0.778125 0.8187500000000001 0.7765625 0.8171875 0.775 0.8171875 0.7734375 0.815625 0.771875 0.815625 0.7703125 0.8140624999999999 0.76875 0.8140624999999999 0.7671875 0.8125 0.765625 0.8125 0.7625 0.809375 0.7609375 0.809375 0.7578125 0.8062499999999999 0.7546875 0.8062499999999999 0.753125 0.8046875 0.7515625 0.8046875 0.7484375 0.8015625 0.746875 0.8015625 0.7453125 0.8 0.7421875 0.8 0.740625 0.7984374999999999 0.7390625 0.7984374999999999 0.7359375 0.7953125000000001 0.734375 0.7953125000000001 0.7328125 0.79375 0.7296875 0.79375 0.725 0.7890625 0.7234375 0.7890625 0.721875 0.7875000000000001 0.71875 0.7875000000000001 0.7171875 0.7859375 0.715625 0.7859375 0.7109375 0.78125 0.4890625 0.78125 0.4875 0.7828124999999999 0.4859375 0.7828124999999999 0.48125 0.7875000000000001 0.478125 0.7875000000000001 0.4734375 0.7921875 0.471875 0.7921875
5 0 0.5605208333333334 0.39953125 0.5605208333333334 0.39953125 0.00003472222222222222 0 0.00003472222222222222 0 0.5605208333333334