5 0.6950000000000001 0.3879513888888889 0.5025000000000001 0.3879513888888889 0.5025000000000001 0.4416319444444444 0.6950000000000001 0.4416319444444444 0.6950000000000001 0.3879513888888889
5 0.69753125 0.2221875 0.50084375 0.2221875 0.50084375 0.3907291666666667 0.69753125 0.3907291666666667 0.69753125 0.2221875
6 0.8125 0.40625 0.8140625 0.4078125 0.8875 0.4078125 0.8875 0.3125 0.8125 0.3125 0.8125 0.40625
5 0.1984375 0.8859375 0.1984375 0.6734374999999999 0.0984375 0.6734374999999999 0.0984375 0.8859375 0.1984375 0.8859375
2 0.5046875 0.5171874999999999 0.5078125 0.5203125 0.59375 0.5203125 0.59375 0.42500000000000004 0.5046875 0.42500000000000004 0.5046875 0.5171874999999999
5 0.996875 0.37031250000000004 0.996875 0.22968750000000002 0.903125 0.22968750000000002 0.903125 0.37031250000000004 0.996875 0.37031250000000004
7 0.290625 0.3984375 0.290625 0.32499999999999996 0.2109375 0.32499999999999996 0.2109375 0.3984375 0.290625 0.3984375
8 0.7203125 0.8859375 0.7203125 0.7671874999999999 0.478125 0.7671874999999999 0.478125 0.8859375 0.7203125 0.8859375
4 0.3016875 0.4148263888888889 0.1966875 0.4148263888888889 0.1966875 0.5305902777777778 0.3016875 0.5305902777777778 0.3016875 0.4148263888888889
5 0.100625 0 0.100625 0.10777777777777778 0.9974999999999999 0.10777777777777778 0.9974999999999999 0 0.100625 0
5 0.00625 0 0.00625 0.9930555555555556 1 0.9930555555555556 1 0.8898125000000001 0.1 0.8879652777777778 0.09833125000000001 0 0.00625 0
1 0.64415625 0.33239583333333333 0.55584375 0.33239583333333333 0.55584375 0.38885416666666667 0.64415625 0.38885416666666667 0.64415625 0.33239583333333333