8 0.61384375 0.7738194444444445 0.38615625 0.7738194444444445 0.38615625 0.8928472222222221 0.61384375 0.8928472222222221 0.61384375 0.7738194444444445
8 0.61384375 0.21822916666666667 0.38390625 0.21822916666666667 0.38390625 0.3471875 0.61384375 0.3471875 0.61384375 0.21822916666666667
2 0.5078125 0.5234375 0.590625 0.5234375 0.590625 0.42500000000000004 0.5046875 0.42500000000000004 0.5046875 0.5015624999999999 0.50625 0.503125 0.50625 0.5171874999999999 0.5046875 0.51875 0.5046875 0.5203125 0.5078125 0.5234375
6 0.709375 0.5296875000000001 0.709375 0.6343749999999999 0.7109375 0.6343749999999999 0.7125 0.6359375 0.784375 0.6359375 0.784375 0.5296875000000001 0.709375 0.5296875000000001
5 0.2953125 0.4390625 0.2953125 0.22968750000000002 0.203125 0.22968750000000002 0.203125 0.4390625 0.2953125 0.4390625
5 0.7015625 0.4359375 0.79375 0.4359375 0.7953125 0.43437499999999996 0.7953125 0.22812500000000002 0.7015625 0.22812500000000002 0.7015625 0.4359375
5 0.18973125 0.7787708333333333 0.19419375 0.22569444444444445 0.10268124999999999 0.22569444444444445 0.10268124999999999 0.8804583333333333 0.296875 0.8843749999999999 0.296875 0.784375 0.18973125 0.7787708333333333
5 0.7953125 0.8843749999999999 0.7953125 0.784375 0.703125 0.784375 0.703125 0.8843749999999999 0.7953125 0.8843749999999999
5 0.8953125 0.22968750000000002 0.803125 0.22968750000000002 0.803125 0.4375 0.8013375 0.7862083333333333 0.6986625 0.7837291666666667 0.6964312500000001 0.8878958333333333 0.8950875 0.8854166666666666 0.8953125 0.22968750000000002
5 0.39684375 0.3375 0.30153125 0.3375 0.30153125 0.7749999999999999 0.39684375 0.7749999999999999 0.39684375 0.3375
5 0.69684375 0.33906250000000004 0.6015312500000001 0.33906250000000004 0.6015312500000001 0.7749652777777778 0.69684375 0.7749652777777778 0.69684375 0.33906250000000004
5 1 0.004965277777777778 0 0.004965277777777778 0 0.21878472222222223 1 0.21878472222222223 1 0.004965277777777778
5 1 0.22321527777777778 0.8995562500000001 0.22073611111111113 0.8973187499999999 0.890375 0.09598124999999999 0.890375 0.10268124999999999 0.21825694444444443 0.00625 0.21577083333333336 0.00625 0.9930555555555556 1 0.9930555555555556 1 0.22321527777777778