5 0.5 0.029687500000000002 0.5 0.13437500000000002 0.6015625 0.13437500000000002 0.6015625 0.029687500000000002 0.5 0.029687500000000002
8 0.604875 0.1389236111111111 0.700875 0.1389236111111111 0.700875 0.02482638888888889 0.604875 0.02482638888888889 0.604875 0.1389236111111111
8 0.39734375 0.14135416666666667 0.49553125 0.14135416666666667 0.49553125 0.029756944444444447 0.39734375 0.029756944444444447 0.39734375 0.14135416666666667
5 0.29684374999999996 0.13392361111111112 0.39953125 0.13392361111111112 0.39953125 0.02232638888888889 0.29684374999999996 0.02232638888888889 0.29684374999999996 0.13392361111111112
5 0.69196875 0.13392361111111112 0.8995312500000001 0.13392361111111112 0.8995312500000001 0.01982638888888889 0.69196875 0.01982638888888889 0.69196875 0.13392361111111112
5 0.90175 0.24802083333333336 0.9977499999999999 0.24802083333333336 0.9977499999999999 0.029756944444444447 0.90175 0.029756944444444447 0.90175 0.24802083333333336
5 1 0.2579513888888889 0.700875 0.2579513888888889 0.700875 0.3571875 1 0.3571875 1 0.2579513888888889
5 0.294625 0.35711805555555554 0.40175 0.35711805555555554 0.40175 0.2603819444444444 0.294625 0.2603819444444444 0.294625 0.35711805555555554
5 0.60490625 0.35961805555555554 0.69421875 0.35961805555555554 0.69421875 0.2603819444444444 0.60490625 0.2603819444444444 0.60490625 0.35961805555555554
5 0.39953125 0.3571875 0.49996875 0.3571875 0.49996875 0.2579513888888889 0.39953125 0.2579513888888889 0.39953125 0.3571875
6 0.50625 0.31809027777777776 0.59375 0.31809027777777776 0.59375 0.2134375 0.50625 0.2134375 0.50625 0.31809027777777776
2 0.50309375 0.5250347222222222 0.59528125 0.5250347222222222 0.59528125 0.4234375 0.50309375 0.4234375 0.50309375 0.5250347222222222
6 0.60309375 0.7600347222222221 0.6952812500000001 0.7600347222222221 0.6952812500000001 0.6521875 0.60309375 0.6521875 0.60309375 0.7600347222222221
5 0.896875 0.9109722222222223 0.99375 0.9109722222222223 0.99375 0.7 0.896875 0.7 0.896875 0.9109722222222223
5 0.29684374999999996 0.9165277777777777 0.49840625000000005 0.9165277777777777 0.49840625000000005 0.7025 0.29684374999999996 0.7025 0.29684374999999996 0.9165277777777777
1 0.30134375 0.5331944444444444 0.40628125 0.5331944444444444 0.40628125 0.3620833333333333 0.30134375 0.3620833333333333 0.30134375 0.5331944444444444
5 1 0.9201388888888888 0.29910625 0.9226180555555555 0.30356875 0.022319444444444444 0.99776875 0.02728472222222222 1 0 0.00625 0.0024791666666666664 0.00625 0.9930555555555556 1 0.9930555555555556 1 0.9201388888888888