8 0.3828125 0.5530902777777778 0.6234375 0.5530902777777778 0.6234375 0.4499652777777778 0.3828125 0.4499652777777778 0.3828125 0.5530902777777778
6 0.303125 0.3062152777777778 0.396875 0.3062152777777778 0.396875 0.1953125 0.303125 0.1953125 0.303125 0.3062152777777778
5 0.10625 0.21871527777777777 0.49375 0.21871527777777777 0.49375 0.0015625 0.10625 0.0015625 0.10625 0.21871527777777777
6 0.5046875 0.08284722222222222 0.5984375 0.08284722222222222 0.5984375 0.0015972222222222223 0.5046875 0.0015972222222222223 0.5046875 0.08284722222222222
6 0.81090625 0.3046875 0.88746875 0.3046875 0.88746875 0.18906250000000002 0.81090625 0.18906250000000002 0.81090625 0.3046875
1 0.70984375 0.3323263888888889 0.79240625 0.3323263888888889 0.79240625 0.22072916666666667 0.70984375 0.22072916666666667 0.70984375 0.3323263888888889
5 0.7031562499999999 0.17114583333333333 0.89509375 0.17114583333333333 0.89509375 0.004965277777777778 0.7031562499999999 0.004965277777777778 0.7031562499999999 0.17114583333333333
5 0.703125 0.22819444444444445 0.799125 0.22819444444444445 0.799125 0.16125 0.703125 0.16125 0.703125 0.22819444444444445
5 0.796875 0.43899305555555557 0.9039999999999999 0.43899305555555557 0.9039999999999999 0.32989583333333333 0.796875 0.32989583333333333 0.796875 0.43899305555555557
5 0.698625 0.43899305555555557 0.794625 0.43899305555555557 0.794625 0.34225694444444443 0.698625 0.34225694444444443 0.698625 0.43899305555555557
5 0.8995562500000001 0 0.90401875 0.5580347222222222 0.10044375000000001 0.5605138888888889 0.09821250000000001 0.0024791666666666664 0.00625 0 0.00625 0.6671597222222222 1 0.6671597222222222 1 0 0.8995562500000001 0
2 0.50465625 0.5296527777777778 0.59684375 0.5296527777777778 0.59684375 0.41715277777777776 0.50465625 0.41715277777777776 0.50465625 0.5296527777777778
12 1 0.6672222222222222 0 0.6672222222222222 0 1 1 1 1 0.6672222222222222