2 0.5921875 0.5234375 0.5921875 0.4234375 0.5046875 0.4234375 0.5046875 0.5234375 0.5921875 0.5234375
5 0.65625 0.6625000000000001 0.6578125 0.6640625 0.696875 0.6640625 0.696875 0.24531250000000002 0.6953125 0.24375000000000002 0.6953125 0.2265625 0.6015625 0.2265625 0.6015625 0.6609375 0.603125 0.6625000000000001 0.603125 0.6640625 0.6390625 0.6640625 0.640625 0.6625000000000001 0.65625 0.6625000000000001
5 0.396875 0.6625000000000001 0.396875 0.22812500000000002 0.303125 0.22812500000000002 0.303125 0.6625000000000001 0.396875 0.6625000000000001
5 0.2953125 0.3296875 0.2953125 0.11562499999999999 0.203125 0.11562499999999999 0.203125 0.3296875 0.2953125 0.3296875
5 0.10625 0.1171875 0.10044375000000001 0.7688472222222222 0.29464375 0.7762916666666667 0.2924125 0.6646805555555555 0.19866250000000002 0.6696458333333334 0.19375 0.1171875 0.10625 0.1171875
5 0.803125 0.11249999999999999 0.79910625 0.6671597222222222 0.6986625 0.6671597222222222 0.6964312500000001 0.7688472222222222 0.896875 0.7671874999999999 0.896875 0.11249999999999999 0.803125 0.11249999999999999
5 0.79953125 0.11559027777777778 0.7030937500000001 0.11559027777777778 0.7030937500000001 0.3249652777777778 0.79953125 0.3249652777777778 0.79953125 0.11559027777777778
6 0.2890625 0.4140625 0.2890625 0.30937499999999996 0.215625 0.30937499999999996 0.215625 0.4140625 0.2890625 0.4140625
5 1 0.0024652777777777776 0 0.0024652777777777776 0 0.11406250000000001 1 0.11406250000000001 1 0.0024652777777777776
5 0.99776875 0.109125 0.8950875 0.109125 0.8995562500000001 0.7713263888888888 0.10044375000000001 0.7713263888888888 0.10268124999999999 0.11656944444444445 0.00625 0.11409027777777776 0.00625 0.9930555555555556 1 0.9930555555555556 0.99776875 0.109125
8 0.62721875 0.11406250000000001 0.37278125 0.11406250000000001 0.37278125 0.2281597222222222 0.62721875 0.2281597222222222 0.62721875 0.11406250000000001
8 0.61834375 0.6621875 0.38840625 0.6621875 0.38840625 0.7787847222222222 0.61834375 0.7787847222222222 0.61834375 0.6621875