5 0.2859375 0.140625 0.2859375 0.22031250000000002 0.584375 0.22031250000000002 0.584375 0.12187500000000001 0.2859375 0.12187500000000001 0.2859375 0.13124999999999998 0.2875 0.1328125 0.2875 0.13906249999999998 0.2859375 0.140625
5 0 0 0 1 0.08925 1 0.08925 0 0 0
5 0.7890312500000001 0.6625000000000001 0.99059375 0.6625000000000001 0.99059375 0.5640277777777778 0.7890312500000001 0.5640277777777778 0.7890312500000001 0.6625000000000001
1 0.6875 0.7769444444444444 0.7863749999999999 0.7769444444444444 0.7863749999999999 0.5562499999999999 0.6875 0.5562499999999999 0.6875 0.7769444444444444
1 0.390875 0.7738194444444445 0.486625 0.7738194444444445 0.486625 0.5546527777777778 0.390875 0.5546527777777778 0.390875 0.7738194444444445
5 0.784375 0.21871527777777777 0.89375 0.21871527777777777 0.89375 0.11559027777777778 0.784375 0.11559027777777778 0.784375 0.21871527777777777
5 0.78590625 0.44059027777777776 0.89371875 0.44059027777777776 0.89371875 0.3374652777777778 0.78590625 0.3374652777777778 0.78590625 0.44059027777777776
5 0.09151875000000001 0 0.08705625 0.6646805555555555 0.28348125 0.6597222222222222 0.3861625 0.6572430555555555 0.38393125 0.5431527777777778 0.18526875 0.5481180555555556 0.1875 0 0.09151875000000001 0
6 0.6984375 0.3031597222222222 0.7765625 0.3031597222222222 0.7765625 0.1953125 0.6984375 0.1953125 0.6984375 0.3031597222222222
5 0.2875 0.44059027777777776 0.58125 0.44059027777777776 0.58125 0.3374652777777778 0.2875 0.3374652777777778 0.2875 0.44059027777777776
2 0.5109375 0.421875 0.5109375 0.5234375 0.5921875 0.5234375 0.5921875 0.421875 0.5109375 0.421875
6 0.29065625 0.7484375000000001 0.37971875 0.7484375000000001 0.37971875 0.6422569444444445 0.29065625 0.6422569444444445 0.29065625 0.7484375000000001