5 0.3973125 0.6225347222222222 0.3035625 0.6225347222222222 0.3035625 0.7167708333333334 0.3973125 0.7167708333333334 0.3973125 0.6225347222222222
6 0.596625 0.2640625 0.506 0.2640625 0.506 0.3749652777777778 0.596625 0.3749652777777778 0.596625 0.2640625
2 0.496875 0.41878472222222224 0.40625 0.41878472222222224 0.40625 0.5296875000000001 0.496875 0.5296875000000001 0.496875 0.41878472222222224
5 0.99378125 0.27812499999999996 0.60471875 0.27812499999999996 0.60471875 0.49687499999999996 0.99378125 0.49687499999999996 0.99378125 0.27812499999999996
6 0.796875 0.6000347222222222 0.703125 0.6000347222222222 0.703125 0.7094097222222222 0.796875 0.7094097222222222 0.796875 0.6000347222222222
8 0.71409375 0.7265625 0.48440625 0.7265625 0.48440625 0.8312152777777777 0.71409375 0.8312152777777777 0.71409375 0.7265625
6 0.28909375000000004 0.48597222222222225 0.21253125 0.48597222222222225 0.21253125 0.5984722222222223 0.28909375000000004 0.5984722222222223 0.28909375000000004 0.48597222222222225
5 0.3984375 0.2796875 0.2046875 0.2796875 0.2046875 0.4155902777777778 0.3984375 0.4155902777777778 0.3984375 0.2796875
5 0.4 0.003159722222222222 0.20625 0.003159722222222222 0.20625 0.16253472222222223 0.4 0.16253472222222223 0.4 0.003159722222222222
5 0.99375 0.003125 0.80625 0.003125 0.80625 0.16409722222222223 0.99375 0.16409722222222223 0.99375 0.003125
5 0.8035625 0.0024652777777777776 0.3995625 0.0024652777777777776 0.3995625 0.16864583333333333 0.8035625 0.16864583333333333 0.8035625 0.0024652777777777776
5 0 0.9930555555555556 0.99375 0.9930555555555556 0.99375 0.8333333333333334 0.20089375 0.8358125 0.20535625 0.004958333333333333 0 0.0024791666666666664 0 0.9930555555555556
5 0.3080625 0.4191666666666667 0.1986875 0.4191666666666667 0.1986875 0.5059722222222223 0.3080625 0.5059722222222223 0.3080625 0.4191666666666667
5 0.388375 0.4439236111111111 0.31025 0.4439236111111111 0.31025 0.5034375 0.388375 0.5034375 0.388375 0.4439236111111111
1 0.39509375 0.5059375 0.31028125 0.5059375 0.31028125 0.6175347222222222 0.39509375 0.6175347222222222 0.39509375 0.5059375
5 0.30584375 0.6126041666666667 0.20090625 0.6126041666666667 0.20090625 0.7217013888888889 0.30584375 0.7217013888888889 0.30584375 0.6126041666666667