0 0.496875 0.34843749999999996 0.4953125 0.35 0.4953125 0.35624999999999996 0.496875 0.3578125 0.496875 0.359375 0.4984375 0.3609375 0.4984375 0.36250000000000004 0.5 0.36406249999999996 0.5 0.3765625 0.4984375 0.37812500000000004 0.4984375 0.384375 0.496875 0.38593750000000004 0.496875 0.3984375 0.4953125 0.4 0.4953125 0.41718750000000004 0.49375 0.41874999999999996 0.49375 0.49687499999999996 0.4921875 0.49843750000000003 0.4921875 0.5046875 0.490625 0.5062500000000001 0.490625 0.5093749999999999 0.4890625 0.5109375 0.4890625 0.5125 0.4875 0.5140625000000001 0.4875 0.51875 0.4859375 0.5203125 0.4859375 0.5265625 0.48125 0.53125 0.4796875 0.53125 0.478125 0.5328124999999999 0.4765625 0.5328124999999999 0.471875 0.5375000000000001 0.471875 0.5406249999999999 0.4734375 0.5406249999999999 0.475 0.5421875 0.4765625 0.5421875 0.478125 0.54375 0.4828125 0.54375 0.484375 0.5453125000000001 0.484375 0.546875 0.4828125 0.5484374999999999 0.4765625 0.5484374999999999 0.475 0.55 0.4453125 0.55 0.44375 0.5515625 0.41875 0.5515625 0.4171875 0.55 0.403125 0.55 0.4015625 0.5515625 0.390625 0.5515625 0.3890625 0.5531250000000001 0.35625 0.5531250000000001 0.3546875 0.5546875 0.3375 0.5546875 0.3359375 0.5562499999999999 0.309375 0.5562499999999999 0.3078125 0.5546875 0.3046875 0.5546875 0.303125 0.5531250000000001 0.2984375 0.5578125 0.2984375 0.559375 0.296875 0.5609375000000001 0.296875 0.5625 0.2953125 0.5640624999999999 0.29375 0.5640624999999999 0.29375 0.7796875000000001 0.3109375 0.7796875000000001 0.3125 0.778125 0.3546875 0.778125 0.35625 0.7796875000000001 0.3984375 0.7796875000000001 0.4 0.778125 0.40625 0.778125 0.4078125 0.7796875000000001 0.6890625 0.7796875000000001 0.690625 0.778125 0.6921875 0.778125 0.6953125 0.7749999999999999 0.696875 0.7749999999999999 0.6984375 0.7734375 0.6984375 0.7718750000000001 0.7 0.7703125 0.6984375 0.76875 0.6984375 0.7093750000000001 0.7 0.7078125 0.7 0.7015625000000001 0.6984375 0.7 0.6984375 0.5578125 0.7015625 0.5546875 0.890625 0.5546875 0.8921875 0.5531250000000001 0.89375 0.5531250000000001 0.89375 0.5515625 0.8953125 0.55 0.8953125 0.33281249999999996 0.5078125 0.33281249999999996 0.50625 0.334375 0.5046875 0.334375 0.503125 0.3359375 0.5 0.3359375 0.4984375 0.3375 0.4953125 0.3375 0.4953125 0.33906250000000004 0.49375 0.34062499999999996 0.4953125 0.3421875 0.4953125 0.34375 0.496875 0.3453125 0.496875 0.34843749999999996
2 0.4125 0.415625 0.4125 0.528125 0.4921875 0.528125 0.4921875 0.415625 0.4125 0.415625
5 0.3515625 0.9930555555555556 0.353125 0.9930555555555556 0.365625 0.9930555555555556 0.3671875 0.9921875 0.3921875 0.9921875 0.39375 0.9930555555555556 0.3953125 0.9930555555555556 0.396875 0.9921875 0.4 0.9921875 0.4015625 0.9906250000000001 0.4015625 0.9890625000000001 0.403125 0.9874999999999999 0.403125 0.9796874999999999 0.4046875 0.9781249999999999 0.4046875 0.9734375000000001 0.403125 0.9718749999999999 0.403125 0.9703124999999999 0.4046875 0.96875 0.4046875 0.9453125 0.403125 0.9437500000000001 0.403125 0.9015624999999999 0.4015625 0.8999999999999999 0.4015625 0.8953125000000001 0.403125 0.8937499999999999 0.403125 0.8921874999999999 0.4046875 0.890625 0.4046875 0.8890625000000001 0.40625 0.8875 0.4078125 0.8875 0.409375 0.8859375 0.89375 0.8859375 0.89375 0.7796875000000001 0.3015625 0.7796875000000001 0.3015625 0.9930555555555556 0.30625 0.9930555555555556 0.3078125 0.9930555555555556 0.309375 0.9930555555555556 0.3109375 0.9930555555555556 0.3359375 0.9930555555555556 0.3375 0.9930555555555556 0.34375 0.9930555555555556 0.3453125 0.9930555555555556 0.3484375 0.9930555555555556 0.35 0.9930555555555556 0.3515625 0.9930555555555556
10 0.8906562499999999 0.2797222222222222 0.10471875 0.2797222222222222 0.10471875 0.3297222222222222 0.8906562499999999 0.3297222222222222 0.8906562499999999 0.2797222222222222
0 0.696875 0.0015625 0.3 0.0015625 0.3 0.10940972222222223 0.696875 0.10940972222222223 0.696875 0.0015625
5 0.99378125 0.0015277777777777779 0.90159375 0.0015277777777777779 0.90159375 0.3327777777777778 0.99378125 0.3327777777777778 0.99378125 0.0015277777777777779
5 0.99375 0.3344097222222222 0.9 0.3344097222222222 0.9 0.9930902777777777 0.99375 0.9930902777777777 0.99375 0.3344097222222222
0 0.2984375 0.7796875000000001 0.0953125 0.7796875000000001 0.0953125 0.9930902777777777 0.2984375 0.9930902777777777 0.2984375 0.7796875000000001
5 0.09534375 0.7796875000000001 0.00315625 0.7796875000000001 0.00315625 0.9930902777777777 0.09534375 0.9930902777777777 0.09534375 0.7796875000000001
0 0.09925 0.3343402777777778 0.002375 0.3343402777777778 0.002375 0.5546875 0.09925 0.5546875 0.09925 0.3343402777777778
1 0.096875 0.22343749999999998 0.003125 0.22343749999999998 0.003125 0.3280902777777778 0.096875 0.3280902777777778 0.096875 0.22343749999999998