0 0.3015625 0.6625347222222222 0.5984375 0.6625347222222222 0.5984375 0.0109375 0.3015625 0.0109375 0.3015625 0.6625347222222222
5 0.00625 0.22812500000000002 0.00625 0.66875 0.1953125 0.66875 0.1953125 0.22812500000000002 0.00625 0.22812500000000002
2 0.50625 0.4203125 0.50625 0.51875 0.596875 0.51875 0.596875 0.4203125 0.50625 0.4203125
5 0.6 0.0109375 0.6 0.44218749999999996 0.7984375 0.44218749999999996 0.7984375 0.0109375 0.6 0.0109375
1 0.70729375 0.6737291666666666 0.70729375 0.7706041666666666 0.80104375 0.7706041666666666 0.80104375 0.6737291666666666 0.70729375 0.6737291666666666
5 0.1015625 0.9930555555555556 0.2 0.9930555555555556 0.2 0.8890625000000001 0.0984375 0.8890625000000001 0.0984375 0.9906250000000001 0.1 0.9921875 0.1 0.9930555555555556 0.1015625 0.9930555555555556
5 0.3 0.6640625 0.3 0.018750000000000003 0.09083125 0.017590277777777778 0.0925 0.22129861111111113 0.1975 0.22499999999999998 0.19333125 0.6657430555555556 0.3 0.6640625
5 0.8 0.014062499999999999 0.8 0.44062500000000004 0.9046875 0.44062500000000004 0.9046875 0.014062499999999999 0.8 0.014062499999999999
5 0.2109375 0.9015624999999999 0.2109375 0.9930555555555556 0.996875 0.9930555555555556 0.996875 0.9015624999999999 0.2109375 0.9015624999999999
0 0.99583125 0.07500000000000001 0.90666875 0.07685416666666667 0.90583125 0.4444444444444444 0.80416875 0.44259027777777776 0.79833125 0.6638888888888889 1 0.6638888888888889 0.99583125 0.07500000000000001
6 0.9058125 0 0.9058125 0.07222222222222223 0.9958125000000001 0.07222222222222223 0.9958125000000001 0 0.9058125 0