5 0.0046875 0.44687499999999997 0.00625 0.4453125 0.0421875 0.4453125 0.04375 0.44375 0.0890625 0.44375 0.090625 0.4453125 0.0921875 0.4453125 0.096875 0.44999999999999996 0.096875 0.45156250000000003 0.0984375 0.453125 0.0984375 0.48124999999999996 0.096875 0.48281250000000003 0.096875 0.4921875 0.0953125 0.49374999999999997 0.0953125 0.534375 0.09375 0.5359375 0.09375 0.5453125000000001 0.0953125 0.546875 0.0953125 0.5484374999999999 0.096875 0.55 0.1921875 0.55 0.19375 0.5484374999999999 0.19375 0.334375 0.0015625 0.334375 0.0015625 0.44687499999999997 0.0046875 0.44687499999999997
5 0.1234375 0.778125 0.1234375 0.7796875000000001 0.125 0.78125 0.125 0.7828124999999999 0.1265625 0.784375 0.1265625 0.7953125000000001 0.128125 0.796875 0.128125 0.9109375000000001 0.1265625 0.9125000000000001 0.1265625 0.9703124999999999 0.128125 0.9718749999999999 0.128125 0.9796874999999999 0.1296875 0.9812500000000001 0.1296875 0.984375 0.13125 0.9859374999999999 0.13125 0.9906250000000001 0.1328125 0.9921875 0.2046875 0.9921875 0.2046875 0.9906250000000001 0.20625 0.9890625000000001 0.20625 0.9796874999999999 0.2046875 0.9781249999999999 0.2046875 0.8968750000000001 0.209375 0.8921874999999999 0.2109375 0.8921874999999999 0.2140625 0.8890625000000001 0.21875 0.8890625000000001 0.2203125 0.890625 0.2734375 0.890625 0.275 0.8890625000000001 0.278125 0.8890625000000001 0.2796875 0.8875 0.284375 0.8875 0.2921875 0.8953125000000001 0.2921875 0.8999999999999999 0.29375 0.9015624999999999 0.29375 0.9890625000000001 0.2953125 0.9906250000000001 0.2953125 0.9921875 0.4625 0.9921875 0.4640625 0.9906250000000001 0.465625 0.9906250000000001 0.4671875 0.9890625000000001 0.4671875 0.9874999999999999 0.46875 0.9859374999999999 0.46875 0.984375 0.4703125 0.9828125000000001 0.4703125 0.921875 0.46875 0.9203125000000001 0.46875 0.8046875 0.4703125 0.8031250000000001 0.4703125 0.7890625 0.471875 0.7875000000000001 0.471875 0.7828124999999999 0.4734375 0.78125 0.4734375 0.7796875000000001 0.475 0.778125 0.475 0.5578125 0.1203125 0.5578125 0.1203125 0.7749999999999999 0.1234375 0.778125
5 0.396875 0.5531250000000001 0.396875 0.41718750000000004 0.3953125 0.415625 0.3953125 0.40312499999999996 0.39375 0.40156250000000004 0.39375 0.37187499999999996 0.3953125 0.37031250000000004 0.3953125 0.3578125 0.396875 0.35624999999999996 0.396875 0.3359375 0.3015625 0.3359375 0.3015625 0.5531250000000001 0.396875 0.5531250000000001
8 0.2828125 0.9906250000000001 0.2828125 0.8984375 0.2140625 0.8984375 0.2140625 0.9906250000000001 0.2828125 0.9906250000000001
5 0.8921875 0.44218749999999996 0.8921875 0.334375 0.4984375 0.334375 0.4984375 0.44218749999999996 0.8921875 0.44218749999999996
4 0.496875 0.4375 0.496875 0.3359375 0.3984375 0.3359375 0.3984375 0.4375 0.496875 0.4375
2 0.4890625 0.5234375 0.4890625 0.4203125 0.40625 0.4203125 0.40625 0.5234375 0.4890625 0.5234375
5 0.096875 0.9921875 0.0984375 0.9906250000000001 0.0984375 0.8890625000000001 0.0015625 0.8890625000000001 0.0015625 0.9921875 0.096875 0.9921875
5 0.9046875 0 0.9046875 0.328125 0.99375 0.328125 0.99375 0 0.9046875 0
0 0.6984375 0.1109375 0.7 0.109375 0.7 0.10625000000000001 0.7015625 0.10468749999999999 0.7015625 0.0015625 0.0046875 0.0015625 0.0046875 0.1109375 0.6984375 0.1109375
5 0.528125 0.9930555555555556 0.5296875 0.9930555555555556 0.56875 0.9930555555555556 0.5703125 0.9930555555555556 0.584375 0.9930555555555556 0.5859375 0.9930555555555556 0.6046875 0.9930555555555556 0.60625 0.9930555555555556 0.6171875 0.9930555555555556 0.61875 0.9930555555555556 0.6203125 0.9930555555555556 0.621875 0.9930555555555556 0.99375 0.9930555555555556 0.99375 0.8859375 0.5015625 0.8859375 0.5015625 0.9930555555555556 0.528125 0.9930555555555556