5 0.203125 0.5969097222222222 0.49375 0.5969097222222222 0.49375 0.4390625 0.203125 0.4390625 0.203125 0.5969097222222222
7 0.4109375 0.5109375 0.4890625 0.5109375 0.4890625 0.4312847222222222 0.4109375 0.4312847222222222 0.4109375 0.5109375
7 0.3109375 0.5125 0.3890625 0.5125 0.3890625 0.43125 0.3109375 0.43125 0.3109375 0.5125
7 0.21246874999999998 0.5109375 0.28903124999999996 0.5109375 0.28903124999999996 0.4312847222222222 0.21246874999999998 0.4312847222222222 0.21246874999999998 0.5109375
5 0.10934375 0.33125000000000004 0.49215625 0.33125000000000004 0.49215625 0.11875000000000001 0.10934375 0.11875000000000001 0.10934375 0.33125000000000004
1 0.51090625 0.21718749999999998 0.69371875 0.21718749999999998 0.69371875 0.11253472222222222 0.51090625 0.11253472222222222 0.51090625 0.21718749999999998
1 0.70465625 0.3703472222222222 0.89371875 0.3703472222222222 0.89371875 0.221875 0.70465625 0.221875 0.70465625 0.3703472222222222
1 1 0.22972222222222222 0.903125 0.22972222222222222 0.903125 0.36875 1 0.36875 1 0.22972222222222222
5 0.7015625 0.2218402777777778 0.9984375 0.2218402777777778 0.9984375 0.11871527777777777 0.7015625 0.11871527777777777 0.7015625 0.2218402777777778
6 0.6046875 0.5265277777777777 0.6984375 0.5265277777777777 0.6984375 0.4202777777777778 0.6046875 0.4202777777777778 0.6046875 0.5265277777777777
2 0.5077812500000001 0.5280902777777778 0.5937187500000001 0.5280902777777778 0.5937187500000001 0.41718750000000004 0.5077812500000001 0.41718750000000004 0.5077812500000001 0.5280902777777778
6 0.49996875 0.4234375 0.6015312500000001 0.4234375 0.6015312500000001 0.3140625 0.49996875 0.3140625 0.49996875 0.4234375
12 1 0.6638888888888889 0.00625 0.6638888888888889 0.00625 0.9897222222222223 1 0.9897222222222223 1 0.6638888888888889
5 0.10166875 0.11018750000000001 1 0.11203472222222222 0.9966687500000001 0.0009236111111111112 0.006668749999999999 3.888888888888889e-7 0.00625 0.6731458333333333 0.09833125000000001 0.6666666666666666 0.10166875 0.11018750000000001