2 0.50625 0.5203125 0.50625 0.5218750000000001 0.5078125 0.5234375 0.5078125 0.528125 0.509375 0.5296875000000001 0.5953125 0.5296875000000001 0.5953125 0.4125 0.50625 0.4125 0.50625 0.43281250000000004 0.5078125 0.43437499999999996 0.5078125 0.51875 0.50625 0.5203125
0 0.2828125 0.44218749999999996 0.28125 0.44375 0.24375 0.44375 0.2421875 0.44218749999999996 0.1046875 0.44218749999999996 0.1046875 0.6625000000000001 0.109375 0.6671875 0.2984375 0.6671875 0.3015625 0.6703125000000001 0.3015625 0.721875 0.3 0.7234375 0.3 0.7281249999999999 0.3015625 0.7296875 0.3015625 0.8078125 0.3 0.809375 0.3 0.828125 0.3015625 0.8296874999999999 0.3015625 0.875 0.3 0.8765624999999999 0.3 0.878125 0.3015625 0.8796875 0.3015625 0.8843749999999999 0.303125 0.8859375 0.30625 0.8859375 0.3078125 0.8875 0.3515625 0.8875 0.353125 0.8890625000000001 0.3625 0.8890625000000001 0.3640625 0.8875 0.48125 0.8875 0.4828125 0.8859375 0.5046875 0.8859375 0.50625 0.8875 0.5796875 0.8875 0.58125 0.8859375 0.6046875 0.8859375 0.60625 0.8875 0.6328125 0.8875 0.634375 0.8859375 0.6796875 0.8859375 0.68125 0.8875 0.6875 0.8875 0.6890625 0.8890625000000001 0.7078125 0.8890625000000001 0.7078125 0.8828125 0.7046875 0.8796875 0.7046875 0.8703125 0.703125 0.8687499999999999 0.703125 0.8625 0.7046875 0.8609374999999999 0.7046875 0.8515625 0.70625 0.8500000000000001 0.70625 0.79375 0.7078125 0.7921875 0.7078125 0.7015625000000001 0.70625 0.7 0.70625 0.6765625 0.703125 0.6734374999999999 0.703125 0.671875 0.7015625 0.6703125000000001 0.7015625 0.66875 0.7 0.6671875 0.7 0.6656249999999999 0.6984375 0.6640625 0.6828125 0.6640625 0.68125 0.6656249999999999 0.665625 0.6656249999999999 0.6640625 0.6640625 0.6515625 0.6640625 0.65 0.6625000000000001 0.63125 0.6625000000000001 0.6296875 0.6640625 0.625 0.6640625 0.6234375 0.6625000000000001 0.621875 0.6640625 0.603125 0.6640625 0.6015625 0.6625000000000001 0.58125 0.6625000000000001 0.5796875 0.6640625 0.553125 0.6640625 0.5515625 0.6625000000000001 0.5328125 0.6625000000000001 0.53125 0.6640625 0.5109375 0.6640625 0.509375 0.6625000000000001 0.50625 0.6625000000000001 0.5046875 0.6609375 0.503125 0.6609375 0.5015625 0.659375 0.5015625 0.6546875000000001 0.5 0.653125 0.5 0.6453125 0.5015625 0.64375 0.5015625 0.6203125 0.503125 0.6187499999999999 0.503125 0.6046875 0.5015625 0.6031249999999999 0.5015625 0.5625 0.503125 0.5609375000000001 0.503125 0.5453125000000001 0.5046875 0.54375 0.5046875 0.5406249999999999 0.50625 0.5390625 0.5046875 0.5375000000000001 0.5046875 0.5171874999999999 0.503125 0.515625 0.503125 0.5078125 0.5015625 0.5062500000000001 0.5015625 0.49374999999999997 0.5 0.4921875 0.5 0.47343749999999996 0.5015625 0.47187500000000004 0.5015625 0.45781249999999996 0.5 0.45625000000000004 0.5 0.45156250000000003 0.4984375 0.44999999999999996 0.4984375 0.44843750000000004 0.49375 0.44375 0.4921875 0.44375 0.490625 0.44218749999999996 0.4765625 0.44218749999999996 0.475 0.44375 0.4484375 0.44375 0.446875 0.44218749999999996 0.2828125 0.44218749999999996
10 0.5109375 0.44062500000000004 0.5125 0.4390625 0.5140625 0.4390625 0.515625 0.4375 0.5171875 0.4375 0.5234375 0.43125 0.5265625 0.43125 0.528125 0.4296875 0.5328125 0.4296875 0.534375 0.428125 0.5359375 0.428125 0.5375 0.4296875 0.55625 0.4296875 0.5578125 0.428125 0.5625 0.428125 0.5640625 0.4296875 0.575 0.4296875 0.5765625 0.43125 0.578125 0.43125 0.5828125 0.4359375 0.584375 0.4359375 0.5890625 0.44062500000000004 0.590625 0.44062500000000004 0.5921875 0.44218749999999996 0.89375 0.44218749999999996 0.89375 0.3890625 0.109375 0.3890625 0.109375 0.44218749999999996 0.5078125 0.44218749999999996 0.509375 0.44062500000000004 0.5109375 0.44062500000000004
0 0.303125 0.22027777777777777 0.70625 0.22027777777777777 0.70625 0.0015277777777777779 0.303125 0.0015277777777777779 0.303125 0.22027777777777777
1 0.903125 0.44062500000000004 0.996875 0.44062500000000004 0.996875 0.334375 0.903125 0.334375 0.903125 0.44062500000000004
0 0.9015625 0.6671875 0.9984375 0.6671875 0.9984375 0.4453125 0.9015625 0.4453125 0.9015625 0.6671875
5 0.10309375000000001 0.9930902777777777 0.69840625 0.9930902777777777 0.69840625 0.8906597222222222 0.10309375000000001 0.8906597222222222 0.10309375000000001 0.9930902777777777
5 0.00621875 0.44059027777777776 0.09840625 0.44059027777777776 0.09840625 0.004687500000000001 0.00621875 0.004687500000000001 0.00621875 0.44059027777777776
5 0.00625 0.9930902777777777 0.1 0.9930902777777777 0.1 0.44538194444444446 0.00625 0.44538194444444446 0.00625 0.9930902777777777
5 0.90625 0.9930902777777777 0.996875 0.9930902777777777 0.996875 0.8906597222222222 0.90625 0.8906597222222222 0.90625 0.9930902777777777
0 0.7 0.890625 0.7 0.9930555555555556 0.9015625 0.9930555555555556 0.9015625 0.890625 0.7 0.890625