5 0.69375 0.2140625 0.69375 0.00625 0.5015625 0.00625 0.5015625 0.2140625 0.69375 0.2140625
5 0.3984375 0.5484374999999999 0.3984375 0.3375 0.203125 0.3375 0.203125 0.5484374999999999 0.3984375 0.5484374999999999
2 0.596875 0.5296875000000001 0.596875 0.415625 0.5046875 0.415625 0.5046875 0.5296875000000001 0.596875 0.5296875000000001
5 0.3109375 0.09843750000000001 0.3109375 0.0953125 0.309375 0.09375 0.309375 0.0921875 0.3078125 0.09062500000000001 0.3078125 0.08281250000000001 0.30625 0.08124999999999999 0.30625 0.0765625 0.3078125 0.07500000000000001 0.3078125 0.060937500000000006 0.309375 0.059375000000000004 0.309375 0.045312500000000006 0.3078125 0.04375 0.3078125 0.0390625 0.30625 0.037500000000000006 0.30625 0.03125 0.3046875 0.029687500000000002 0.3046875 0.025 0.303125 0.0234375 0.303125 0.020312499999999997 0.3046875 0.018750000000000003 0.3046875 0.015625 0.3078125 0.0125 0.3203125 0.0125 0.321875 0.014062499999999999 0.3234375 0.014062499999999999 0.325 0.015625 0.3328125 0.015625 0.334375 0.014062499999999999 0.3375 0.014062499999999999 0.340625 0.0109375 0.3421875 0.0109375 0.346875 0.00625 0.3515625 0.00625 0.353125 0.0078125 0.35625 0.0078125 0.3578125 0.009375000000000001 0.35625 0.0109375 0.3546875 0.0109375 0.3546875 0.014062499999999999 0.35625 0.014062499999999999 0.3578125 0.015625 0.3625 0.015625 0.3640625 0.0171875 0.36875 0.0171875 0.3703125 0.018750000000000003 0.371875 0.018750000000000003 0.3734375 0.020312499999999997 0.3765625 0.020312499999999997 0.378125 0.021875 0.384375 0.021875 0.390625 0.028124999999999997 0.390625 0.029687500000000002 0.3921875 0.03125 0.3921875 0.032812499999999994 0.39375 0.034375 0.39375 0.037500000000000006 0.3953125 0.0390625 0.3953125 0.0921875 0.39375 0.09375 0.39375 0.1078125 0.3953125 0.109375 0.409375 0.109375 0.4140625 0.10468749999999999 0.415625 0.10468749999999999 0.4171875 0.103125 0.4171875 0.1015625 0.4203125 0.09843750000000001 0.421875 0.09843750000000001 0.4234375 0.09687499999999999 0.425 0.09687499999999999 0.428125 0.09375 0.4296875 0.09375 0.43125 0.0921875 0.4328125 0.0921875 0.434375 0.09062500000000001 0.4359375 0.09062500000000001 0.4390625 0.0875 0.440625 0.0875 0.4421875 0.0859375 0.4671875 0.0859375 0.46875 0.0875 0.4703125 0.0875 0.471875 0.08906249999999999 0.4796875 0.08906249999999999 0.4859375 0.08281250000000001 0.4875 0.08281250000000001 0.4890625 0.08124999999999999 0.4921875 0.08124999999999999 0.496875 0.0765625 0.4984375 0.0765625 0.5 0.078125 0.5 0.0015625 0.00625 0.0015625 0.00625 0.109375 0.3328125 0.109375 0.33125 0.1078125 0.3171875 0.1078125 0.3125 0.103125 0.3125 0.1 0.3109375 0.09843750000000001
8 0.275 0.7828124999999999 0.275 0.8843749999999999 0.2796875 0.8843749999999999 0.28125 0.8859375 0.521875 0.8859375 0.521875 0.7828124999999999 0.275 0.7828124999999999
6 0.49375 0.08281250000000001 0.4015625 0.08281250000000001 0.4015625 0.190625 0.403125 0.1921875 0.4046875 0.1921875 0.40625 0.19374999999999998 0.49375 0.19374999999999998 0.49375 0.08281250000000001
5 0.6015625 0.8859375 0.603125 0.8875 0.7015625 0.8875 0.7015625 0.6640625 0.6015625 0.6640625 0.6015625 0.8859375
6 0.090625 0.75 0.090625 0.6375 0.0109375 0.6375 0.0109375 0.75 0.090625 0.75
5 0.1 0.8890625000000001 0.1 0.7796875000000001 0.00625 0.7796875000000001 0.00625 0.8890625000000001 0.1 0.8890625000000001
5 0.7 0 0.7 0.0015625 0.7015625 0.003125 0.7015625 0.021875 0.7 0.0234375 0.7 0.0515625 0.6984375 0.053125000000000006 0.7 0.0546875 0.7 0.1 0.6984375 0.1015625 0.6984375 0.153125 0.7 0.15468749999999998 0.7 0.17031249999999998 0.7015625 0.171875 0.7 0.17343750000000002 0.7 0.17812499999999998 0.7015625 0.1796875 0.7015625 0.35624999999999996 0.7 0.3578125 0.7 0.359375 0.7015625 0.3609375 0.7015625 0.515625 0.7 0.5171874999999999 0.7 0.6499999999999999 0.7015625 0.6515625 0.7015625 0.653125 0.7 0.6546875000000001 0.7 0.6953125 0.7015625 0.6968749999999999 0.7015625 0.8843749999999999 0.7 0.8859375 0.7 0.8875 0.6984375 0.8890625000000001 0.690625 0.8890625000000001 0.6890625 0.890625 0.6796875 0.890625 0.678125 0.8921874999999999 0.665625 0.8921874999999999 0.6640625 0.8937499999999999 0.646875 0.8937499999999999 0.6453125 0.8921874999999999 0.63125 0.8921874999999999 0.6296875 0.890625 0.6109375 0.890625 0.609375 0.8890625000000001 0.31875 0.8890625000000001 0.3171875 0.8875 0.00625 0.8953402777777778 0.00625 0.9930555555555556 1 0.9930555555555556 1 0 0.7 0
8 0.39059374999999996 0.01982638888888889 0.30803125 0.01982638888888889 0.30803125 0.11406250000000001 0.39059374999999996 0.11406250000000001 0.39059374999999996 0.01982638888888889