5 0.5703125 0.078125 0.5671875 0.08124999999999999 0.565625 0.08124999999999999 0.5640625 0.08281250000000001 0.5625 0.08281250000000001 0.559375 0.0859375 0.559375 0.0875 0.5578125 0.08906249999999999 0.5578125 0.09062500000000001 0.55625 0.0921875 0.55625 0.09375 0.5546875 0.0953125 0.5546875 0.09843750000000001 0.553125 0.1 0.553125 0.65625 0.9484375 0.65625 0.9484375 0.27031249999999996 0.946875 0.26875000000000004 0.946875 0.22343749999999998 0.9484375 0.221875 0.9484375 0.2109375 0.946875 0.20937499999999998 0.946875 0.190625 0.9484375 0.18906250000000002 0.9484375 0.0796875 0.946875 0.08124999999999999 0.946875 0.08281250000000001 0.9453125 0.084375 0.9453125 0.08906249999999999 0.94375 0.09062500000000001 0.9359375 0.09062500000000001 0.9296875 0.084375 0.9296875 0.08281250000000001 0.9265625 0.0796875 0.925 0.0796875 0.9234375 0.078125 0.921875 0.078125 0.9203125 0.0765625 0.9203125 0.07500000000000001 0.915625 0.0703125 0.915625 0.06875 0.9125 0.06562499999999999 0.909375 0.06562499999999999 0.8890625 0.045312500000000006 0.8890625 0.04375 0.884375 0.0390625 0.884375 0.037500000000000006 0.878125 0.03125 0.878125 0.029687500000000002 0.875 0.026562500000000003 0.8734375 0.026562500000000003 0.865625 0.018750000000000003 0.865625 0.0171875 0.8640625 0.015625 0.8625 0.015625 0.8578125 0.0109375 0.6390625 0.0109375 0.634375 0.015625 0.6328125 0.015625 0.603125 0.045312500000000006 0.603125 0.046875 0.5921875 0.057812499999999996 0.5921875 0.059375000000000004 0.5828125 0.06875 0.58125 0.06875 0.571875 0.078125 0.5703125 0.078125
1 0.546875 0.6609375 0.546875 0.5562499999999999 0.4546875 0.5562499999999999 0.4546875 0.6609375 0.546875 0.6609375
2 0.4921875 0.5203125 0.4921875 0.421875 0.4109375 0.421875 0.4109375 0.5203125 0.4921875 0.5203125
10 0.4390625 0.44218749999999996 0.440625 0.44062500000000004 0.44375 0.44062500000000004 0.4453125 0.4390625 0.446875 0.4390625 0.446875 0.3890625 0.0046875 0.3890625 0.0046875 0.44218749999999996 0.4390625 0.44218749999999996
6 0.35 0.6328125 0.35 0.6312500000000001 0.3515625 0.6296875 0.3515625 0.528125 0.271875 0.528125 0.271875 0.6359375 0.346875 0.6359375 0.35 0.6328125
10 0.8328125 0.8843749999999999 0.8328125 0.8374999999999999 0.0015625 0.8374999999999999 0.0015625 0.8843749999999999 0.8328125 0.8843749999999999
0 0.99375 0.21875 0.99375 0.003125 0.953125 0.003125 0.953125 0.21875 0.99375 0.21875
10 0.99375 0.44062500000000004 0.99375 0.3921875 0.9515625 0.3921875 0.9515625 0.44062500000000004 0.99375 0.44062500000000004
5 0.9625 0.75 0.9578125 0.7546875 0.95625 0.7546875 0.953125 0.7578125 0.953125 0.9930555555555556 0.99375 0.9930555555555556 0.99375 0.7234375 0.9921875 0.7250000000000001 0.9921875 0.7265625 0.9875 0.73125 0.9859375 0.73125 0.978125 0.7390625 0.9765625 0.7390625 0.971875 0.7437499999999999 0.9703125 0.7437499999999999 0.9640625 0.75 0.9625 0.75
6 0.1671875 0 0.1671875 0.08281250000000001 0.2546875 0.08281250000000001 0.2546875 0.08124999999999999 0.2578125 0.078125 0.2578125 0 0.1671875 0
2 0.2578125 0.078125 0.2578125 0.0015625 0.1671875 0.0015625 0.1671875 0.08281250000000001 0.2546875 0.08281250000000001 0.2546875 0.08124999999999999 0.2578125 0.078125