5 0.1049125 0.009923611111111112 0.13839375 0.03224305555555555 0.14285625 0.07440277777777778 0.20981875 0.07688194444444445 0.20535625 0 0.1049125 0.009923611111111112
8 0.215625 0 0.215625 0.07500000000000001 0.2328125 0.07500000000000001 0.234375 0.07343749999999999 0.284375 0.07343749999999999 0.284375 0 0.215625 0
2 0.4921875 0.5265625 0.4921875 0.421875 0.4078125 0.421875 0.4078125 0.5265625 0.4921875 0.5265625
1 0.6953125 0.078125 0.6953125 0.0015625 0.6046875 0.0015625 0.6046875 0.078125 0.6953125 0.078125
6 0.2921875 0.7093750000000001 0.2953125 0.70625 0.2953125 0.6000000000000001 0.2046875 0.6000000000000001 0.2046875 0.7093750000000001 0.2921875 0.7093750000000001
10 0.99375 0.5234375 0.99375 0.47343749999999996 0.7015625 0.47343749999999996 0.7015625 0.5234375 0.99375 0.5234375
10 0.99375 0.0796875 0.99375 0.029687500000000002 0.703125 0.029687500000000002 0.703125 0.0796875 0.99375 0.0796875
5 0.090625 0.6343749999999999 0.090625 0.5265625 0.0015625 0.5265625 0.0015625 0.6343749999999999 0.090625 0.6343749999999999
5 0.603125 0.9671875000000001 0.6046875 0.9671875000000001 0.60625 0.96875 0.971875 0.96875 0.9734375 0.9703124999999999 0.99375 0.9703124999999999 0.99375 0.8578125000000001 0.9921875 0.8578125000000001 0.990625 0.859375 0.9890625 0.8578125000000001 0.9625 0.8578125000000001 0.9609375 0.859375 0.8671875 0.859375 0.865625 0.8609374999999999 0.859375 0.8609374999999999 0.8578125 0.859375 0.8078125 0.859375 0.80625 0.8578125000000001 0.778125 0.8578125000000001 0.7765625 0.859375 0.7265625 0.859375 0.725 0.8609374999999999 0.7046875 0.8609374999999999 0.7 0.85625 0.7 0.8546875 0.6984375 0.8531249999999999 0.6984375 0.8046875 0.7 0.8031250000000001 0.7 0.7859375 0.6984375 0.784375 0.6984375 0.6078125000000001 0.7 0.60625 0.7 0.59375 0.6984375 0.5921875000000001 0.6984375 0.53125 0.7 0.5296875000000001 0.7 0.5265625 0.6984375 0.5249999999999999 0.6984375 0.275 0.7 0.2734375 0.7 0.2671875 0.6984375 0.265625 0.6984375 0.2640625 0.7 0.26249999999999996 0.7 0.25468749999999996 0.6984375 0.25312500000000004 0.6984375 0.25 0.7 0.24843749999999998 0.7 0.234375 0.6984375 0.23281249999999998 0.6984375 0.08906249999999999 0.6953125 0.0859375 0.6921875 0.0859375 0.690625 0.084375 0.6859375 0.084375 0.684375 0.0859375 0.6765625 0.0859375 0.675 0.084375 0.671875 0.084375 0.6703125 0.08281250000000001 0.6140625 0.08281250000000001 0.6125 0.08124999999999999 0.6078125 0.08124999999999999 0.603125 0.0859375 0.603125 0.9671875000000001
5 0.2953125 0.07343749999999999 0.296875 0.07343749999999999 0.2984375 0.07500000000000001 0.30625 0.07500000000000001 0.3078125 0.07343749999999999 0.4625 0.07343749999999999 0.4640625 0.071875 0.465625 0.071875 0.465625 0.0703125 0.4671875 0.06875 0.4671875 0.06562499999999999 0.46875 0.0640625 0.46875 0.060937500000000006 0.4703125 0.059375000000000004 0.4703125 0.0546875 0.471875 0.053125000000000006 0.471875 0.045312500000000006 0.4703125 0.04375 0.4703125 0.0390625 0.471875 0.037500000000000006 0.471875 0.034375 0.4734375 0.032812499999999994 0.4734375 0.029687500000000002 0.475 0.028124999999999997 0.475 0.026562500000000003 0.4765625 0.025 0.478125 0.025 0.48125 0.021875 0.4828125 0.021875 0.484375 0.020312499999999997 0.4875 0.020312499999999997 0.4890625 0.018750000000000003 0.4921875 0.018750000000000003 0.49375 0.0171875 0.4953125 0.0171875 0.496875 0.015625 0.496875 0.003125 0.29375 0.003125 0.29375 0.071875 0.2953125 0.07343749999999999
5 0.0921875 0.0796875 0.09375 0.078125 0.0953125 0.078125 0.096875 0.0765625 0.096875 0.0015625 0.0015625 0.0015625 0.0015625 0.0796875 0.0921875 0.0796875