5 0.203125 0.5977777777777777 0.49375 0.5977777777777777 0.49375 0.44152777777777774 0.203125 0.44152777777777774 0.203125 0.5977777777777777
5 0.7015625 0.2218402777777778 0.9984375 0.2218402777777778 0.9984375 0.11871527777777777 0.7015625 0.11871527777777777 0.7015625 0.2218402777777778
1 0.50928125 0.21718749999999998 0.69209375 0.21718749999999998 0.69209375 0.11253472222222222 0.50928125 0.11253472222222222 0.50928125 0.21718749999999998
1 0.70465625 0.3703472222222222 0.89371875 0.3703472222222222 0.89371875 0.221875 0.70465625 0.221875 0.70465625 0.3703472222222222
1 1 0.22972222222222222 0.903125 0.22972222222222222 0.903125 0.36875 1 0.36875 1 0.22972222222222222
6 0.50084375 0.4169791666666667 0.60240625 0.4169791666666667 0.60240625 0.3076041666666667 0.50084375 0.3076041666666667 0.50084375 0.4169791666666667
6 0.6046875 0.5247222222222222 0.6984375 0.5247222222222222 0.6984375 0.4184722222222222 0.6046875 0.4184722222222222 0.6046875 0.5247222222222222
2 0.5077812500000001 0.5280902777777778 0.5937187500000001 0.5280902777777778 0.5937187500000001 0.41718750000000004 0.5077812500000001 0.41718750000000004 0.5077812500000001 0.5280902777777778
7 0.4109375 0.5109375 0.4890625 0.5109375 0.4890625 0.4312847222222222 0.4109375 0.4312847222222222 0.4109375 0.5109375
7 0.3109375 0.5125 0.3890625 0.5125 0.3890625 0.43125 0.3109375 0.43125 0.3109375 0.5125
7 0.21246874999999998 0.5109375 0.28903124999999996 0.5109375 0.28903124999999996 0.4312847222222222 0.21246874999999998 0.4312847222222222 0.21246874999999998 0.5109375
5 0.10934375 0.33125000000000004 0.49215625 0.33125000000000004 0.49215625 0.11875000000000001 0.10934375 0.11875000000000001 0.10934375 0.33125000000000004
5 0.99833125 0.002777777777777778 0.00625 0.002777777777777778 0.00625 0.6675902777777778 0.10083125 0.6666666666666666 0.1 0.10833333333333334 1 0.10833333333333334 0.99833125 0.002777777777777778
12 1 0.6703125000000001 0.00625 0.6703125000000001 0.00625 0.9999652777777778 1 0.9999652777777778 1 0.6703125000000001