5 0.2015625 0 0.2015625 0.22031250000000002 0.5984375 0.22031250000000002 0.5984375 0 0.2015625 0
5 0.7953125 0.21875 0.7953125 0.060937500000000006 0.603125 0.060937500000000006 0.603125 0.21875 0.7953125 0.21875
5 0.196875 0.22031250000000002 0.196875 0.060937500000000006 0.00625 0.060937500000000006 0.00625 0.22031250000000002 0.196875 0.22031250000000002
5 0.396875 0.5531250000000001 0.396875 0.3359375 0.00625 0.3359375 0.00625 0.5531250000000001 0.396875 0.5531250000000001
2 0.59375 0.528125 0.59375 0.41718750000000004 0.5046875 0.41718750000000004 0.5046875 0.528125 0.59375 0.528125
6 0.2953125 0.7484375000000001 0.2953125 0.640625 0.2046875 0.640625 0.2046875 0.7484375000000001 0.2953125 0.7484375000000001
1 0.60625 0.5578125 0.60625 0.559375 0.6046875 0.5609375000000001 0.6046875 0.6703125000000001 0.690625 0.6703125000000001 0.690625 0.5578125 0.60625 0.5578125
6 0.5921875 0.41718750000000004 0.5921875 0.30625 0.5140625 0.30625 0.5140625 0.41718750000000004 0.5921875 0.41718750000000004
8 0.51875 0.8859375 0.51875 0.78125 0.284375 0.78125 0.284375 0.8859375 0.51875 0.8859375
5 0.7953125 0.48281250000000003 0.7953125 0.33281249999999996 0.60625 0.33281249999999996 0.60625 0.48281250000000003 0.7953125 0.48281250000000003
5 0.196875 0.056249999999999994 0.196875 0.0015625 0.00625 0.0015625 0.00625 0.056249999999999994 0.196875 0.056249999999999994
5 0.6953125 0.7703125 0.6953125 0.675 0.5953125 0.675 0.5953125 0.7703125 0.6953125 0.7703125
5 0.603125 0.0546875 0.6046875 0.056249999999999994 0.796875 0.056249999999999994 0.796875 0.0015625 0.603125 0.0015625 0.603125 0.0546875
5 0.6078125 0.5578125 0.6890625 0.5578125 0.690625 0.5562499999999999 0.690625 0.5015624999999999 0.6078125 0.5015624999999999 0.6078125 0.5578125
5 0.796875 0.0765625 0.796875 0.190625 0.7984375 0.1921875 0.7984375 0.19687500000000002 0.8 0.1984375 0.8 0.22499999999999998 0.8015625 0.2265625 0.8015625 0.22968750000000002 0.8 0.23124999999999998 0.8 0.3296875 0.7984375 0.33125000000000004 0.7984375 0.3421875 0.796875 0.34375 0.796875 0.37031250000000004 0.7953125 0.37187499999999996 0.7953125 0.41718750000000004 0.796875 0.41874999999999996 0.796875 0.44062500000000004 0.7984375 0.44218749999999996 0.7984375 0.4453125 0.8 0.44687499999999997 0.8 0.46718750000000003 0.7984375 0.46875 0.7984375 0.5046875 0.8 0.5062500000000001 0.8 0.5171874999999999 0.8015625 0.51875 0.8015625 0.5249999999999999 0.8 0.5265625 0.8 0.528125 0.8015625 0.5296875000000001 0.8015625 0.546875 0.8 0.5484374999999999 0.8 0.575 0.7984375 0.5765625000000001 0.7984375 0.5890625 0.8 0.590625 0.8 0.6671875 0.7984375 0.66875 0.7984375 0.6859375000000001 0.796875 0.6875 0.796875 0.78125 0.7984375 0.7828124999999999 0.7984375 0.79375 0.796875 0.7953125000000001 0.796875 0.8218749999999999 0.7984375 0.8234375 0.7984375 0.8359375 0.8 0.8374999999999999 0.8 0.8687499999999999 0.8015625 0.8703125 0.8015625 0.878125 0.8 0.8796875 0.8 0.8843749999999999 0.7984375 0.8859375 0.796875 0.8859375 0.7953125 0.8875 0.7890625 0.8875 0.7875 0.8890625000000001 0.76875 0.8890625000000001 0.7671875 0.8875 0.740625 0.8875 0.7390625 0.8890625000000001 0.56875 0.8890625000000001 0.5671875 0.8875 0.521875 0.8875 0.5203125 0.8890625000000001 0.4625 0.8890625000000001 0.4609375 0.8875 0.4265625 0.8875 0.425 0.8890625000000001 0.4203125 0.8890625000000001 0.41875 0.8875 0.028125 0.8875 0.0265625 0.8890625000000001 0.0109375 0.8890625000000001 0.009375 0.8875 0.00625 0.8875 0.00625 0.984375 0.984375 0.984375 0.984375 0.009375000000000001 0.8015625 0.009375000000000001 0.8015625 0.053125000000000006 0.8 0.0546875 0.8 0.06875 0.7984375 0.0703125 0.7984375 0.07500000000000001 0.796875 0.0765625
5 0.79840625 0.66875 0.69371875 0.66875 0.69371875 0.7749999999999999 0.79840625 0.7749999999999999 0.79840625 0.66875
6 0.78746875 0.5249999999999999 0.7109062500000001 0.5249999999999999 0.7109062500000001 0.6375 0.78746875 0.6375 0.78746875 0.5249999999999999