5 0.9 0.43437499999999996 0.9 0.22968750000000002 0.8078125 0.22968750000000002 0.8078125 0.4390625 0.8984375 0.4390625 0.8984375 0.4359375 0.9 0.43437499999999996
5 0.99375 0.8828125 0.99375 0.7828124999999999 0.703125 0.7828124999999999 0.703125 0.8828125 0.99375 0.8828125
5 0.49375 0.8812500000000001 0.49375 0.7828124999999999 0.109375 0.7828124999999999 0.109375 0.8812500000000001 0.49375 0.8812500000000001
2 0.490625 0.5234375 0.490625 0.421875 0.403125 0.421875 0.403125 0.5234375 0.490625 0.5234375
1 0.784375 0.43437499999999996 0.784375 0.34843749999999996 0.709375 0.34843749999999996 0.709375 0.43437499999999996 0.784375 0.43437499999999996
5 0.6359375 0.32499999999999996 0.6375 0.32343750000000004 0.659375 0.32343750000000004 0.6609375 0.32499999999999996 0.665625 0.32499999999999996 0.6671875 0.3265625 0.66875 0.3265625 0.6703125 0.328125 0.7953125 0.328125 0.796875 0.3265625 0.796875 0.31875 0.7984375 0.31718749999999996 0.7984375 0.22968750000000002 0.2984375 0.22968750000000002 0.2984375 0.328125 0.5140625 0.328125 0.515625 0.3265625 0.55 0.3265625 0.5515625 0.328125 0.628125 0.328125 0.6296875 0.3265625 0.63125 0.3265625 0.6328125 0.32499999999999996 0.6359375 0.32499999999999996
5 0.49441875 0.7815208333333333 0.49441875 0.6815208333333334 0.11473124999999999 0.6815208333333334 0.11473124999999999 0.7815208333333333 0.49441875 0.7815208333333333
6 0.6953125 0.30937499999999996 0.603125 0.30937499999999996 0.603125 0.415625 0.6921875 0.415625 0.69375 0.4140625 0.69375 0.390625 0.6953125 0.3890625 0.6953125 0.36406249999999996 0.69375 0.36250000000000004 0.69375 0.3453125 0.6953125 0.34375 0.6953125 0.30937499999999996
5 0.99375 0.7749999999999999 0.99375 0.675 0.7078125 0.675 0.7078125 0.7749999999999999 0.99375 0.7749999999999999
5 0 0 0 0.9930555555555556 0.1049125 0.9930555555555556 0.1049125 0.22073611111111113 0.9107125 0.22569444444444445 0.9151812500000001 0.672125 0.99375 0.6746041666666667 0.99375 0 0 0
5 0.1183125 0.6696180555555555 0.2924375 0.6696180555555555 0.2924375 0.2256597222222222 0.1183125 0.2256597222222222 0.1183125 0.6696180555555555