2 0.5078125 0.515625 0.509375 0.5171874999999999 0.5890625 0.5171874999999999 0.5890625 0.43125 0.5078125 0.43125 0.5078125 0.515625
5 0.05 0.11875000000000001 0.05 0.21718749999999998 0.05625 0.21718749999999998 0.0578125 0.21875 0.25 0.21875 0.25 0.11875000000000001 0.05 0.11875000000000001
5 0.5515625 0.21718749999999998 0.553125 0.21875 0.846875 0.21875 0.846875 0.12031249999999999 0.5515625 0.12031249999999999 0.5515625 0.21718749999999998
8 0.8515625 0.215625 0.853125 0.21718749999999998 0.946875 0.21718749999999998 0.946875 0.1171875 0.8515625 0.1171875 0.8515625 0.215625
5 0.35 0.215625 0.3515625 0.21718749999999998 0.4484375 0.21718749999999998 0.4484375 0.11875000000000001 0.35 0.11875000000000001 0.35 0.215625
5 0.9984375 0.7718750000000001 0.9984375 0.6203125 0.9546875 0.6203125 0.9546875 0.7718750000000001 0.9984375 0.7718750000000001
5 0.9984375 0.21718749999999998 0.9984375 0.1171875 0.9515625 0.1171875 0.9515625 0.21718749999999998 0.9984375 0.21718749999999998
5 0.04375 0.5609375000000001 0.04375 0.11562499999999999 0.00625 0.11562499999999999 0.00625 0.5609375000000001 0.04375 0.5609375000000001
5 0.0421875 0.9930555555555556 0.0421875 0.609375 0.00625 0.609375 0.00625 0.9930555555555556 0.0421875 0.9930555555555556
5 0.996875 0.1171875 0.996875 0.004687500000000001 0.0078125 0.004687500000000001 0.0078125 0.1171875 0.996875 0.1171875
6 0.54534375 0.8625694444444444 0.45315625 0.8625694444444444 0.45315625 0.9752083333333333 0.54534375 0.9752083333333333 0.54534375 0.8625694444444444
8 0.54771875 0.11888888888888889 0.45315625 0.11888888888888889 0.45315625 0.21722222222222223 0.54771875 0.21722222222222223 0.54771875 0.11888888888888889
8 0.346875 0.1171875 0.253125 0.1171875 0.253125 0.21878472222222223 0.346875 0.21878472222222223 0.346875 0.1171875
5 1 0.6157291666666667 0.95 0.6157291666666667 0.95 0.7759375 1 0.7759375 1 0.6157291666666667
5 0.00625 0.6138888888888889 0.04916875 0.6129652777777778 0.05 0.6648125 0.34750000000000003 0.6629652777777778 0.34833125 0.5564791666666666 0.00625 0.5657430555555556 0.00625 0.6138888888888889
5 0.95 0.6666666666666666 0.95 0.6157430555555555 1 0.6166666666666667 0.9991687499999999 0.5555555555555556 0.55416875 0.5583333333333333 0.55416875 0.6657430555555556 0.95 0.6666666666666666