5 0.2046875 0.44999999999999996 0.2046875 0.55 0.20625 0.55 0.2078125 0.5515625 0.2109375 0.5515625 0.2125 0.55 0.2296875 0.55 0.23125 0.5515625 0.396875 0.5515625 0.396875 0.44999999999999996 0.2046875 0.44999999999999996
5 0.7171875 0.55 0.75625 0.55 0.7578125 0.5515625 0.790625 0.5515625 0.7921875 0.55 0.79375 0.55 0.7953125 0.5484374999999999 0.7953125 0.45156250000000003 0.603125 0.45156250000000003 0.603125 0.5515625 0.6890625 0.5515625 0.690625 0.55 0.6984375 0.55 0.7 0.5484374999999999 0.703125 0.5484374999999999 0.7046875 0.55 0.7140625 0.55 0.715625 0.5515625 0.7171875 0.55
2 0.4078125 0.4234375 0.4078125 0.5234375 0.4921875 0.5234375 0.4953125 0.5203125 0.4953125 0.4234375 0.4078125 0.4234375
6 0.3921875 0.190625 0.3921875 0.0859375 0.3109375 0.0859375 0.3109375 0.190625 0.3921875 0.190625
8 0.6125 0.6625000000000001 0.6140625 0.6609375 0.6140625 0.5625 0.384375 0.5625 0.384375 0.6625000000000001 0.4640625 0.6625000000000001 0.465625 0.6609375 0.4921875 0.6609375 0.49375 0.6625000000000001 0.50625 0.6625000000000001 0.5078125 0.6609375 0.5796875 0.6609375 0.58125 0.6625000000000001 0.6125 0.6625000000000001
5 0.296875 0.4390625 0.296875 0.0078125 0.2046875 0.0078125 0.2046875 0.4390625 0.296875 0.4390625
5 0.0984375 0.44999999999999996 0.0984375 0.6640625 0.1921875 0.6640625 0.1953125 0.6609375 0.1953125 0.44999999999999996 0.0984375 0.44999999999999996
5 0.8 0.390625 0.8 0.004687500000000001 0.7046875 0.004687500000000001 0.7046875 0.4390625 0.7984375 0.4390625 0.7984375 0.3921875 0.8 0.390625
5 0.9 0.6656249999999999 0.9 0.44843750000000004 0.8046875 0.44843750000000004 0.8046875 0.6656249999999999 0.9 0.6656249999999999
8 0.503125 0.22499999999999998 0.503125 0.33125000000000004 0.5953125 0.33125000000000004 0.5984375 0.328125 0.5984375 0.22499999999999998 0.503125 0.22499999999999998
5 0 0 0 0.9930555555555556 0.99375 0.9930555555555556 0.99375 0 0.9 0 0.9 0.4390625 0.9015625 0.44062500000000004 0.9015625 0.5375000000000001 0.9 0.5390625 0.9 0.659375 0.8984375 0.6609375 0.8984375 0.6640625 0.896875 0.6656249999999999 0.8953125 0.6656249999999999 0.89375 0.6671875 0.890625 0.6671875 0.8890625 0.66875 0.7984375 0.66875 0.796875 0.6671875 0.7703125 0.6671875 0.76875 0.66875 0.7578125 0.66875 0.75625 0.6671875 0.628125 0.6671875 0.6265625 0.6656249999999999 0.603125 0.6656249999999999 0.6015625 0.6671875 0.6 0.6671875 0.5984375 0.6656249999999999 0.5921875 0.6656249999999999 0.590625 0.6671875 0.5890625 0.6656249999999999 0.56875 0.6656249999999999 0.5671875 0.6671875 0.5609375 0.6671875 0.559375 0.6656249999999999 0.5578125 0.6656249999999999 0.55625 0.6671875 0.55 0.6671875 0.5484375 0.6656249999999999 0.5421875 0.6656249999999999 0.540625 0.6671875 0.5390625 0.6656249999999999 0.51875 0.6656249999999999 0.5171875 0.6671875 0.4515625 0.6671875 0.45 0.6656249999999999 0.44375 0.6656249999999999 0.4421875 0.6671875 0.2671875 0.6671875 0.265625 0.66875 0.2625 0.66875 0.2609375 0.6671875 0.2453125 0.6671875 0.24375 0.66875 0.16875 0.66875 0.1671875 0.6703125000000001 0.1078125 0.6703125000000001 0.10625 0.66875 0.1015625 0.66875 0.0984375 0.6656249999999999 0.0984375 0.6046875 0.096875 0.6031249999999999 0.096875 0.59375 0.0984375 0.5921875000000001 0.0984375 0.5625 0.096875 0.5609375000000001 0.096875 0.47031249999999997 0.0984375 0.46875 0.0984375 0.00625 0.096875 0.004687500000000001 0.096875 0 0 0
5 0.2986875 0.10468749999999999 0.3953125 0.10468749999999999 0.3953125 0.006284722222222223 0.2986875 0.006284722222222223 0.2986875 0.10468749999999999
5 0.60040625 0.10913194444444445 0.70534375 0.10913194444444445 0.70534375 0.00003472222222222222 0.60040625 0.00003472222222222222 0.60040625 0.10913194444444445