5 0.4921875 0.6734027777777778 0.1078125 0.6734027777777778 0.1078125 0.8843749999999999 0.4921875 0.8843749999999999 0.4921875 0.6734027777777778
5 0.99378125 0.33284722222222224 0.70159375 0.33284722222222224 0.70159375 0.4828472222222222 0.99378125 0.4828472222222222 0.99378125 0.33284722222222224
6 0.29534375 0.8594097222222222 0.20315625 0.8594097222222222 0.20315625 0.9687847222222222 0.29534375 0.9687847222222222 0.29534375 0.8594097222222222
5 0.99378125 0.675 0.70784375 0.675 0.70784375 0.8875 0.99378125 0.8875 0.99378125 0.675
7 0.7890937499999999 0.3219097222222222 0.70940625 0.3219097222222222 0.70940625 0.4000347222222222 0.7890937499999999 0.4000347222222222 0.7890937499999999 0.3219097222222222
7 0.8890625 0.3219097222222222 0.8109375 0.3219097222222222 0.8109375 0.4000347222222222 0.8890625 0.4000347222222222 0.8890625 0.3219097222222222
7 0.98753125 0.3218402777777778 0.91096875 0.3218402777777778 0.91096875 0.3984375 0.98753125 0.3984375 0.98753125 0.3218402777777778
5 0.99378125 0.009409722222222222 0.70784375 0.009409722222222222 0.70784375 0.21878472222222223 0.99378125 0.21878472222222223 0.99378125 0.009409722222222222
1 0.68909375 0.0015625 0.50628125 0.0015625 0.50628125 0.10468749999999999 0.68909375 0.10468749999999999 0.68909375 0.0015625
5 0.49221875 0.009375000000000001 0.10290625 0.009375000000000001 0.10290625 0.109375 0.49221875 0.109375 0.49221875 0.009375000000000001
1 0.29690625000000004 0.11715277777777779 0.10471875 0.11715277777777779 0.10471875 0.259375 0.29690625000000004 0.259375 0.29690625000000004 0.11715277777777779
1 0.49378124999999995 0.11246527777777778 0.30784375 0.11246527777777778 0.30784375 0.2593402777777778 0.49378124999999995 0.2593402777777778 0.49378124999999995 0.11246527777777778
6 0.6984375 0.20309027777777777 0.5984375 0.20309027777777777 0.5984375 0.3046875 0.6984375 0.3046875 0.6984375 0.20309027777777777
6 0.59690625 0.30937499999999996 0.50159375 0.30937499999999996 0.50159375 0.415625 0.59690625 0.415625 0.59690625 0.30937499999999996
2 0.4921875 0.4202777777777778 0.4078125 0.4202777777777778 0.4078125 0.5265277777777777 0.4921875 0.5265277777777777 0.4921875 0.4202777777777778
5 0.00221875 0 0.00221875 0.9994791666666667 0.10265625 0.9994791666666667 0.10265625 0 0.00221875 0