5 0.00003125 0.11409722222222222 0.14734375 0.11409722222222222 0.14734375 0.007430555555555556 0.00003125 0.007430555555555556 0.00003125 0.11409722222222222
5 0.25446875 0.32739583333333333 0.65178125 0.32739583333333333 0.65178125 0.2281597222222222 0.25446875 0.2281597222222222 0.25446875 0.32739583333333333
5 0.94865625 0.11159722222222222 0.9999687500000001 0.11159722222222222 0.9999687500000001 0.004930555555555555 0.94865625 0.004930555555555555 0.94865625 0.11159722222222222
5 1 0.33482638888888894 0.859375 0.33482638888888894 0.859375 0.5555902777777777 1 0.5555902777777777 1 0.33482638888888894
5 0.66075 0.6621875 0.8460000000000001 0.6621875 0.8460000000000001 0.5629513888888888 0.66075 0.5629513888888888 0.66075 0.6621875
5 0.45090624999999995 0.7787847222222222 0.64959375 0.7787847222222222 0.64959375 0.6646875 0.45090624999999995 0.6646875 0.45090624999999995 0.7787847222222222
5 0 0.8878958333333333 0.05356875 0.8829375 0.05356875 0.9930555555555556 0.4486625 0.9930555555555556 0.4486625 0.8928541666666666 0.14955625 0.9002986111111111 0.140625 0.7738125 0.0424125 0.7738125 0.0424125 0.5530763888888889 0.24776875 0.5505972222222222 0.24106875 0.3397847222222222 0 0.3372986111111111 0 0.8878958333333333
6 0.055781250000000004 0.6373958333333333 0.14059375000000002 0.6373958333333333 0.14059375000000002 0.5257986111111111 0.055781250000000004 0.5257986111111111 0.055781250000000004 0.6373958333333333
6 0.65846875 0.42163194444444446 0.74553125 0.42163194444444446 0.74553125 0.3075347222222222 0.65846875 0.3075347222222222 0.65846875 0.42163194444444446
9 0.4486875 0.5555902777777777 0.6495625 0.5555902777777777 0.6495625 0.33482638888888894 0.4486875 0.33482638888888894 0.4486875 0.5555902777777777
2 0.40403124999999995 0.5282291666666666 0.48884375 0.5282291666666666 0.48884375 0.4191319444444444 0.40403124999999995 0.4191319444444444 0.40403124999999995 0.5282291666666666
5 0.65625 0.9930555555555556 0.99375 0.9871041666666667 0.99375 0.7762916666666667 0.9598187499999999 0.78125 0.9575875 0.8953402777777778 0.65625 0.8928541666666666 0.65625 0.9930555555555556