5 0.7046875 0.4078125 0.7078125 0.41093749999999996 0.99375 0.41093749999999996 0.99375 0.1984375 0.7046875 0.1984375 0.7046875 0.4078125
5 0.9953125 0.7406250000000001 0.9953125 0.528125 0.7046875 0.528125 0.7046875 0.7406250000000001 0.9953125 0.7406250000000001
2 0.5921875 0.5218750000000001 0.5921875 0.42500000000000004 0.5046875 0.42500000000000004 0.5046875 0.5218750000000001 0.5921875 0.5218750000000001
6 0.6921875 0.5109375 0.6921875 0.4046875 0.609375 0.4046875 0.609375 0.5109375 0.6921875 0.5109375
5 0.496875 0.40937500000000004 0.496875 0.1953125 0.1078125 0.1953125 0.1078125 0.40937500000000004 0.496875 0.40937500000000004
5 0.3984375 0.0765625 0.3984375 0.0015625 0.1015625 0.0015625 0.1015625 0.0765625 0.3984375 0.0765625
5 0.9984375 0.078125 0.9984375 0.0015625 0.9 0.0015625 0.9 0.078125 0.9984375 0.078125
5 0.496875 0.7406250000000001 0.496875 0.528125 0.109375 0.528125 0.109375 0.7406250000000001 0.496875 0.7406250000000001
6 0.1109375 0.5078125 0.1125 0.5093749999999999 0.184375 0.5093749999999999 0.184375 0.40625 0.1109375 0.40625 0.1109375 0.5078125
8 0.896875 0.08124999999999999 0.896875 0.0015625 0.803125 0.0015625 0.803125 0.08124999999999999 0.896875 0.08124999999999999
5 0.8 0.078125 0.8 0.0015625 0.5015625 0.0015625 0.5015625 0.078125 0.8 0.078125
8 0.4984375 0.08124999999999999 0.4984375 0.0015625 0.4046875 0.0015625 0.4046875 0.08124999999999999 0.4984375 0.08124999999999999
5 0.00625 0 0.00625 0.9930555555555556 1 0.9930555555555556 1 0.7465277777777778 0.1049125 0.7490069444444445 0.09598124999999999 0 0.00625 0