5 0.99375 0.221875 0.80625 0.221875 0.80625 0.37187499999999996 0.99375 0.37187499999999996 0.99375 0.221875
5 0.0015625 0 0.0015625 0.9922222222222222 0.2015625 0.9922222222222222 0.2015625 0 0.0015625 0
6 0.39534375 0.7484375000000001 0.30315625 0.7484375000000001 0.30315625 0.8593402777777778 0.39534375 0.8593402777777778 0.39534375 0.7484375000000001
5 0.59375 0.5640624999999999 0.20625 0.5640624999999999 0.20625 0.7734375 0.59375 0.7734375 0.59375 0.5640624999999999
5 0.99378125 0.5640972222222222 0.80784375 0.5640972222222222 0.80784375 0.7765972222222222 0.99378125 0.7765972222222222 0.99378125 0.5640972222222222
7 0.88909375 0.2109375 0.80940625 0.2109375 0.80940625 0.2890625 0.88909375 0.2890625 0.88909375 0.2109375
7 0.9890625 0.2109375 0.9109375 0.2109375 0.9109375 0.2890625 0.9890625 0.2890625 0.9890625 0.2109375
6 0.7969062499999999 0.09222222222222222 0.69846875 0.09222222222222222 0.69846875 0.1922222222222222 0.7969062499999999 0.1922222222222222 0.7969062499999999 0.09222222222222222
6 0.6921875 0.19847222222222222 0.6078125 0.19847222222222222 0.6078125 0.3047222222222222 0.6921875 0.3047222222222222 0.6921875 0.19847222222222222
2 0.49065624999999996 0.4203125 0.40471874999999996 0.4203125 0.40471874999999996 0.5249652777777778 0.49065624999999996 0.5249652777777778 0.49065624999999996 0.4203125
1 0.5953125 0.0015625 0.4078125 0.0015625 0.4078125 0.1484375 0.5953125 0.1484375 0.5953125 0.0015625
1 0.396875 0.006284722222222223 0.20625 0.006284722222222223 0.20625 0.14690972222222223 0.396875 0.14690972222222223 0.396875 0.006284722222222223
5 0.99378125 0.0015972222222222223 0.80784375 0.0015972222222222223 0.80784375 0.10784722222222222 0.99378125 0.10784722222222222 0.99378125 0.0015972222222222223