2 0.584375 0.5249999999999999 0.5859375 0.5249999999999999 0.5875 0.5265625 0.5953125 0.5265625 0.5953125 0.415625 0.5046875 0.415625 0.5046875 0.5234375 0.50625 0.5249999999999999 0.5078125 0.5249999999999999 0.509375 0.5265625 0.5828125 0.5265625 0.584375 0.5249999999999999
6 0.6875 0.190625 0.6875 0.0859375 0.6109375 0.0859375 0.6109375 0.190625 0.6875 0.190625
6 0.990625 0.6359375 0.990625 0.5296875000000001 0.9109375 0.5296875000000001 0.9109375 0.6359375 0.990625 0.6359375
6 0.3109375 0.4125 0.3125 0.4140625 0.390625 0.4140625 0.390625 0.3125 0.3109375 0.3125 0.3109375 0.4125
8 0.6203125 0.8859375 0.6203125 0.7765625 0.3765625 0.7765625 0.3765625 0.8859375 0.6203125 0.8859375
5 0.8917187500000001 0.44100694444444444 0.80978125 0.44100694444444444 0.80978125 0.6609375 0.8917187500000001 0.6609375 0.8917187500000001 0.44100694444444444
5 0.7930625 0.4419444444444445 0.7075625 0.4419444444444445 0.7075625 0.6625000000000001 0.7930625 0.6625000000000001 0.7930625 0.4419444444444445
5 0.2930625 0.44350694444444444 0.2075625 0.44350694444444444 0.2075625 0.6609375 0.2930625 0.6609375 0.2930625 0.44350694444444444
5 0.194625 0.4416319444444444 0.10600000000000001 0.4416319444444444 0.10600000000000001 0.6593402777777777 0.194625 0.6593402777777777 0.194625 0.4416319444444444
5 0.19640625 0.004965277777777778 0.11159375 0.004965277777777778 0.11159375 0.4439236111111111 0.19640625 0.4439236111111111 0.19640625 0.004965277777777778
5 0.207625 0 0.207625 0.44642361111111106 0.299125 0.44642361111111106 0.299125 0 0.207625 0
5 0.703125 0 0.703125 0.4439236111111111 0.794625 0.4439236111111111 0.794625 0 0.703125 0
5 0.8035625 0 0.8035625 0.4488888888888889 0.8995625 0.4488888888888889 0.8995625 0 0.8035625 0
5 0.00625 0 0.00625 0.9930555555555556 1 0.9930555555555556 0.99776875 0.890375 0.10268124999999999 0.8878958333333333 0.1049125 0 0.00625 0