5 0.3984375 0.4375 0.3984375 0.33281249999999996 0.4 0.33125000000000004 0.4 0.32343750000000004 0.3984375 0.321875 0.3984375 0.234375 0.4 0.23281249999999998 0.4 0.22968750000000002 0.20625 0.22968750000000002 0.20625 0.4375 0.3984375 0.4375
5 0.99375 0.4375 0.99375 0.22968750000000002 0.9015625 0.22968750000000002 0.9015625 0.4375 0.99375 0.4375
5 0.503125 0.3296875 0.5046875 0.328125 0.5046875 0.3125 0.50625 0.3109375 0.50625 0.30625 0.5046875 0.3046875 0.5046875 0.234375 0.50625 0.23281249999999998 0.50625 0.2265625 0.4 0.2265625 0.4 0.3296875 0.503125 0.3296875
5 0.7 0.3296875 0.7015625 0.33125000000000004 0.78125 0.33125000000000004 0.7828125 0.3296875 0.896875 0.3296875 0.8984375 0.328125 0.8984375 0.221875 0.6 0.221875 0.6 0.3296875 0.7 0.3296875
6 0.7828125 0.64375 0.784375 0.6421874999999999 0.7890625 0.6421874999999999 0.790625 0.640625 0.790625 0.5296875000000001 0.7125 0.5296875000000001 0.7125 0.64375 0.7828125 0.64375
1 0.590625 0.30781250000000004 0.590625 0.23124999999999998 0.509375 0.23124999999999998 0.509375 0.30781250000000004 0.590625 0.30781250000000004
5 0.2984375 0.9930555555555556 0.2984375 0.8890625000000001 0.1984375 0.8890625000000001 0.1984375 0.9930555555555556 0.2984375 0.9930555555555556
2 0.4046875 0.4296875 0.4046875 0.44062500000000004 0.403125 0.44218749999999996 0.403125 0.5265625 0.496875 0.5265625 0.496875 0.415625 0.40625 0.415625 0.40625 0.428125 0.4046875 0.4296875
5 0.99375 0.9930555555555556 0.99375 0.8875 0.9 0.8875 0.9 0.9930555555555556 0.99375 0.9930555555555556
5 0 0 0.0125 0.9930555555555556 0.196875 0.9930555555555556 0.1984375 0.9921875 0.1984375 0.8921874999999999 0.2 0.890625 0.2 0.7375 0.2015625 0.7359374999999999 0.2015625 0.6171875 0.2 0.6156250000000001 0.2 0.44375 0.2015625 0.44218749999999996 0.2015625 0.4375 0.203125 0.4359375 0.203125 0.2890625 0.2046875 0.2875 0.2046875 0.271875 0.203125 0.27031249999999996 0.203125 0.26093750000000004 0.2046875 0.259375 0.2046875 0.25468749999999996 0.203125 0.25312500000000004 0.203125 0.24687499999999998 0.2046875 0.24531250000000002 0.2046875 0.22968750000000002 0.20625 0.22812500000000002 0.20625 0.2265625 0.2078125 0.22499999999999998 0.246875 0.22499999999999998 0.2484375 0.22343749999999998 0.39375 0.22343749999999998 0.3953125 0.221875 0.4546875 0.221875 0.45625 0.22343749999999998 0.496875 0.22343749999999998 0.4984375 0.221875 0.50625 0.221875 0.5078125 0.22343749999999998 0.584375 0.22343749999999998 0.5859375 0.221875 0.5984375 0.221875 0.6 0.22343749999999998 0.71875 0.22343749999999998 0.7203125 0.221875 0.740625 0.221875 0.7421875 0.22343749999999998 0.99375 0.22073611111111113 0.99375 0 0 0
5 0.503125 0.7662847222222222 0.696875 0.7662847222222222 0.696875 0.5569097222222221 0.503125 0.5569097222222221 0.503125 0.7662847222222222