1 0.88753125 0.3342361111111111 0.7383437500000001 0.3342361111111111 0.7383437500000001 0.4425694444444444 0.88753125 0.4425694444444444 0.88753125 0.3342361111111111
1 0.69253125 0.3351736111111111 0.53834375 0.3351736111111111 0.53834375 0.43885416666666666 0.69253125 0.43885416666666666 0.69253125 0.3351736111111111
6 0.3359375 0.6671875 0.3359375 0.746875 0.4171875 0.746875 0.4171875 0.6421874999999999 0.3375 0.6421874999999999 0.3375 0.6453125 0.3390625 0.6468750000000001 0.3390625 0.653125 0.3375 0.6546875000000001 0.3375 0.6656249999999999 0.3359375 0.6671875
6 0.73125 0.5203125 0.734375 0.5234375 0.8203125 0.5234375 0.8203125 0.42500000000000004 0.73125 0.42500000000000004 0.73125 0.5203125
6 0.2421875 0.30781250000000004 0.2421875 0.41093749999999996 0.24375 0.41093749999999996 0.2453125 0.4125 0.315625 0.4125 0.315625 0.30781250000000004 0.2421875 0.30781250000000004
5 0.3390625 0.1640625 0.3390625 0.5484374999999999 0.34375 0.5484374999999999 0.3453125 0.55 0.4328125 0.55 0.4328125 0.1640625 0.3390625 0.1640625
2 0.5890625 0.5203125 0.5890625 0.4234375 0.5078125 0.4234375 0.5078125 0.5203125 0.5890625 0.5203125
5 0.3328125 0.5484374999999999 0.3328125 0.45156250000000003 0.14375 0.45156250000000003 0.14375 0.5484374999999999 0.3328125 0.5484374999999999
8 0.7609375 0.9930555555555556 0.7609375 0.8859375 0.51875 0.8859375 0.51875 0.9930555555555556 0.7609375 0.9930555555555556
5 0.3390625 0.215625 0.3390625 0.2140625 0.340625 0.21250000000000002 0.340625 0.20625 0.3390625 0.20468750000000002 0.3390625 0.184375 0.340625 0.1828125 0.340625 0.1640625 0.3421875 0.16249999999999998 0.34375 0.16249999999999998 0.3453125 0.1609375 0.434375 0.1609375 0.4390625 0.16562500000000002 0.4390625 0.18593749999999998 0.4375 0.1875 0.4375 0.215625 0.4390625 0.21718749999999998 0.5359375 0.21718749999999998 0.5375 0.21875 0.571875 0.21875 0.5734375 0.21718749999999998 0.58125 0.21718749999999998 0.5828125 0.21875 0.6015625 0.21875 0.603125 0.22031250000000002 0.9375 0.21944444444444444 0.9366687499999999 0.10925694444444445 0.1375 0.1109375 0.1375 0.22031250000000002 0.1390625 0.21875 0.15625 0.21875 0.1578125 0.21718749999999998 0.3375 0.21718749999999998 0.3390625 0.215625
5 1 0.0009236111111111112 0.00625 0.004576388888888889 0.00625 0.9930555555555556 0.1375 0.9930555555555556 0.1375 0.5696736111111111 0.1390625 0.5681111111111111 0.1390625 0.5634236111111111 0.140625 0.5618611111111111 0.140625 0.5446736111111111 0.1421875 0.5431111111111111 0.1421875 0.49467361111111113 0.140625 0.49311111111111106 0.140625 0.45561111111111113 0.1390625 0.45404861111111106 0.1390625 0.4509236111111112 0.140625 0.4493611111111111 0.140625 0.44623611111111106 0.1390625 0.44467361111111114 0.1390625 0.42904861111111114 0.1375 0.4274861111111111 0.1375 0.22748611111111114 0.1390625 0.22592361111111112 0.1390625 0.1884236111111111 0.1375 0.18686111111111112 0.1375 0.1212361111111111 0.1359375 0.11967361111111112 0.1359375 0.11654861111111112 0.140625 0.11186111111111112 0.1421875 0.11186111111111112 0.14375 0.11029861111111111 0.3765625 0.11029861111111111 0.378125 0.1087361111111111 0.5171875 0.1087361111111111 0.51875 0.10717361111111111 0.584375 0.10717361111111111 0.5859375 0.1087361111111111 0.621875 0.1087361111111111 0.6234375 0.11029861111111111 0.6578125 0.11029861111111111 0.659375 0.1087361111111111 0.7125 0.1087361111111111 0.7140625 0.10717361111111111 0.7890625 0.10717361111111111 0.790625 0.10561111111111111 0.79375 0.10561111111111111 0.7953125 0.10717361111111111 0.796875 0.10717361111111111 0.7984375 0.10561111111111111 0.8171875 0.10561111111111111 0.81875 0.10717361111111111 0.8328125 0.10717361111111111 0.834375 0.1087361111111111 0.8453125 0.1087361111111111 0.846875 0.11029861111111111 0.9359375 0.11029861111111111 0.9375 0.11186111111111112 0.9375 0.1134236111111111 0.9390625 0.11498611111111111 0.9390625 0.44467361111111114 0.9375 0.44623611111111106 0.9390625 0.44779861111111113 0.9390625 0.45561111111111113 0.9375 0.4571736111111111 0.9375 0.5087361111111111 0.9390625 0.5102986111111112 0.9390625 0.7040486111111111 0.9375 0.7056111111111112 0.9375 0.9477986111111112 0.9390625 0.9493611111111111 0.9390625 0.9930555555555556 1 0.9930555555555556 1 0.0009236111111111112
5 0.33584375 0.7823958333333334 0.24753124999999998 0.7823958333333334 0.24753124999999998 0.8860763888888888 0.33584375 0.8860763888888888 0.33584375 0.7823958333333334
5 0.23665625 1 0.23665625 0.8916666666666667 0.13746875 0.8916666666666667 0.13746875 1 0.23665625 1
1 0.69334375 0.22315972222222222 0.54003125 0.22315972222222222 0.54003125 0.3333680555555556 0.69334375 0.3333680555555556 0.69334375 0.22315972222222222
1 0.9375312499999999 0.22774305555555557 0.78584375 0.22774305555555557 0.78584375 0.3351736111111111 0.9375312499999999 0.3351736111111111 0.9375312499999999 0.22774305555555557
1 0.8875 0.6672222222222222 0.7375 0.6672222222222222 0.7375 0.7765277777777777 0.8875 0.7765277777777777 0.8875 0.6672222222222222
1 0.8883125 0.5592708333333333 0.7383124999999999 0.5592708333333333 0.7383124999999999 0.6667013888888889 0.8883125 0.6667013888888889 0.8883125 0.5592708333333333