8 0.38615625 0.8928472222222221 0.61384375 0.8928472222222221 0.61384375 0.7738194444444445 0.38615625 0.7738194444444445 0.38615625 0.8928472222222221
8 0.38615625 0.3471875 0.61609375 0.3471875 0.61609375 0.21822916666666667 0.38615625 0.21822916666666667 0.38615625 0.3471875
2 0.409375 0.5234375 0.4921875 0.5234375 0.4953125 0.5203125 0.4953125 0.51875 0.49375 0.5171874999999999 0.49375 0.503125 0.4953125 0.5015624999999999 0.4953125 0.42500000000000004 0.409375 0.42500000000000004 0.409375 0.5234375
6 0.290625 0.6343749999999999 0.290625 0.5296875000000001 0.215625 0.5296875000000001 0.215625 0.6359375 0.2875 0.6359375 0.2890625 0.6343749999999999 0.290625 0.6343749999999999
5 0.796875 0.4390625 0.796875 0.22968750000000002 0.7046875 0.22968750000000002 0.7046875 0.4390625 0.796875 0.4390625
5 0.2046875 0.22812500000000002 0.2046875 0.43437499999999996 0.20625 0.4359375 0.2984375 0.4359375 0.2984375 0.22812500000000002 0.2046875 0.22812500000000002
5 0.8058062500000001 0.22569444444444445 0.81026875 0.7787708333333333 0.703125 0.784375 0.703125 0.8843749999999999 0.8973187499999999 0.8804583333333333 0.8973187499999999 0.22569444444444445 0.8058062500000001 0.22569444444444445
5 0.296875 0.8843749999999999 0.296875 0.784375 0.2046875 0.784375 0.2046875 0.8843749999999999 0.296875 0.8843749999999999
5 0.3013375 0.7837291666666667 0.19866250000000002 0.7862083333333333 0.196875 0.4375 0.196875 0.22968750000000002 0.1046875 0.22968750000000002 0.1049125 0.8854166666666666 0.30356875 0.8878958333333333 0.3013375 0.7837291666666667
5 0.60315625 0.7749999999999999 0.69846875 0.7749999999999999 0.69846875 0.3375 0.60315625 0.3375 0.60315625 0.7749999999999999
5 0.30315625 0.7749652777777778 0.39846875000000004 0.7749652777777778 0.39846875000000004 0.33906250000000004 0.30315625 0.33906250000000004 0.30315625 0.7749652777777778
5 1 0.004965277777777778 0 0.004965277777777778 0 0.21878472222222223 1 0.21878472222222223 1 0.004965277777777778
5 0 0.9930555555555556 0.99375 0.9930555555555556 0.99375 0.21577083333333336 0.8973187499999999 0.21825694444444443 0.90401875 0.890375 0.10268124999999999 0.890375 0.10044375000000001 0.22073611111111113 0 0.22321527777777778 0 0.9930555555555556