5 0.72965625 0.17343750000000002 0.13434375 0.17343750000000002 0.13434375 0.33281249999999996 0.72965625 0.33281249999999996 0.72965625 0.17343750000000002
5 0.73125 0.7703125 0.73125 0.5625 0.5390625 0.5625 0.5390625 0.7703125 0.73125 0.7703125
5 0.5359375 0.7743541666666667 0.5359375 0.5618541666666667 0.3421875 0.5618541666666667 0.3421875 0.7743541666666667 0.5359375 0.7743541666666667
2 0.5921875 0.5171874999999999 0.5921875 0.43125 0.5109375 0.43125 0.5109375 0.5171874999999999 0.5921875 0.5171874999999999
7 0.825 0.6187499999999999 0.825 0.55 0.75 0.55 0.75 0.6187499999999999 0.825 0.6187499999999999
6 0.5828125 0.4046875 0.584375 0.40625 0.5890625 0.40625 0.590625 0.4046875 0.5921875 0.40625 0.634375 0.40625 0.634375 0.3109375 0.5421875 0.3109375 0.5421875 0.4046875 0.5671875 0.4046875 0.56875 0.40625 0.575 0.40625 0.5765625 0.4046875 0.5828125 0.4046875
5 0.1296875 0.9930555555555556 0.1296875 0.66875 0.04375 0.66875 0.04375 0.9930555555555556 0.1296875 0.9930555555555556
5 0.0390625 0.44062500000000004 0.040625 0.44218749999999996 0.1296875 0.44218749999999996 0.1296875 0.16562500000000002 0.0390625 0.16562500000000002 0.0390625 0.44062500000000004
5 0.84375 0.9930555555555556 0.84375 0.8921874999999999 0.1375 0.8921874999999999 0.1375 0.9930555555555556 0.84375 0.9930555555555556
5 0.9285937499999999 1 0.9285937499999999 0.16121527777777778 0.83928125 0.16121527777777778 0.83928125 1 0.9285937499999999 1
5 0.83434375 0.34375 0.7421562500000001 0.34375 0.7421562500000001 0.5484722222222222 0.83434375 0.5484722222222222 0.83434375 0.34375
5 0.83434375 0.1749652777777778 0.7421562500000001 0.1749652777777778 0.7421562500000001 0.33281249999999996 0.83434375 0.33281249999999996 0.83434375 0.1749652777777778
5 0.9285625 0.1190625 0.1294375 0.1190625 0.1294375 0.16371527777777778 0.9285625 0.16371527777777778 0.9285625 0.1190625
5 0.00625 0.21577083333333336 0.0424125 0.21577083333333336 0.046875 0.1661736111111111 0.12723125 0.16120833333333331 0.12276875000000001 0.12152777777777778 0.00625 0.11904861111111112 0.00625 0.21577083333333336
5 1 0.0024791666666666664 0.00625 0 0.00625 0.11904861111111112 0.9263375 0.12152777777777778 0.9308062500000001 0.9920625 1 0.9930555555555556 1 0.0024791666666666664