5 0.15625 0.12031249999999999 0.1578125 0.12187500000000001 0.1578125 0.1328125 0.15625 0.13437500000000002 0.15625 0.14375 0.1546875 0.1453125 0.1546875 0.19687500000000002 0.15625 0.1984375 0.15625 0.20468750000000002 0.1578125 0.20625 0.1578125 0.2140625 0.159375 0.215625 0.159375 0.221875 0.1609375 0.221875 0.1625 0.22343749999999998 0.1640625 0.22343749999999998 0.1671875 0.2265625 0.1671875 0.23124999999999998 0.165625 0.23281249999999998 0.165625 0.23593750000000002 0.1640625 0.23750000000000002 0.1640625 0.25 0.165625 0.2515625 0.165625 0.2640625 0.1640625 0.265625 0.1640625 0.2734375 0.1625 0.275 0.1625 0.3265625 0.1609375 0.328125 0.1609375 0.33281249999999996 0.1578125 0.3359375 0.15625 0.3359375 0.1546875 0.3375 0.153125 0.3375 0.1515625 0.33906250000000004 0.1203125 0.33906250000000004 0.11875 0.3375 0.0703125 0.3375 0.06875 0.3359375 0.0640625 0.3359375 0.0625 0.334375 0.0625 0.4453125 0.103125 0.4453125 0.1046875 0.44687499999999997 0.2578125 0.44687499999999997 0.2640625 0.44062500000000004 0.2640625 0.4375 0.265625 0.4359375 0.265625 0.38749999999999996 0.2640625 0.38593750000000004 0.2640625 0.38125 0.2625 0.37968749999999996 0.2625 0.365625 0.2609375 0.36406249999999996 0.2609375 0.3578125 0.259375 0.35624999999999996 0.259375 0.35468750000000004 0.2578125 0.353125 0.2578125 0.34687500000000004 0.25625 0.3453125 0.25625 0.33906250000000004 0.2578125 0.3375 0.259375 0.3375 0.2609375 0.3359375 0.2921875 0.3359375 0.29375 0.334375 0.3125 0.334375 0.3140625 0.3359375 0.553125 0.3359375 0.5546875 0.334375 0.55625 0.334375 0.5609375 0.3296875 0.5625 0.3296875 0.5640625 0.328125 0.5640625 0.32343750000000004 0.565625 0.321875 0.565625 0.22968750000000002 0.5625 0.2265625 0.5625 0.22499999999999998 0.559375 0.221875 0.5484375 0.221875 0.546875 0.22343749999999998 0.5390625 0.22343749999999998 0.5375 0.22499999999999998 0.51875 0.22499999999999998 0.5171875 0.2265625 0.50625 0.2265625 0.5046875 0.22812500000000002 0.49375 0.22812500000000002 0.4921875 0.22968750000000002 0.465625 0.22968750000000002 0.4640625 0.22812500000000002 0.4640625 0.2265625 0.4625 0.22499999999999998 0.4625 0.20468750000000002 0.4640625 0.203125 0.4640625 0.1953125 0.465625 0.19374999999999998 0.465625 0.18125000000000002 0.4671875 0.1796875 0.4671875 0.171875 0.465625 0.17031249999999998 0.465625 0.1640625 0.4640625 0.16249999999999998 0.4640625 0.15625 0.4625 0.15468749999999998 0.4625 0.14375 0.4609375 0.14218750000000002 0.4609375 0.1328125 0.459375 0.13124999999999998 0.459375 0.128125 0.4578125 0.12656250000000002 0.459375 0.125 0.459375 0.12187500000000001 0.453125 0.11562499999999999 0.45 0.11562499999999999 0.4484375 0.11406250000000001 0.4390625 0.11406250000000001 0.4375 0.11562499999999999 0.4171875 0.11562499999999999 0.415625 0.1171875 0.390625 0.1171875 0.3890625 0.11562499999999999 0.3828125 0.11562499999999999 0.38125 0.11406250000000001 0.3765625 0.11406250000000001 0.375 0.11249999999999999 0.1578125 0.11249999999999999 0.15625 0.11406250000000001 0.15625 0.12031249999999999
2 0.490625 0.5234375 0.4921875 0.5218750000000001 0.4921875 0.415625 0.4125 0.415625 0.4125 0.5234375 0.490625 0.5234375
5 0.99375 0.3359375 0.99375 0.221875 0.7640625 0.221875 0.7640625 0.3359375 0.99375 0.3359375
5 0.059375 0.7671874999999999 0.0609375 0.76875 0.0609375 0.84375 0.059375 0.8453124999999999 0.059375 0.8843749999999999 0.0609375 0.8859375 0.0609375 0.8968750000000001 0.0625 0.8984375 0.0625 0.9031250000000001 0.0609375 0.9046875000000001 0.0609375 0.9453125 0.059375 0.9468749999999999 0.059375 0.9930555555555556 0.1609375 0.9930555555555556 0.1609375 0.984375 0.159375 0.9828125000000001 0.159375 0.9750000000000001 0.1578125 0.9734375000000001 0.1578125 0.953125 0.15625 0.9515625000000001 0.15625 0.9421875000000001 0.1578125 0.9406249999999999 0.15625 0.9390624999999999 0.15625 0.8937499999999999 0.1578125 0.8921874999999999 0.1578125 0.890625 0.159375 0.8890625000000001 0.1640625 0.8890625000000001 0.165625 0.8875 0.19375 0.8875 0.1953125 0.8890625000000001 0.2 0.8890625000000001 0.2015625 0.890625 0.2078125 0.890625 0.209375 0.8921874999999999 0.215625 0.8921874999999999 0.2171875 0.890625 0.225 0.890625 0.2265625 0.8921874999999999 0.228125 0.890625 0.2296875 0.890625 0.2328125 0.8875 0.24375 0.8875 0.2453125 0.8859375 0.265625 0.8859375 0.2671875 0.8875 0.2859375 0.8875 0.2875 0.8890625000000001 0.3171875 0.8890625000000001 0.31875 0.8875 0.3265625 0.8875 0.328125 0.8890625000000001 0.340625 0.8890625000000001 0.3421875 0.890625 0.35625 0.890625 0.3578125 0.8890625000000001 0.359375 0.8890625000000001 0.3625 0.8859375 0.3625 0.684375 0.3609375 0.6828125 0.3609375 0.6796875 0.359375 0.6781250000000001 0.359375 0.675 0.3578125 0.6734374999999999 0.3578125 0.6703125000000001 0.359375 0.66875 0.3625 0.66875 0.3625 0.6671875 0.3578125 0.6671875 0.3546875 0.6703125000000001 0.3515625 0.6703125000000001 0.35 0.66875 0.34375 0.66875 0.3421875 0.6703125000000001 0.2875 0.6703125000000001 0.2859375 0.66875 0.2390625 0.66875 0.2375 0.6703125000000001 0.1875 0.6703125000000001 0.1859375 0.66875 0.1234375 0.66875 0.121875 0.6671875 0.0703125 0.6671875 0.059375 0.6781250000000001 0.059375 0.7671874999999999
6 0.259375 0.96875 0.259375 0.8656250000000001 0.1828125 0.8656250000000001 0.1828125 0.96875 0.259375 0.96875
6 0.865625 0.746875 0.865625 0.64375 0.7890625 0.64375 0.7890625 0.746875 0.865625 0.746875
5 0.9546875 0.9930555555555556 0.9546875 0.8953125000000001 0.7671875 0.8953125000000001 0.7671875 0.9930555555555556 0.9546875 0.9930555555555556
5 0.5671875 0.11249999999999999 0.5671875 0.004687500000000001 0.4625 0.004687500000000001 0.4625 0.11249999999999999 0.5671875 0.11249999999999999
5 0.99375 0.8875 0.99375 0.66875 0.965625 0.66875 0.965625 0.8875 0.99375 0.8875
5 0.3705625 0.6671180555555556 0.7611875 0.6671180555555556 0.7611875 0.5580208333333334 0.3705625 0.5580208333333334 0.3705625 0.6671180555555556
5 0.96428125 0 0.96428125 0.11406250000000001 0.9999687500000001 0.11406250000000001 0.9999687500000001 0 0.96428125 0
9 0.5714375 0.8804513888888889 0.7611875 0.8804513888888889 0.7611875 0.6646875 0.5714375 0.6646875 0.5714375 0.8804513888888889
5 0 0 0 0.11406250000000001 0.060250000000000005 0.11406250000000001 0.060250000000000005 0 0 0
5 0 0.4414652777777778 0.06026875 0.4414652777777778 0.06696250000000001 0.21577083333333336 0.16294375 0.22321527777777778 0.16741250000000002 0.10664583333333333 0.359375 0.10664583333333333 0.359375 0.0074375 0.06026875 0.004958333333333333 0.0625 0.109125 0 0.11904861111111112 0 0.4414652777777778