2 0.496875 0.5218750000000001 0.496875 0.4203125 0.4046875 0.4203125 0.4046875 0.5218750000000001 0.496875 0.5218750000000001
8 0.5984375 0.384375 0.5984375 0.27812499999999996 0.5015625 0.27812499999999996 0.5015625 0.384375 0.5984375 0.384375
5 0.99375 0.6046875 0.99375 0.5125 0.60625 0.5125 0.60625 0.6046875 0.99375 0.6046875
5 0.1921875 0.60625 0.19375 0.6046875 0.19375 0.5062500000000001 0.003125 0.5062500000000001 0.003125 0.60625 0.1921875 0.60625
8 0.4 0.38125 0.4 0.37968749999999996 0.4015625 0.37812500000000004 0.4015625 0.2734375 0.2984375 0.2734375 0.2984375 0.38125 0.4 0.38125
5 0.10625 0.16249999999999998 0.1078125 0.1609375 0.125 0.1609375 0.1265625 0.16249999999999998 0.128125 0.1609375 0.6984375 0.1609375 0.7 0.159375 0.7 0.1078125 0.7015625 0.10625000000000001 0.7015625 0.0703125 0.0875 0.0703125 0.0875 0.16249999999999998 0.10625 0.16249999999999998
5 0.79375 0.5046875 0.79375 0.06875 0.7046875 0.06875 0.7046875 0.5046875 0.79375 0.5046875
5 0.3984375 0.9930555555555556 0.3984375 0.953125 0.3 0.953125 0.3 0.9930555555555556 0.3984375 0.9930555555555556
5 0.6921875 0.9930555555555556 0.6921875 0.9515625000000001 0.4078125 0.9515625000000001 0.4078125 0.9930555555555556 0.6921875 0.9930555555555556
5 0.00671875 0.5034722222222222 0.09378125000000001 0.5034722222222222 0.09378125000000001 0.06944444444444445 0.00671875 0.06944444444444445 0.00671875 0.5034722222222222
5 1 0.9473958333333334 0.9039999999999999 0.9473958333333334 0.9039999999999999 0.9999652777777778 1 0.9999652777777778 1 0.9473958333333334
5 0 0.05742361111111111 0.79464375 0.06200694444444445 0.797475 0.5019097222222223 0.99375 0.5003611111111111 0.99375 0.0024791666666666664 0 0 0 0.05742361111111111