5 1 0.00003472222222222222 0.8258749999999999 0.00003472222222222222 0.8258749999999999 0.3174652777777778 1 0.3174652777777778 1 0.00003472222222222222
6 0.4890625 0.6390625000000001 0.4109375 0.6390625000000001 0.4109375 0.7453125 0.4890625 0.7453125 0.4890625 0.6968749999999999 0.4875 0.6953125 0.4875 0.6781250000000001 0.4890625 0.6765625 0.4875 0.675 0.4875 0.6703125000000001 0.4890625 0.66875 0.4890625 0.6390625000000001
2 0.49375 0.5218750000000001 0.49375 0.5109375 0.4953125 0.5093749999999999 0.4953125 0.421875 0.4046875 0.421875 0.4046875 0.5234375 0.4921875 0.5234375 0.49375 0.5218750000000001
1 0.5953125 0.328125 0.5953125 0.22499999999999998 0.5046875 0.22499999999999998 0.5046875 0.328125 0.5953125 0.328125
5 0.1921875 0.1109375 0.1953125 0.1109375 0.196875 0.109375 0.196875 0.0015625 0.003125 0.0015625 0.003125 0.11249999999999999 0.190625 0.11249999999999999 0.1921875 0.1109375
8 0.384375 0.9906250000000001 0.384375 0.8999999999999999 0.315625 0.8999999999999999 0.315625 0.9906250000000001 0.384375 0.9906250000000001
1 0.7984375 0.9930555555555556 0.7984375 0.890625 0.703125 0.890625 0.703125 0.9930555555555556 0.7984375 0.9930555555555556
5 0.16875 0.5359375 0.1703125 0.534375 0.1703125 0.5296875000000001 0.16875 0.528125 0.16875 0.5234375 0.1703125 0.5218750000000001 0.16875 0.5203125 0.16875 0.43437499999999996 0.1671875 0.43281250000000004 0.1671875 0.3828125 0.16875 0.38125 0.16875 0.34687500000000004 0.1703125 0.3453125 0.1703125 0.34062499999999996 0.171875 0.33906250000000004 0.171875 0.3375 0.175 0.334375 0.175 0.33281249999999996 0.1765625 0.33125000000000004 0.1765625 0.3296875 0.178125 0.328125 0.178125 0.1171875 0.0015625 0.1171875 0.0015625 0.55 0.0671875 0.55 0.06875 0.5484374999999999 0.159375 0.5484374999999999 0.1609375 0.546875 0.1640625 0.546875 0.1671875 0.54375 0.1671875 0.5421875 0.16875 0.5406249999999999 0.16875 0.5359375
1 0.196875 0.9930555555555556 0.196875 0.890625 0.103125 0.890625 0.103125 0.9930555555555556 0.196875 0.9930555555555556
5 0.2640625 0.7953125000000001 0.2609375 0.7984374999999999 0.259375 0.7984374999999999 0.2578125 0.8 0.2546875 0.8 0.253125 0.8015625 0.2515625 0.8015625 0.2484375 0.8046875 0.246875 0.8046875 0.2453125 0.8062499999999999 0.2421875 0.8062499999999999 0.2390625 0.809375 0.2375 0.809375 0.234375 0.8125 0.2328125 0.8125 0.23125 0.8140624999999999 0.2296875 0.8140624999999999 0.228125 0.815625 0.2265625 0.815625 0.225 0.8171875 0.2234375 0.8171875 0.221875 0.8187500000000001 0.21875 0.8187500000000001 0.2171875 0.8203125 0.2140625 0.8203125 0.2109375 0.8234375 0.209375 0.8234375 0.2078125 0.825 0.2078125 0.9343750000000001 0.209375 0.9343750000000001 0.2125 0.9375 0.2140625 0.9375 0.2171875 0.9406249999999999 0.21875 0.9406249999999999 0.225 0.9468749999999999 0.225 0.9515625000000001 0.2265625 0.953125 0.2265625 0.9765625 0.228125 0.9781249999999999 0.228125 0.9812500000000001 0.2296875 0.9828125000000001 0.2296875 0.984375 0.2328125 0.9874999999999999 0.234375 0.9874999999999999 0.2359375 0.9890625000000001 0.2375 0.9890625000000001 0.240625 0.9921875 0.303125 0.9921875 0.3046875 0.9906250000000001 0.3046875 0.8984375 0.30625 0.8968750000000001 0.30625 0.8953125000000001 0.3078125 0.8937499999999999 0.309375 0.8937499999999999 0.3109375 0.8921874999999999 0.3875 0.8921874999999999 0.3890625 0.8937499999999999 0.390625 0.8937499999999999 0.3921875 0.8953125000000001 0.3921875 0.8984375 0.39375 0.8999999999999999 0.39375 0.9906250000000001 0.3953125 0.9921875 0.546875 0.9921875 0.5484375 0.9906250000000001 0.5515625 0.9906250000000001 0.553125 0.9890625000000001 0.5546875 0.9890625000000001 0.55625 0.9874999999999999 0.559375 0.9874999999999999 0.5609375 0.9859374999999999 0.5640625 0.9859374999999999 0.565625 0.984375 0.565625 0.9828125000000001 0.5671875 0.9812500000000001 0.5671875 0.9781249999999999 0.56875 0.9765625 0.56875 0.9609375 0.5703125 0.9593750000000001 0.5703125 0.953125 0.571875 0.9515625000000001 0.571875 0.9500000000000001 0.5734375 0.9484374999999999 0.5734375 0.9468749999999999 0.575 0.9453125 0.575 0.9437500000000001 0.578125 0.9406249999999999 0.5796875 0.9406249999999999 0.5828125 0.9375 0.584375 0.9375 0.5859375 0.9359375000000001 0.590625 0.9359375000000001 0.5921875 0.9343750000000001 0.59375 0.9343750000000001 0.59375 0.828125 0.590625 0.825 0.5875 0.825 0.5859375 0.8234375 0.584375 0.8234375 0.58125 0.8203125 0.5796875 0.8203125 0.578125 0.8187500000000001 0.575 0.8187500000000001 0.5734375 0.8171875 0.571875 0.8171875 0.56875 0.8140624999999999 0.5671875 0.8140624999999999 0.565625 0.8125 0.5640625 0.8125 0.5625 0.8109375000000001 0.5609375 0.8109375000000001 0.5578125 0.8078125 0.55625 0.8078125 0.5546875 0.8062499999999999 0.553125 0.8062499999999999 0.5515625 0.8046875 0.55 0.8046875 0.546875 0.8015625 0.5453125 0.8015625 0.54375 0.8 0.540625 0.8 0.5359375 0.7953125000000001 0.534375 0.7953125000000001 0.5328125 0.79375 0.5296875 0.79375 0.528125 0.7921875 0.5265625 0.7921875 0.521875 0.7875000000000001 0.51875 0.7875000000000001 0.5140625 0.7828124999999999 0.5125 0.7828124999999999 0.5109375 0.78125 0.2890625 0.78125 0.284375 0.7859375 0.2828125 0.7859375 0.28125 0.7875000000000001 0.278125 0.7875000000000001 0.2765625 0.7890625 0.275 0.7890625 0.2703125 0.79375 0.2671875 0.79375 0.265625 0.7953125000000001 0.2640625 0.7953125000000001
5 1 0.00003472222222222222 0.60046875 0.00003472222222222222 0.60046875 0.5605208333333334 1 0.5605208333333334 1 0.00003472222222222222