5 0.99375 0.6609375 0.99375 0.45156250000000003 0.80625 0.45156250000000003 0.80625 0.6609375 0.99375 0.6609375
5 0.3953125 0.9930555555555556 0.3953125 0.7828124999999999 0.303125 0.7828124999999999 0.303125 0.9930555555555556 0.3953125 0.9930555555555556
5 0.296875 0.9930555555555556 0.296875 0.78125 0.2046875 0.78125 0.2046875 0.9930555555555556 0.296875 0.9930555555555556
2 0.4953125 0.5203125 0.4953125 0.4203125 0.403125 0.4203125 0.403125 0.5203125 0.4953125 0.5203125
5 0.5 0.3265625 0.5 0.22499999999999998 0.3984375 0.22499999999999998 0.3984375 0.3265625 0.5 0.3265625
5 0.3921875 0.4375 0.3921875 0.4359375 0.39375 0.43437499999999996 0.39375 0.22343749999999998 0.00625 0.22343749999999998 0.00625 0.4375 0.3921875 0.4375
5 0.99375 0.3296875 0.99375 0.22499999999999998 0.6015625 0.22499999999999998 0.6015625 0.3296875 0.99375 0.3296875
5 0.3984375 0.6640625 0.3984375 0.5625 0.0078125 0.5625 0.0078125 0.6640625 0.3984375 0.6640625
5 0.9 0.9930555555555556 0.9 0.78125 0.803125 0.78125 0.803125 0.9930555555555556 0.9 0.9930555555555556
5 0.99375 0.9930555555555556 0.99375 0.78125 0.9015625 0.78125 0.9015625 0.9930555555555556 0.99375 0.9930555555555556
1 0.596875 0.30937499999999996 0.596875 0.22499999999999998 0.5015625 0.22499999999999998 0.5015625 0.30937499999999996 0.596875 0.30937499999999996
5 0.99375 0.21718749999999998 0.99375 0.004687500000000001 0.003125 0.004687500000000001 0.003125 0.21718749999999998 0.99375 0.21718749999999998
6 0.1953125 0.5234375 0.1953125 0.41718750000000004 0.19375 0.415625 0.103125 0.415625 0.103125 0.5234375 0.1953125 0.5234375