5 0.7984375 0.6031249999999999 0.7984375 0.3921875 0.603125 0.3921875 0.603125 0.6031249999999999 0.7984375 0.6031249999999999
5 0.9984375 0.27031249999999996 0.9984375 0.060937500000000006 0.9015625 0.060937500000000006 0.9015625 0.27031249999999996 0.9984375 0.27031249999999996
2 0.503125 0.5265625 0.5921875 0.5265625 0.59375 0.5249999999999999 0.59375 0.4140625 0.503125 0.4140625 0.503125 0.5265625
5 0.2984375 0.9406249999999999 0.3015625 0.9437500000000001 0.4 0.9437500000000001 0.4 0.7234375 0.2984375 0.7234375 0.2984375 0.9406249999999999
5 0.7953125 0.1609375 0.7953125 0.16249999999999998 0.9 0.16249999999999998 0.9 0.057812499999999996 0.79375 0.057812499999999996 0.79375 0.071875 0.7953125 0.07343749999999999 0.7953125 0.0859375 0.79375 0.0875 0.79375 0.159375 0.7953125 0.1609375
5 0.30625 0.26875000000000004 0.3078125 0.27031249999999996 0.3984375 0.27031249999999996 0.3984375 0.0625 0.30625 0.0625 0.30625 0.26875000000000004
5 0.6328125 0.16249999999999998 0.6375 0.16249999999999998 0.6390625 0.1609375 0.6625 0.1609375 0.6640625 0.16249999999999998 0.6671875 0.16249999999999998 0.66875 0.1640625 0.703125 0.1640625 0.703125 0.056249999999999994 0.403125 0.056249999999999994 0.403125 0.1609375 0.4046875 0.16249999999999998 0.409375 0.16249999999999998 0.4109375 0.1640625 0.63125 0.1640625 0.6328125 0.16249999999999998
6 0.8890625 0.48750000000000004 0.8140625 0.48750000000000004 0.8140625 0.590625 0.815625 0.5921875000000001 0.8828125 0.5921875000000001 0.884375 0.59375 0.8890625 0.59375 0.8890625 0.48750000000000004
1 0.790625 0.140625 0.790625 0.0640625 0.7078125 0.0640625 0.7078125 0.140625 0.790625 0.140625
8 0.9265625 0.9406249999999999 0.9265625 0.8374999999999999 0.6765625 0.8374999999999999 0.6765625 0.9406249999999999 0.9265625 0.9406249999999999
6 0.6203125 0.26093750000000004 0.696875 0.26093750000000004 0.696875 0.1515625 0.603125 0.1515625 0.603125 0.259375 0.6046875 0.26093750000000004 0.609375 0.26093750000000004 0.6109375 0.26249999999999996 0.61875 0.26249999999999996 0.6203125 0.26093750000000004
5 0.00625 0 0.00625 0.9930555555555556 1 0.9930555555555556 0.9955375 0.9424583333333333 0.2924125 0.9499027777777778 0.3013375 0.049604166666666664 0.99776875 0.05704166666666667 1 0 0.00625 0