5 0.30003125 0.33281249999999996 0.69846875 0.33281249999999996 0.69846875 0.23121527777777778 0.30003125 0.23121527777777778 0.30003125 0.33281249999999996
5 0.9921875 0.8843749999999999 0.9921875 0.6703125000000001 0.8984375 0.6703125000000001 0.8984375 0.8843749999999999 0.9921875 0.8843749999999999
8 0.2171875 0.8843749999999999 0.2171875 0.7875000000000001 0.00625 0.7875000000000001 0.00625 0.8843749999999999 0.2171875 0.8843749999999999
5 0.503125 0.8843749999999999 0.503125 0.6671875 0.3015625 0.6671875 0.3015625 0.8843749999999999 0.503125 0.8843749999999999
5 0.4921875 0.2265625 0.4921875 0.009375000000000001 0.296875 0.009375000000000001 0.296875 0.2265625 0.4921875 0.2265625
5 0.2015625 0.10468749999999999 0.2015625 0.0015625 0.003125 0.0015625 0.003125 0.10468749999999999 0.2015625 0.10468749999999999
8 0.796875 0.109375 0.796875 0.0015625 0.703125 0.0015625 0.703125 0.109375 0.796875 0.109375
5 0.903125 0.2265625 0.903125 0.3296875 0.990625 0.3296875 0.9921875 0.328125 0.9921875 0.2265625 0.903125 0.2265625
6 0.5890625 0.41093749999999996 0.5890625 0.30937499999999996 0.5109375 0.30937499999999996 0.5109375 0.41093749999999996 0.5890625 0.41093749999999996
5 0.796875 0.3265625 0.796875 0.22812500000000002 0.7046875 0.22812500000000002 0.7046875 0.3265625 0.796875 0.3265625
5 0.2046875 0 0.2046875 0.328125 0.2984375 0.328125 0.2984375 0 0.2046875 0
2 0.490625 0.5203125 0.490625 0.421875 0.4109375 0.421875 0.4109375 0.5203125 0.490625 0.5203125
5 0.1125 0.23124999999999998 0.1125 0.33281249999999996 0.2 0.33281249999999996 0.2015625 0.33125000000000004 0.2015625 0.23124999999999998 0.1125 0.23124999999999998
6 0.7015625 0.5390625 0.7015625 0.6359375 0.796875 0.6359375 0.7984375 0.6343749999999999 0.7984375 0.5390625 0.7015625 0.5390625
8 0.9921875 0.1078125 0.9921875 0.0015625 0.903125 0.0015625 0.903125 0.1078125 0.9921875 0.1078125
6 0.00625 0.08906249999999999 0.00625 0.18593749999999998 0.096875 0.18593749999999998 0.0984375 0.184375 0.0984375 0.08906249999999999 0.00625 0.08906249999999999
9 0.0078125 0.23124999999999998 0.0078125 0.328125 0.10625 0.328125 0.10625 0.3046875 0.1046875 0.303125 0.1046875 0.27031249999999996 0.10625 0.26875000000000004 0.10625 0.2421875 0.1046875 0.24062499999999998 0.1046875 0.23124999999999998 0.0078125 0.23124999999999998
6 0.890625 0.2984375 0.890625 0.20156249999999998 0.8078125 0.20156249999999998 0.8078125 0.30156249999999996 0.8859375 0.30156249999999996 0.8890625 0.2984375 0.890625 0.2984375
5 0 0.9930555555555556 0.99375 0.9930555555555556 0.99375 0.8937499999999999 0 0.8829375 0 0.9930555555555556
5 0.7984375 0.10621527777777778 0.9015625 0.10621527777777778 0.9015625 0.0015625 0.7984375 0.0015625 0.7984375 0.10621527777777778
5 0.4961875 0.10621527777777778 0.6993125 0.10621527777777778 0.6993125 0.0015625 0.4961875 0.0015625 0.4961875 0.10621527777777778