6 0.384375 0.1921875 0.3859375 0.190625 0.3875 0.190625 0.3875 0.08906249999999999 0.3109375 0.08906249999999999 0.3109375 0.1921875 0.384375 0.1921875
1 0.6984375 0.8859375 0.6984375 0.66875 0.6015625 0.66875 0.6015625 0.8859375 0.6984375 0.8859375
1 0.396875 0.8843749999999999 0.396875 0.66875 0.303125 0.66875 0.303125 0.8843749999999999 0.396875 0.8843749999999999
1 0.1875 0.546875 0.1875 0.45625000000000004 0.10625 0.45625000000000004 0.10625 0.546875 0.1875 0.546875
2 0.4921875 0.5265625 0.4921875 0.5249999999999999 0.49375 0.5234375 0.49375 0.51875 0.4953125 0.5171874999999999 0.4953125 0.4203125 0.4046875 0.4203125 0.4046875 0.5265625 0.4921875 0.5265625
6 0.4921875 0.859375 0.4953125 0.85625 0.4953125 0.7515624999999999 0.409375 0.7515624999999999 0.409375 0.859375 0.4921875 0.859375
1 0.184375 0.32343750000000004 0.1859375 0.321875 0.1859375 0.25468749999999996 0.1875 0.25312500000000004 0.1875 0.234375 0.1078125 0.234375 0.1078125 0.32343750000000004 0.184375 0.32343750000000004
1 0.184375 0.10468749999999999 0.1859375 0.103125 0.1859375 0.0125 0.10625 0.0125 0.10625 0.10468749999999999 0.184375 0.10468749999999999
1 0.7875 0.546875 0.7875 0.45625000000000004 0.7046875 0.45625000000000004 0.7046875 0.546875 0.7875 0.546875
1 0.384375 0.5453125000000001 0.384375 0.45625000000000004 0.30625 0.45625000000000004 0.30625 0.5453125000000001 0.384375 0.5453125000000001
1 0.5859375 0.3265625 0.5859375 0.234375 0.50625 0.234375 0.50625 0.3265625 0.5859375 0.3265625
1 0.3859375 0.3265625 0.3859375 0.234375 0.30625 0.234375 0.30625 0.3265625 0.3859375 0.3265625
1 0.7859375 0.3265625 0.7875 0.32499999999999996 0.7875 0.23281249999999998 0.7046875 0.23281249999999998 0.7046875 0.3265625 0.7859375 0.3265625
1 0.7859375 0.10468749999999999 0.7875 0.103125 0.7875 0.0125 0.70625 0.0125 0.70625 0.10468749999999999 0.7859375 0.10468749999999999
1 0.9875 0.546875 0.9875 0.45625000000000004 0.90625 0.45625000000000004 0.90625 0.546875 0.9875 0.546875
1 0.98816875 0.3225208333333333 0.98973125 0.32095833333333335 0.98973125 0.23189583333333333 0.90691875 0.23189583333333333 0.90691875 0.3225208333333333 0.98816875 0.3225208333333333
1 0.5859375 0.5453125000000001 0.5859375 0.45625000000000004 0.509375 0.45625000000000004 0.509375 0.5453125000000001 0.5859375 0.5453125000000001
1 0.9875 0.103125 0.9875 0.0125 0.90625 0.0125 0.90625 0.103125 0.9875 0.103125
6 0.090625 0.4140625 0.090625 0.30937499999999996 0.0109375 0.30937499999999996 0.0109375 0.4140625 0.090625 0.4140625
1 0.384375 0.1015625 0.384375 0.0109375 0.309375 0.0109375 0.309375 0.1015625 0.384375 0.1015625
1 0.5078437499999999 0.10309027777777778 0.58753125 0.10309027777777778 0.58753125 0.012465277777777777 0.5078437499999999 0.012465277777777777 0.5078437499999999 0.10309027777777778