6 0.6 0.30625 0.6 0.32343750000000004 0.6015625 0.32499999999999996 0.6015625 0.415625 0.69375 0.415625 0.69375 0.30625 0.6 0.30625
5 0.4046875 0.5609375000000001 0.4046875 0.7671874999999999 0.4078125 0.7671874999999999 0.409375 0.76875 0.596875 0.76875 0.596875 0.5609375000000001 0.4046875 0.5609375000000001
5 0.8953125 0.4375 0.8953125 0.22968750000000002 0.703125 0.22968750000000002 0.703125 0.4375 0.8953125 0.4375
6 0.3921875 0.9734375000000001 0.3921875 0.8609374999999999 0.309375 0.8609374999999999 0.309375 0.9734375000000001 0.3921875 0.9734375000000001
2 0.503125 0.5265625 0.5953125 0.5265625 0.5953125 0.41718750000000004 0.59375 0.415625 0.503125 0.415625 0.503125 0.5265625
6 0.3921875 0.5671875 0.3109375 0.5671875 0.3109375 0.6609375 0.3125 0.6625000000000001 0.359375 0.6625000000000001 0.3609375 0.6609375 0.3921875 0.6609375 0.3921875 0.5671875
6 0.69375 0.6859375000000001 0.6109375 0.6859375000000001 0.6109375 0.6890624999999999 0.609375 0.690625 0.609375 0.7749999999999999 0.6109375 0.7765625 0.69375 0.7765625 0.69375 0.6859375000000001
5 0.9015625 0.9930555555555556 0.9015625 0.8859375 0.8 0.8859375 0.8 0.9930555555555556 0.9015625 0.9930555555555556
5 1 0 0.00625 0.014062499999999999 0.00625 0.9930555555555556 0.1015625 0.9930555555555556 0.1015625 0.9796874999999999 0.103125 0.9781249999999999 0.103125 0.9375 0.1046875 0.9359375000000001 0.1046875 0.778125 0.103125 0.7765625 0.103125 0.7593749999999999 0.1046875 0.7578125 0.1046875 0.734375 0.103125 0.7328125000000001 0.103125 0.6671875 0.1015625 0.6656249999999999 0.1015625 0.6640625 0.103125 0.6625000000000001 0.103125 0.621875 0.1015625 0.6203125 0.1015625 0.5953124999999999 0.103125 0.59375 0.103125 0.5687500000000001 0.1015625 0.5671875 0.1015625 0.49531250000000004 0.103125 0.49374999999999997 0.103125 0.4765625 0.1046875 0.47500000000000003 0.1046875 0.47031249999999997 0.103125 0.46875 0.103125 0.45156250000000003 0.1015625 0.44999999999999996 0.1015625 0.4375 0.103125 0.4359375 0.103125 0.42500000000000004 0.1046875 0.4234375 0.1046875 0.4046875 0.103125 0.40312499999999996 0.103125 0.3921875 0.1015625 0.390625 0.1015625 0.3828125 0.103125 0.38125 0.103125 0.36875 0.1046875 0.3671875 0.1046875 0.36250000000000004 0.103125 0.3609375 0.103125 0.35468750000000004 0.1015625 0.353125 0.1015625 0.31875 0.103125 0.31718749999999996 0.103125 0.303125 0.1015625 0.30156249999999996 0.1015625 0.290625 0.1 0.2890625 0.1 0.22499999999999998 0.1015625 0.22343749999999998 0.1015625 0.22031250000000002 0.103125 0.21875 0.1140625 0.21875 0.115625 0.22031250000000002 0.1171875 0.22031250000000002 0.11875 0.221875 0.128125 0.221875 0.1296875 0.22343749999999998 0.365625 0.22343749999999998 0.3671875 0.221875 0.3953125 0.221875 0.396875 0.22031250000000002 0.3984375 0.22031250000000002 0.4 0.221875 0.40625 0.221875 0.4078125 0.22031250000000002 0.41875 0.22031250000000002 0.4203125 0.21875 0.471875 0.21875 0.4734375 0.21718749999999998 0.56875 0.21718749999999998 0.5703125 0.21875 0.5875 0.21875 0.5890625 0.22031250000000002 0.59375 0.22031250000000002 0.5953125 0.221875 0.646875 0.221875 0.6484375 0.22343749999999998 0.690625 0.22343749999999998 0.6921875 0.221875 0.7078125 0.221875 0.709375 0.22343749999999998 0.721875 0.22343749999999998 0.7234375 0.221875 0.73125 0.221875 0.7328125 0.22343749999999998 0.7421875 0.22343749999999998 0.74375 0.221875 0.7703125 0.221875 0.771875 0.22031250000000002 0.778125 0.22031250000000002 0.7796875 0.21875 0.7859375 0.21875 0.7875 0.21718749999999998 0.834375 0.21718749999999998 0.8359375 0.21875 0.8453125 0.21875 0.846875 0.22031250000000002 0.8546875 0.22031250000000002 0.85625 0.221875 0.86875 0.221875 0.8703125 0.22343749999999998 0.8875 0.22343749999999998 0.8890625 0.221875 0.890625 0.221875 0.8921875 0.22343749999999998 0.896875 0.22343749999999998 0.9015625 0.22812500000000002 0.9015625 0.2578125 0.9 0.259375 0.9 0.37968749999999996 0.9015625 0.38125 0.9046875 0.9930555555555556 1 0.9930555555555556 1 0
5 0.64285625 0.3025763888888889 0.671875 0.3199375 0.70089375 0.33234027777777775 0.70535625 0.22073611111111113 0.10268124999999999 0.21577083333333336 0.09598124999999999 0.32738194444444446 0.51785625 0.3224236111111111 0.50223125 0.26537499999999997 0.5379437499999999 0.23809722222222224 0.58035625 0.2579375 0.5892875 0.29761805555555554 0.578125 0.33234027777777775 0.6205375 0.32738194444444446 0.64285625 0.3025763888888889
8 0.5937812499999999 0.24055555555555555 0.50446875 0.24055555555555555 0.50446875 0.3298611111111111 0.5937812499999999 0.3298611111111111 0.5937812499999999 0.24055555555555555