5 0 0.8140624999999999 0.29375 0.8140624999999999 0.29375 0.60625 0 0.60625 0 0.8140624999999999
5 0.509375 0.6078125000000001 0.509375 0.8140624999999999 0.8890625 0.8140624999999999 0.8890625 0.6078125000000001 0.509375 0.6078125000000001
6 0.00625 0.7906249999999999 0.00625 0.8984375 0.09375 0.8984375 0.09375 0.7906249999999999 0.00625 0.7906249999999999
5 0.5046875 0.26875000000000004 0.5046875 0.415625 0.79375 0.415625 0.79375 0.26875000000000004 0.5046875 0.26875000000000004
1 0.1078125 0.046875 0.1078125 0.190625 0.2921875 0.190625 0.2921875 0.046875 0.1078125 0.046875
2 0.4953125 0.5249999999999999 0.496875 0.5234375 0.496875 0.42500000000000004 0.403125 0.42500000000000004 0.403125 0.5249999999999999 0.4953125 0.5249999999999999
7 0.6109375 0.25312500000000004 0.6109375 0.3296875 0.6890625 0.3296875 0.6890625 0.25312500000000004 0.6109375 0.25312500000000004
5 0.5109375 0.0015625 0.5109375 0.140625 0.8921875 0.140625 0.8921875 0.0015625 0.5109375 0.0015625
6 0.3984375 0.1328125 0.3984375 0.234375 0.496875 0.234375 0.496875 0.1328125 0.3984375 0.1328125
1 0 0.18593749999999998 0.0390625 0.18593749999999998 0.040625 0.1875 0.096875 0.1875 0.096875 0.053125000000000006 0 0.053125000000000006 0 0.18593749999999998
5 0.003125 0.0015625 0.003125 0.0390625 0.296875 0.0390625 0.296875 0.0015625 0.003125 0.0015625
1 0.30625 0.003125 0.30625 0.034375 0.490625 0.034375 0.490625 0.003125 0.30625 0.003125
5 0.99375 0.0036111111111111114 0.896875 0.0036111111111111114 0.896875 0.9930555555555556 0.99375 0.9930555555555556 0.99375 0.0036111111111111114