5 0.440625 0.4390625 0.44375 0.4390625 0.4453125 0.44062500000000004 0.4546875 0.44062500000000004 0.45625 0.4390625 0.4640625 0.4390625 0.465625 0.44062500000000004 0.46875 0.44062500000000004 0.4703125 0.44218749999999996 0.484375 0.44218749999999996 0.4859375 0.44375 0.4875 0.44375 0.4890625 0.4453125 0.6919625 0.4414652777777778 0.6875 0.3422638888888889 0.2859375 0.34062499999999996 0.2859375 0.4453125 0.390625 0.4453125 0.3921875 0.44375 0.396875 0.44375 0.3984375 0.44218749999999996 0.425 0.44218749999999996 0.4265625 0.44062500000000004 0.43125 0.44062500000000004 0.4328125 0.4390625 0.4375 0.4390625 0.4390625 0.4375 0.440625 0.4390625
5 0.99378125 0.7828124999999999 0.88596875 0.7828124999999999 0.88596875 0.9930208333333334 0.99378125 0.9930208333333334 0.99378125 0.7828124999999999
5 0.49065624999999996 0.7828124999999999 0.28909375000000004 0.7828124999999999 0.28909375000000004 0.9930208333333334 0.49065624999999996 0.9930208333333334 0.49065624999999996 0.7828124999999999
8 0.20784375000000002 0.9015277777777777 0.00003125 0.9015277777777777 0.00003125 0.9930555555555556 0.20784375000000002 0.9930555555555556 0.20784375000000002 0.9015277777777777
5 0.9754687499999999 0.33479166666666665 0.8884062500000001 0.33479166666666665 0.8884062500000001 0.44145833333333334 0.9754687499999999 0.44145833333333334 0.9754687499999999 0.33479166666666665
6 0.88128125 0.30940972222222224 0.79534375 0.30940972222222224 0.79534375 0.4140625 0.88128125 0.4140625 0.88128125 0.30940972222222224
5 0.7859375 0.3374652777777778 0.6890625 0.3374652777777778 0.6890625 0.44059027777777776 0.7859375 0.44059027777777776 0.7859375 0.3374652777777778
5 0.46409374999999997 0.11402777777777778 0.28440625 0.11402777777777778 0.28440625 0.3327777777777778 0.46409374999999997 0.3327777777777778 0.46409374999999997 0.11402777777777778
5 0.6875 0.11246527777777778 0.48125 0.11246527777777778 0.48125 0.2218402777777778 0.6875 0.2218402777777778 0.6875 0.11246527777777778
5 0.890625 0.10940972222222223 0.7875 0.10940972222222223 0.7875 0.21878472222222223 0.890625 0.21878472222222223 0.890625 0.10940972222222223
5 0.2859375 0.10777777777777778 0.1890625 0.10777777777777778 0.1890625 0.4375 0.2859375 0.4375 0.2859375 0.10777777777777778
5 0.18753124999999998 0.11249999999999999 0.0015937500000000001 0.11249999999999999 0.0015937500000000001 0.21875 0.18753124999999998 0.21875 0.18753124999999998 0.11249999999999999
5 0.18725 0.3430902777777778 0.09975 0.3430902777777778 0.09975 0.44621527777777775 0.18725 0.44621527777777775 0.18725 0.3430902777777778
9 0.10040625 0.33479166666666665 0.00221875 0.33479166666666665 0.00221875 0.44145833333333334 0.10040625 0.44145833333333334 0.10040625 0.33479166666666665
2 0.490625 0.42496527777777776 0.40625 0.42496527777777776 0.40625 0.5265625 0.490625 0.5265625 0.490625 0.42496527777777776
6 0.17503125 0.4140625 0.09846875000000001 0.4140625 0.09846875000000001 0.5234375 0.17503125 0.5234375 0.17503125 0.4140625
6 0.784375 0.7515624999999999 0.690625 0.7515624999999999 0.690625 0.8609374999999999 0.784375 0.8609374999999999 0.784375 0.7515624999999999
5 1 0.0024652777777777776 0.00446875 0.0024652777777777776 0.00446875 0.11406250000000001 1 0.11406250000000001 1 0.0024652777777777776
8 0.78571875 0.11413194444444444 0.68528125 0.11413194444444444 0.68528125 0.2232291666666667 0.78571875 0.2232291666666667 0.78571875 0.11413194444444444
8 0.9821249999999999 0.11659722222222221 0.890625 0.11659722222222221 0.890625 0.22076388888888887 0.9821249999999999 0.22076388888888887 0.9821249999999999 0.11659722222222221