6 0.4491875 0.7555555555555555 0.3566875 0.7555555555555555 0.3566875 0.8611111111111112 0.4491875 0.8611111111111112 0.4491875 0.7555555555555555
2 0.49584374999999997 0.4157638888888889 0.40753125 0.4157638888888889 0.40753125 0.5296527777777778 0.49584374999999997 0.5296527777777778 0.49584374999999997 0.4157638888888889
1 0.20084375 0.11017361111111111 0.10503124999999999 0.11017361111111111 0.10503124999999999 0.22315972222222222 0.20084375 0.22315972222222222 0.20084375 0.11017361111111111
1 0.79996875 0.5555208333333334 0.70165625 0.5555208333333334 0.70165625 0.6629513888888889 0.79996875 0.6629513888888889 0.79996875 0.5555208333333334
8 0.68584375 0.3398263888888889 0.61415625 0.3398263888888889 0.61415625 0.43795138888888885 0.68584375 0.43795138888888885 0.68584375 0.3398263888888889
0 0.15331250000000002 1 0.15331250000000002 0.7250000000000001 0.0008125000000000001 0.7250000000000001 0.0008125000000000001 1 0.15331250000000002 1
4 0.14916875000000002 0.9930555555555556 0.19916875 0.9930555555555556 0.2 0.6675902777777778 0.00166875 0.6675902777777778 0 0.7231458333333333 0.15166875 0.7240763888888888 0.14916875000000002 0.9930555555555556
5 0.69416875 0.4379652777777778 0.9675 0.42870138888888887 0.96916875 0.2787013888888889 0.99375 0.2592569444444444 0.99375 0.05555555555555555 0.90416875 0.002777777777777778 0.49666875 0.003701388888888889 0.40166874999999996 0.05463194444444444 0.4025 0.2611111111111111 0.43 0.2768541666666666 0.4325 0.41944444444444445 0.46749999999999997 0.41944444444444445 0.47833125 0.43240972222222224 0.6075 0.4351875 0.60833125 0.33147916666666666 0.6933312500000001 0.3342569444444445 0.69416875 0.4379652777777778
5 0.69415625 0.5713194444444444 0.40834374999999995 0.5713194444444444 0.40834374999999995 0.6602083333333333 0.69415625 0.6602083333333333 0.69415625 0.5713194444444444
5 0.99496875 0.5703472222222222 0.80915625 0.5703472222222222 0.80915625 0.6592361111111111 0.99496875 0.6592361111111111 0.99496875 0.5703472222222222
5 0.09584375 0.12128472222222222 0.00665625 0.12128472222222222 0.00665625 0.21940972222222221 0.09584375 0.21940972222222221 0.09584375 0.12128472222222222