5 0.796875 0.44062500000000004 0.50625 0.44062500000000004 0.50625 0.596875 0.796875 0.596875 0.796875 0.44062500000000004
5 0 0 0.00166875 0.11018750000000001 0.89583125 0.11296527777777778 0.903125 0.6656249999999999 0.99375 0.6656249999999999 0.99375 0.0015625 0 0
12 0.99375 1 0.99375 0.6684722222222222 0 0.6684722222222222 0 1 0.99375 1
7 0.5890625 0.4312847222222222 0.5109375 0.4312847222222222 0.5109375 0.5109375 0.5890625 0.5109375 0.5890625 0.4312847222222222
7 0.6890625 0.43125 0.6109375 0.43125 0.6109375 0.5125 0.6890625 0.5125 0.6890625 0.43125
7 0.78753125 0.4312847222222222 0.7109687499999999 0.4312847222222222 0.7109687499999999 0.5109375 0.78753125 0.5109375 0.78753125 0.4312847222222222
2 0.49221875 0.41718750000000004 0.40628125 0.41718750000000004 0.40628125 0.5280902777777778 0.49221875 0.5280902777777778 0.49221875 0.41718750000000004
6 0.3978125 0.419375 0.3040625 0.419375 0.3040625 0.525625 0.3978125 0.525625 0.3978125 0.419375
6 0.5000312499999999 0.30850694444444443 0.39846875000000004 0.30850694444444443 0.39846875000000004 0.41788194444444443 0.5000312499999999 0.41788194444444443 0.5000312499999999 0.30850694444444443
5 0.8906562499999999 0.11201388888888889 0.5078437499999999 0.11201388888888889 0.5078437499999999 0.329375 0.8906562499999999 0.329375 0.8906562499999999 0.11201388888888889
1 0.48909375 0.11253472222222222 0.30628125 0.11253472222222222 0.30628125 0.21718749999999998 0.48909375 0.21718749999999998 0.48909375 0.11253472222222222
5 0.2984375 0.11871527777777777 0.0015625 0.11871527777777777 0.0015625 0.2218402777777778 0.2984375 0.2218402777777778 0.2984375 0.11871527777777777
1 0.29534375 0.221875 0.10628125 0.221875 0.10628125 0.3703472222222222 0.29534375 0.3703472222222222 0.29534375 0.221875
1 0 0.36875 0.096875 0.36875 0.096875 0.22972222222222222 0 0.22972222222222222 0 0.36875