5 0.8921875 0.7671874999999999 0.8921875 0.5640624999999999 0.7015625 0.5640624999999999 0.7015625 0.7671874999999999 0.8921875 0.7671874999999999
2 0.50625 0.4234375 0.50625 0.43125 0.5078125 0.43281250000000004 0.5078125 0.5218750000000001 0.5953125 0.5218750000000001 0.5953125 0.4234375 0.50625 0.4234375
6 0.7890625 0.5234375 0.7890625 0.41874999999999996 0.709375 0.41874999999999996 0.709375 0.5234375 0.7890625 0.5234375
8 0.10625 0.0015625 0.10625 0.10468749999999999 0.19375 0.10468749999999999 0.1953125 0.10625000000000001 0.196875 0.10625000000000001 0.196875 0.0015625 0.10625 0.0015625
6 0.696875 0.8546875 0.696875 0.7671874999999999 0.6109375 0.7671874999999999 0.6109375 0.8546875 0.696875 0.8546875
6 0.4921875 0.5234375 0.4921875 0.42656249999999996 0.40625 0.42656249999999996 0.40625 0.5234375 0.4921875 0.5234375
6 0.8046875 0.51875 0.8078125 0.5218750000000001 0.8890625 0.5218750000000001 0.8890625 0.4203125 0.8046875 0.4203125 0.8046875 0.51875
5 0.896875 0.9930555555555556 0.896875 0.890625 0.303125 0.890625 0.303125 0.9930555555555556 0.896875 0.9930555555555556
8 0.69415625 0.00003472222222222222 0.60334375 0.00003472222222222222 0.60334375 0.11204861111111113 0.69415625 0.11204861111111113 0.69415625 0.00003472222222222222
5 0.5958125 0.16944444444444443 0.5008125 0.16944444444444443 0.5008125 0.33055555555555555 0.5958125 0.33055555555555555 0.5958125 0.16944444444444443
5 0.69753125 0.11850694444444446 0.60084375 0.11850694444444446 0.60084375 0.3314930555555555 0.69753125 0.3314930555555555 0.69753125 0.11850694444444446
5 0.7966562500000001 0.16850694444444445 0.69996875 0.16850694444444445 0.69996875 0.3314930555555555 0.7966562500000001 0.3314930555555555 0.7966562500000001 0.16850694444444445
5 0.6975 0.11759027777777778 0.6983312500000001 0.16852083333333334 0.7975 0.16852083333333334 0.7975 0.21759027777777776 0.89916875 0.21852083333333333 0.90166875 0.12129861111111111 0.6975 0.11759027777777778
5 0.32083125 0 0.32083125 0.7759236111111112 0.37833125 0.7787013888888888 0.37916875 0.22129861111111113 0.49833125 0.2222222222222222 0.49916875000000005 0.16852083333333334 0.59916875 0.16852083333333334 0.59833125 0.11388888888888887 0.37583125 0.11296527777777778 0.3775 0 0.32083125 0
5 0 0.9944097222222221 0.10165625 0.9944097222222221 0.10165625 0.001840277777777778 0 0.001840277777777778 0 0.9944097222222221
5 0.6975 0 0.69666875 0.11759027777777778 0.90166875 0.11852083333333334 0.9008312500000001 0.9930555555555556 0.9991687499999999 0.9930555555555556 1 0 0.6975 0