5 0.25223125 0.5679583333333333 0.25 0.4439513888888889 0.45535625 0.4414652777777778 0.45535625 0.3372986111111111 0.16518125 0.34474305555555557 0.16518125 0.6671597222222222 0.26339375 0.6671597222222222 0.2611625 0.8829375 0.4575875 0.8878958333333333 0.4642875 0.5605138888888889 0.25223125 0.5679583333333333
7 0.25379375 0.7328125000000001 0.25379375 0.65625 0.17566874999999998 0.65625 0.17566874999999998 0.7328125000000001 0.25379375 0.7328125000000001
2 0.50625 0.528125 0.5890625 0.528125 0.5890625 0.4234375 0.5046875 0.4234375 0.5046875 0.4296875 0.50625 0.43125 0.50625 0.48906249999999996 0.5046875 0.49062500000000003 0.5046875 0.5265625 0.50625 0.528125
6 0.4515625 0.30156249999999996 0.4515625 0.1984375 0.3765625 0.1984375 0.3765625 0.30156249999999996 0.4515625 0.30156249999999996
5 0.35625 0.9930555555555556 0.359375 0.890375 0.2611625 0.8928541666666666 0.2611625 0.7762916666666667 0.05580625 0.7787708333333333 0.06026875 0.6597222222222222 0.00625 0.6622013888888889 0.00625 0.8854166666666666 0.0580375 0.890375 0.0580375 0.9930555555555556 0.35625 0.9930555555555556
8 0.7611875 0.8953125000000001 0.6651875 0.8953125000000001 0.6651875 0.9999652777777778 0.7611875 0.9999652777777778 0.7611875 0.8953125000000001
5 0.859375 0.8978194444444445 0.7723187499999999 0.9002986111111111 0.7700875 0.9930555555555556 1 0.9930555555555556 0.9955375 0.7713263888888888 0.86160625 0.7713263888888888 0.859375 0.8978194444444445
5 0.8571562500000001 0.5555902777777777 0.66071875 0.5555902777777777 0.66071875 0.6646875 0.8571562500000001 0.6646875 0.8571562500000001 0.5555902777777777
5 0.8660937499999999 0.78125 0.6719062499999999 0.78125 0.6719062499999999 0.8879166666666667 0.8660937499999999 0.8879166666666667 0.8660937499999999 0.78125
5 0 0.6646875 0.060250000000000005 0.6646875 0.060250000000000005 0.5654513888888889 0 0.5654513888888889 0 0.6646875
5 0 0.44145833333333334 0.05803125 0.44145833333333334 0.05803125 0.33729166666666666 0 0.33729166666666666 0 0.44145833333333334
5 0.26565625000000004 0 0.26565625000000004 0.10666666666666666 0.44421875 0.10666666666666666 0.44421875 0 0.26565625000000004 0
5 0.87723125 0 0.8705375 0.12400694444444443 0.46875 0.11656944444444445 0.4642875 0.3397847222222222 0.8683062500000001 0.3372986111111111 0.85714375 0.21577083333333336 0.9620562500000001 0.22073611111111113 0.9486625 0 0.87723125 0