5 0.584375 0.1171875 0.5828125 0.11562499999999999 0.5625 0.11562499999999999 0.5609375 0.11406250000000001 0.5515625 0.11406250000000001 0.55 0.11562499999999999 0.546875 0.11562499999999999 0.540625 0.12187500000000001 0.540625 0.125 0.5421875 0.12656250000000002 0.540625 0.128125 0.540625 0.13124999999999998 0.5390625 0.1328125 0.5390625 0.14218750000000002 0.5375 0.14375 0.5375 0.15468749999999998 0.5359375 0.15625 0.5359375 0.16249999999999998 0.534375 0.1640625 0.534375 0.17031249999999998 0.5328125 0.171875 0.5328125 0.1796875 0.534375 0.18125000000000002 0.534375 0.19374999999999998 0.5359375 0.1953125 0.5359375 0.203125 0.5375 0.20468750000000002 0.5375 0.22499999999999998 0.5359375 0.2265625 0.5359375 0.22812500000000002 0.534375 0.22968750000000002 0.5078125 0.22968750000000002 0.50625 0.22812500000000002 0.4953125 0.22812500000000002 0.49375 0.2265625 0.4828125 0.2265625 0.48125 0.22499999999999998 0.4625 0.22499999999999998 0.4609375 0.22343749999999998 0.453125 0.22343749999999998 0.4515625 0.221875 0.440625 0.221875 0.4375 0.22499999999999998 0.4375 0.2265625 0.434375 0.22968750000000002 0.434375 0.321875 0.4359375 0.32343750000000004 0.4359375 0.328125 0.4375 0.3296875 0.4390625 0.3296875 0.44375 0.334375 0.4453125 0.334375 0.446875 0.3359375 0.6859375 0.3359375 0.6875 0.334375 0.70625 0.334375 0.7078125 0.3359375 0.7390625 0.3359375 0.740625 0.3375 0.7421875 0.3375 0.74375 0.33906250000000004 0.74375 0.3453125 0.7421875 0.34687500000000004 0.7421875 0.353125 0.740625 0.35468750000000004 0.740625 0.35624999999999996 0.7390625 0.3578125 0.7390625 0.36406249999999996 0.7375 0.365625 0.7375 0.37968749999999996 0.7359375 0.38125 0.7359375 0.38593750000000004 0.734375 0.38749999999999996 0.734375 0.4359375 0.7359375 0.4375 0.7359375 0.44062500000000004 0.7421875 0.44687499999999997 0.8953125 0.44687499999999997 0.896875 0.4453125 0.9375 0.4453125 0.9375 0.334375 0.9359375 0.3359375 0.93125 0.3359375 0.9296875 0.3375 0.88125 0.3375 0.8796875 0.33906250000000004 0.8484375 0.33906250000000004 0.846875 0.3375 0.8453125 0.3375 0.84375 0.3359375 0.8421875 0.3359375 0.8390625 0.33281249999999996 0.8390625 0.328125 0.8375 0.3265625 0.8375 0.275 0.8359375 0.2734375 0.8359375 0.265625 0.834375 0.2640625 0.834375 0.2515625 0.8359375 0.25 0.8359375 0.23750000000000002 0.834375 0.23593750000000002 0.834375 0.23281249999999998 0.8328125 0.23124999999999998 0.8328125 0.2265625 0.8359375 0.22343749999999998 0.8375 0.22343749999999998 0.8390625 0.221875 0.840625 0.221875 0.840625 0.215625 0.8421875 0.2140625 0.8421875 0.20625 0.84375 0.20468750000000002 0.84375 0.1984375 0.8453125 0.19687500000000002 0.8453125 0.1453125 0.84375 0.14375 0.84375 0.13437500000000002 0.8421875 0.1328125 0.8421875 0.12187500000000001 0.84375 0.12031249999999999 0.84375 0.11406250000000001 0.8421875 0.11249999999999999 0.625 0.11249999999999999 0.6234375 0.11406250000000001 0.61875 0.11406250000000001 0.6171875 0.11562499999999999 0.6109375 0.11562499999999999 0.609375 0.1171875 0.584375 0.1171875
2 0.5078125 0.5218750000000001 0.509375 0.5234375 0.5875 0.5234375 0.5875 0.415625 0.5078125 0.415625 0.5078125 0.5218750000000001
5 0.2359375 0.3359375 0.2359375 0.221875 0.00625 0.221875 0.00625 0.3359375 0.2359375 0.3359375
5 0.7140625 0.66875 0.7125 0.6703125000000001 0.6578125 0.6703125000000001 0.65625 0.66875 0.65 0.66875 0.6484375 0.6703125000000001 0.6453125 0.6703125000000001 0.6421875 0.6671875 0.6375 0.6671875 0.6375 0.66875 0.640625 0.66875 0.6421875 0.6703125000000001 0.6421875 0.6734374999999999 0.640625 0.675 0.640625 0.6781250000000001 0.6390625 0.6796875 0.6390625 0.6828125 0.6375 0.684375 0.6375 0.8859375 0.640625 0.8890625000000001 0.6421875 0.8890625000000001 0.64375 0.890625 0.6578125 0.890625 0.659375 0.8890625000000001 0.671875 0.8890625000000001 0.6734375 0.8875 0.68125 0.8875 0.6828125 0.8890625000000001 0.7125 0.8890625000000001 0.7140625 0.8875 0.7328125 0.8875 0.734375 0.8859375 0.7546875 0.8859375 0.75625 0.8875 0.7671875 0.8875 0.7703125 0.890625 0.771875 0.890625 0.7734375 0.8921874999999999 0.775 0.890625 0.7828125 0.890625 0.784375 0.8921874999999999 0.790625 0.8921874999999999 0.7921875 0.890625 0.7984375 0.890625 0.8 0.8890625000000001 0.8046875 0.8890625000000001 0.80625 0.8875 0.834375 0.8875 0.8359375 0.8890625000000001 0.840625 0.8890625000000001 0.8421875 0.890625 0.8421875 0.8921874999999999 0.84375 0.8937499999999999 0.84375 0.9390624999999999 0.8421875 0.9406249999999999 0.84375 0.9421875000000001 0.84375 0.9515625000000001 0.8421875 0.953125 0.8421875 0.9734375000000001 0.840625 0.9750000000000001 0.840625 0.9828125000000001 0.8390625 0.984375 0.8390625 0.9930555555555556 0.940625 0.9930555555555556 0.940625 0.9468749999999999 0.9390625 0.9453125 0.9390625 0.9046875000000001 0.9375 0.9031250000000001 0.9375 0.8984375 0.9390625 0.8968750000000001 0.9390625 0.8859375 0.940625 0.8843749999999999 0.940625 0.8453124999999999 0.9390625 0.84375 0.9390625 0.76875 0.940625 0.7671874999999999 0.940625 0.6781250000000001 0.9296875 0.6671875 0.878125 0.6671875 0.8765625 0.66875 0.8140625 0.66875 0.8125 0.6703125000000001 0.7625 0.6703125000000001 0.7609375 0.66875 0.7140625 0.66875
6 0.8171875 0.96875 0.8171875 0.8656250000000001 0.740625 0.8656250000000001 0.740625 0.96875 0.8171875 0.96875
6 0.2109375 0.746875 0.2109375 0.64375 0.134375 0.64375 0.134375 0.746875 0.2109375 0.746875
5 0.2328125 0.9930555555555556 0.2328125 0.8953125000000001 0.0453125 0.8953125000000001 0.0453125 0.9930555555555556 0.2328125 0.9930555555555556
5 0.5375 0.11249999999999999 0.5375 0.004687500000000001 0.4328125 0.004687500000000001 0.4328125 0.11249999999999999 0.5375 0.11249999999999999
5 0.034375 0.8875 0.034375 0.66875 0.00625 0.66875 0.00625 0.8875 0.034375 0.8875
5 0.6294375 0.5580208333333334 0.2388125 0.5580208333333334 0.2388125 0.6671180555555556 0.6294375 0.6671180555555556 0.6294375 0.5580208333333334
5 0.00003125 0 0.00003125 0.11406250000000001 0.03571875 0.11406250000000001 0.03571875 0 0.00003125 0
9 0.42856249999999996 0.6646875 0.2388125 0.6646875 0.2388125 0.8804513888888889 0.42856249999999996 0.8804513888888889 0.42856249999999996 0.6646875
5 0.9397500000000001 0 0.9397500000000001 0.11406250000000001 1 0.11406250000000001 1 0 0.9397500000000001 0
5 1 0.11904861111111112 0.9375 0.109125 0.93973125 0.004958333333333333 0.640625 0.0074375 0.640625 0.10664583333333333 0.8325875 0.10664583333333333 0.8370562500000001 0.22321527777777778 0.9330375 0.21577083333333336 0.93973125 0.4414652777777778 1 0.4414652777777778 1 0.11904861111111112