5 0.3796875 0.4609375 0.3765625 0.45781249999999996 0.375 0.45781249999999996 0.3734375 0.45625000000000004 0.3703125 0.45625000000000004 0.36875 0.45468749999999997 0.3671875 0.45468749999999997 0.365625 0.453125 0.365625 0.45156250000000003 0.3671875 0.44999999999999996 0.3703125 0.44999999999999996 0.371875 0.44843750000000004 0.3890625 0.44843750000000004 0.390625 0.44687499999999997 0.3921875 0.44687499999999997 0.39375 0.4453125 0.3953125 0.4453125 0.396875 0.44375 0.3984375 0.44375 0.4 0.44218749999999996 0.403125 0.44218749999999996 0.4046875 0.44062500000000004 0.4046875 0.4390625 0.40625 0.4375 0.40625 0.43437499999999996 0.409375 0.43125 0.409375 0.4296875 0.415625 0.4234375 0.4625 0.4234375 0.4640625 0.42500000000000004 0.465625 0.42500000000000004 0.46875 0.428125 0.46875 0.4296875 0.4765625 0.4375 0.478125 0.4375 0.48125 0.44062500000000004 0.48125 0.44218749999999996 0.4828125 0.44218749999999996 0.490625 0.44999999999999996 0.4921875 0.44999999999999996 0.4921875 0.334375 0.20625 0.334375 0.20625 0.46875 0.3828125 0.46875 0.3796875 0.46562499999999996 0.3796875 0.4609375
12 0 0.9921875 0.99375 0.9921875 0.99375 0.6703125000000001 0 0.6703125000000001 0 0.9921875
5 0.99378125 0.0015972222222222223 0.59846875 0.0015972222222222223 0.59846875 0.6703472222222222 0.99378125 0.6703472222222222 0.99378125 0.0015972222222222223
2 0.49528125 0.41659722222222223 0.40259375000000003 0.41659722222222223 0.40259375000000003 0.528125 0.49528125 0.528125 0.49528125 0.41659722222222223
7 0.2890625 0.3218402777777778 0.2109375 0.3218402777777778 0.2109375 0.3984375 0.2890625 0.3984375 0.2890625 0.3218402777777778
7 0.3890625 0.3219097222222222 0.3109375 0.3219097222222222 0.3109375 0.4000347222222222 0.3890625 0.4000347222222222 0.3890625 0.3219097222222222
7 0.48753124999999997 0.3218402777777778 0.41096875 0.3218402777777778 0.41096875 0.3984375 0.48753124999999997 0.3984375 0.48753124999999997 0.3218402777777778
5 0.59065625 0.007777777777777778 0.20784375000000002 0.007777777777777778 0.20784375000000002 0.21875 0.59065625 0.21875 0.59065625 0.007777777777777778
1 0.1890625 0.0015625 0.0046875 0.0015625 0.0046875 0.10468749999999999 0.1890625 0.10468749999999999 0.1890625 0.0015625
6 0.19928125000000002 0.203125 0.09771875 0.203125 0.09771875 0.303125 0.19928125000000002 0.303125 0.19928125000000002 0.203125
6 0.0921875 0.30781250000000004 0.0078125 0.30781250000000004 0.0078125 0.4156597222222222 0.0921875 0.4156597222222222 0.0921875 0.30781250000000004