0 0.1078125 0.5531250000000001 0.109375 0.5546875 0.2984375 0.5546875 0.3015625 0.5578125 0.3015625 0.7 0.3 0.7015625000000001 0.3 0.7078125 0.3015625 0.7093750000000001 0.3015625 0.76875 0.3 0.7703125 0.3015625 0.7718750000000001 0.3015625 0.7734375 0.303125 0.7749999999999999 0.3046875 0.7749999999999999 0.3078125 0.778125 0.309375 0.778125 0.3109375 0.7796875000000001 0.5921875 0.7796875000000001 0.59375 0.778125 0.6 0.778125 0.6015625 0.7796875000000001 0.64375 0.7796875000000001 0.6453125 0.778125 0.6875 0.778125 0.6890625 0.7796875000000001 0.70625 0.7796875000000001 0.70625 0.5640624999999999 0.7046875 0.5640624999999999 0.703125 0.5625 0.703125 0.5609375000000001 0.7015625 0.559375 0.7015625 0.5578125 0.696875 0.5531250000000001 0.6953125 0.5546875 0.6921875 0.5546875 0.690625 0.5562499999999999 0.6640625 0.5562499999999999 0.6625 0.5546875 0.6453125 0.5546875 0.64375 0.5531250000000001 0.6109375 0.5531250000000001 0.609375 0.5515625 0.5984375 0.5515625 0.596875 0.55 0.5828125 0.55 0.58125 0.5515625 0.55625 0.5515625 0.5546875 0.55 0.525 0.55 0.5234375 0.5484374999999999 0.5171875 0.5484374999999999 0.515625 0.546875 0.515625 0.5453125000000001 0.5171875 0.54375 0.521875 0.54375 0.5234375 0.5421875 0.525 0.5421875 0.5265625 0.5406249999999999 0.528125 0.5406249999999999 0.528125 0.5375000000000001 0.5234375 0.5328124999999999 0.521875 0.5328124999999999 0.5203125 0.53125 0.51875 0.53125 0.5140625 0.5265625 0.5140625 0.5203125 0.5125 0.51875 0.5125 0.5140625000000001 0.5109375 0.5125 0.5109375 0.5109375 0.509375 0.5093749999999999 0.509375 0.5062500000000001 0.5078125 0.5046875 0.5078125 0.49843750000000003 0.50625 0.49687499999999996 0.50625 0.41874999999999996 0.5046875 0.41718750000000004 0.5046875 0.4 0.503125 0.3984375 0.503125 0.38593750000000004 0.5015625 0.384375 0.5015625 0.37812500000000004 0.5 0.3765625 0.5 0.36406249999999996 0.5015625 0.36250000000000004 0.5015625 0.3609375 0.503125 0.359375 0.503125 0.3578125 0.5046875 0.35624999999999996 0.5046875 0.35 0.503125 0.34843749999999996 0.503125 0.3453125 0.5046875 0.34375 0.5046875 0.3421875 0.50625 0.34062499999999996 0.5046875 0.33906250000000004 0.5046875 0.3375 0.5015625 0.3375 0.5 0.3359375 0.496875 0.3359375 0.4953125 0.334375 0.49375 0.334375 0.4921875 0.33281249999999996 0.1046875 0.33281249999999996 0.1046875 0.55 0.10625 0.5515625 0.10625 0.5531250000000001 0.1078125 0.5531250000000001
2 0.5078125 0.415625 0.5078125 0.528125 0.5875 0.528125 0.5875 0.415625 0.5078125 0.415625
5 0.59375 0.8875 0.5953125 0.8890625000000001 0.5953125 0.890625 0.596875 0.8921874999999999 0.596875 0.8937499999999999 0.5984375 0.8953125000000001 0.5984375 0.8999999999999999 0.596875 0.9015624999999999 0.596875 0.9437500000000001 0.5953125 0.9453125 0.5953125 0.96875 0.596875 0.9703124999999999 0.596875 0.9718749999999999 0.5953125 0.9734375000000001 0.5953125 0.9781249999999999 0.596875 0.9796874999999999 0.596875 0.9874999999999999 0.5984375 0.9890625000000001 0.5984375 0.9906250000000001 0.6 0.9921875 0.603125 0.9921875 0.6046875 0.9930555555555556 0.60625 0.9930555555555556 0.6078125 0.9921875 0.6328125 0.9921875 0.634375 0.9930555555555556 0.646875 0.9930555555555556 0.6484375 0.9930555555555556 0.65 0.9930555555555556 0.6515625 0.9930555555555556 0.6546875 0.9930555555555556 0.65625 0.9930555555555556 0.6625 0.9930555555555556 0.6640625 0.9930555555555556 0.6890625 0.9930555555555556 0.690625 0.9930555555555556 0.6921875 0.9930555555555556 0.69375 0.9930555555555556 0.6984375 0.9930555555555556 0.6984375 0.7796875000000001 0.10625 0.7796875000000001 0.10625 0.8859375 0.590625 0.8859375 0.5921875 0.8875 0.59375 0.8875
10 0.10934375 0.3297222222222222 0.89528125 0.3297222222222222 0.89528125 0.2797222222222222 0.10934375 0.2797222222222222 0.10934375 0.3297222222222222
0 0.303125 0.10940972222222223 0.7 0.10940972222222223 0.7 0.0015625 0.303125 0.0015625 0.303125 0.10940972222222223
5 0.00621875 0.3327777777777778 0.09840625 0.3327777777777778 0.09840625 0.0015277777777777779 0.00621875 0.0015277777777777779 0.00621875 0.3327777777777778
5 0.00625 0.9930902777777777 0.1 0.9930902777777777 0.1 0.3344097222222222 0.00625 0.3344097222222222 0.00625 0.9930902777777777
0 0.7015625 0.9930902777777777 0.9046875 0.9930902777777777 0.9046875 0.7796875000000001 0.7015625 0.7796875000000001 0.7015625 0.9930902777777777
5 0.90465625 0.9930902777777777 0.99684375 0.9930902777777777 0.99684375 0.7796875000000001 0.90465625 0.7796875000000001 0.90465625 0.9930902777777777
0 0.90075 0.5546875 0.997625 0.5546875 0.997625 0.3343402777777778 0.90075 0.3343402777777778 0.90075 0.5546875
1 0.903125 0.3280902777777778 0.996875 0.3280902777777778 0.996875 0.22343749999999998 0.903125 0.22343749999999998 0.903125 0.3280902777777778