10 0.4665 0.5580208333333334 0.5625 0.5580208333333334 0.5625 0.4439236111111111 0.4665 0.4439236111111111 0.4665 0.5580208333333334
7 0.4515625 0.28593749999999996 0.4515625 0.21250000000000002 0.3734375 0.21250000000000002 0.3734375 0.28593749999999996 0.4515625 0.28593749999999996
6 0.8609375 0.746875 0.8609375 0.6421874999999999 0.765625 0.6421874999999999 0.765625 0.746875 0.8609375 0.746875
5 0.1625 0.22968750000000002 0.1625 0.321875 0.1640625 0.32343750000000004 0.1640625 0.33125000000000004 0.1625 0.33281249999999996 0.1625 0.3359375 0.1640625 0.3375 0.1640625 0.33906250000000004 0.1625 0.34062499999999996 0.1625 0.4359375 0.1640625 0.4375 0.1640625 0.4390625 0.38125 0.4390625 0.3828125 0.4375 0.4125 0.4375 0.4140625 0.4359375 0.4171875 0.4359375 0.4203125 0.43281250000000004 0.421875 0.43281250000000004 0.425 0.4296875 0.4265625 0.4296875 0.428125 0.428125 0.4296875 0.428125 0.4328125 0.42500000000000004 0.4375 0.42500000000000004 0.4390625 0.4234375 0.44375 0.4234375 0.4453125 0.421875 0.4609375 0.421875 0.4625 0.4234375 0.465625 0.4234375 0.4671875 0.42500000000000004 0.46875 0.42500000000000004 0.4703125 0.42656249999999996 0.471875 0.42656249999999996 0.4828125 0.4375 0.4875 0.4375 0.4890625 0.4390625 0.4953125 0.4390625 0.496875 0.4375 0.5 0.4375 0.5015625 0.4359375 0.5046875 0.4359375 0.50625 0.4375 0.5203125 0.4375 0.521875 0.4390625 0.559375 0.4390625 0.5609375 0.4375 0.5640625 0.4375 0.565625 0.4359375 0.565625 0.390625 0.5640625 0.3890625 0.5640625 0.37812500000000004 0.5625 0.3765625 0.5625 0.3375 0.5640625 0.3359375 0.5640625 0.3109375 0.565625 0.30937499999999996 0.565625 0.22499999999999998 0.4671875 0.22499999999999998 0.465625 0.2265625 0.4640625 0.2265625 0.4640625 0.22968750000000002 0.4625 0.23124999999999998 0.4625 0.328125 0.4609375 0.3296875 0.4609375 0.33281249999999996 0.459375 0.334375 0.4578125 0.334375 0.45625 0.3359375 0.4296875 0.3359375 0.428125 0.334375 0.4 0.334375 0.3984375 0.33281249999999996 0.378125 0.33281249999999996 0.3765625 0.33125000000000004 0.371875 0.33125000000000004 0.3703125 0.33281249999999996 0.34375 0.33281249999999996 0.3421875 0.334375 0.3078125 0.334375 0.30625 0.3359375 0.2890625 0.3359375 0.2875 0.3375 0.2703125 0.3375 0.26875 0.3359375 0.2640625 0.3359375 0.2625 0.334375 0.2625 0.33281249999999996 0.2609375 0.33125000000000004 0.2609375 0.24062499999999998 0.259375 0.23906249999999998 0.259375 0.23281249999999998 0.2578125 0.23124999999999998 0.2578125 0.22968750000000002 0.253125 0.22499999999999998 0.1640625 0.22499999999999998 0.1640625 0.22812500000000002 0.1625 0.22968750000000002
5 0.659375 0.9930555555555556 0.659375 0.8921874999999999 0.5625 0.8921874999999999 0.5625 0.9930555555555556 0.659375 0.9930555555555556
8 0.959375 0.3296875 0.9609375 0.328125 0.9609375 0.22499999999999998 0.865625 0.22499999999999998 0.865625 0.3296875 0.959375 0.3296875
5 0.5625 0.10625000000000001 0.5625 0.009375000000000001 0.00625 0.009375000000000001 0.00625 0.10625000000000001 0.5625 0.10625000000000001
5 0.059375 0.3296875 0.059375 0.2265625 0.0015625 0.2265625 0.0015625 0.3296875 0.059375 0.3296875
5 0.665625 0.1078125 0.990625 0.1078125 0.9921875 0.10625000000000001 0.99375 0.10625000000000001 0.99375 0.0078125 0.57589375 0.0074375 0.5736625 0.052083333333333336 0.6607125 0.05704166666666667 0.665625 0.1078125
5 0.5738749999999999 0.44059027777777776 0.6645 0.44059027777777776 0.6645 0.050798611111111114 0.5738749999999999 0.050798611111111114 0.5738749999999999 0.44059027777777776
2 0.4953125 0.5209583333333333 0.4953125 0.41783333333333333 0.4046875 0.41783333333333333 0.4046875 0.5209583333333333 0.4953125 0.5209583333333333
5 0.55359375 1 0.55359375 0.8928819444444444 0.46878125 0.8928819444444444 0.46878125 1 0.55359375 1
5 0 0.9930555555555556 0.3638375 0.9930555555555556 0.36606875 0.7787708333333333 0.5580375 0.7787708333333333 0.56026875 0.6696458333333334 0.265625 0.6671597222222222 0.2611625 0.8878958333333333 0.00669375 0.8978194444444445 0 0.9930555555555556
10 0 0.44145833333333334 0.06475 0.44145833333333334 0.06475 0.33479166666666665 0 0.33479166666666665 0 0.44145833333333334
10 0.06921875 0.5530902777777778 0.15628124999999998 0.5530902777777778 0.15628124999999998 0.44399305555555557 0.06921875 0.44399305555555557 0.06921875 0.5530902777777778
10 0.00003125 0.6721180555555555 0.053593749999999996 0.6721180555555555 0.053593749999999996 0.5605208333333334 0.00003125 0.5605208333333334 0.00003125 0.6721180555555555
10 0.05803125 0.7688541666666667 0.15621875000000002 0.7688541666666667 0.15621875000000002 0.6721180555555555 0.05803125 0.6721180555555555 0.05803125 0.7688541666666667
10 0.00003125 0.8903819444444445 0.053593749999999996 0.8903819444444445 0.053593749999999996 0.7787847222222222 0.00003125 0.7787847222222222 0.00003125 0.8903819444444445
10 0.3660625 0.9999652777777778 0.46206250000000004 0.9999652777777778 0.46206250000000004 0.8978125 0.3660625 0.8978125 0.3660625 0.9999652777777778
10 0.46875 0.6647222222222222 0.5625 0.6647222222222222 0.5625 0.5580555555555555 0.46875 0.5580555555555555 0.46875 0.6647222222222222