1 0.48659375000000005 0.3794791666666667 0.41965624999999995 0.3794791666666667 0.41965624999999995 0.4588541666666667 0.48659375000000005 0.4588541666666667 0.48659375000000005 0.3794791666666667
1 0.4890625 0.24843749999999998 0.4890625 0.1640625 0.4140625 0.1640625 0.4140625 0.24843749999999998 0.4890625 0.24843749999999998
5 0.603125 0 0.603125 0.5890625 0.796875 0.5890625 0.796875 0 0.603125 0
2 0.5078125 0.5234375 0.509375 0.5249999999999999 0.590625 0.5249999999999999 0.590625 0.421875 0.5078125 0.421875 0.5078125 0.5234375
6 0.6046875 0.79375 0.6046875 0.8984375 0.609375 0.8984375 0.6109375 0.8999999999999999 0.6953125 0.8999999999999999 0.6953125 0.79375 0.6046875 0.79375
6 0.8078125 0.12187500000000001 0.809375 0.12343749999999999 0.8953125 0.12343749999999999 0.8953125 0.0171875 0.8078125 0.0171875 0.8078125 0.12187500000000001
6 0.49375 0.34687500000000004 0.49375 0.24062499999999998 0.4078125 0.24062499999999998 0.4078125 0.34687500000000004 0.49375 0.34687500000000004
5 0.996875 0.9930555555555556 0.996875 0.9296875 0.396875 0.9296875 0.396875 0.9930555555555556 0.996875 0.9930555555555556
5 0.403125 0.9765625 0.403125 0.9671875000000001 0.4015625 0.9656250000000001 0.4015625 0.9281250000000001 0.403125 0.9265625000000001 0.403125 0.9093749999999999 0.4015625 0.9078124999999999 0.4015625 0.8812500000000001 0.403125 0.8796875 0.403125 0.8187500000000001 0.4046875 0.8171875 0.4046875 0.7828124999999999 0.403125 0.78125 0.403125 0.76875 0.4046875 0.7671874999999999 0.4046875 0.7390625 0.403125 0.7375 0.403125 0.5953124999999999 0.4015625 0.59375 0.4015625 0.5796874999999999 0.403125 0.578125 0.403125 0.5765625000000001 0.4015625 0.575 0.4015625 0.5421875 0.4 0.5406249999999999 0.4 0.5062500000000001 0.4015625 0.5046875 0.4015625 0.35624999999999996 0.403125 0.35468750000000004 0.403125 0.34843749999999996 0.4015625 0.34687500000000004 0.4015625 0.24375000000000002 0.403125 0.2421875 0.403125 0.1296875 0.4046875 0.128125 0.4046875 0.00625 0.0078125 0.00625 0.0078125 0.9906250000000001 0.403125 0.9906250000000001 0.403125 0.9812500000000001 0.4046875 0.9796874999999999 0.4046875 0.9781249999999999 0.403125 0.9765625
6 0.49371875000000004 0.46340277777777783 0.40778125000000004 0.46340277777777783 0.40778125000000004 0.5703472222222222 0.49371875000000004 0.5703472222222222 0.49371875000000004 0.46340277777777783
6 0.49215625 0.013958333333333331 0.40934375 0.013958333333333331 0.40934375 0.12340277777777778 0.49215625 0.12340277777777778 0.49215625 0.013958333333333331