5 0.9 0.7749999999999999 0.9 0.5562499999999999 0.6984375 0.5562499999999999 0.6984375 0.590625 0.7 0.5921875000000001 0.7 0.690625 0.6984375 0.6921875 0.6984375 0.7749999999999999 0.9 0.7749999999999999
5 0.096875 0.5562499999999999 0.096875 0.7734375 0.0984375 0.7734375 0.1 0.7749999999999999 0.2984375 0.7749999999999999 0.2984375 0.5562499999999999 0.096875 0.5562499999999999
5 0.89375 0.215625 0.89375 0.0015625 0.8015625 0.0015625 0.8015625 0.215625 0.89375 0.215625
6 0.865625 0.4359375 0.865625 0.334375 0.7875 0.334375 0.7890625 0.3359375 0.7890625 0.41718750000000004 0.7875 0.41874999999999996 0.7875 0.43281250000000004 0.790625 0.4359375 0.865625 0.4359375
5 0.303125 0.21718749999999998 0.30625 0.22031250000000002 0.39375 0.22031250000000002 0.39375 0.0015625 0.303125 0.0015625 0.303125 0.21718749999999998
2 0.59375 0.528125 0.59375 0.41874999999999996 0.503125 0.41874999999999996 0.503125 0.528125 0.59375 0.528125
5 0.6078125 0 0.6078125 0.1109375 0.8 0.1109375 0.8 0 0.6078125 0
6 0.6875 0.528125 0.6875 0.43281250000000004 0.609375 0.43281250000000004 0.609375 0.528125 0.6875 0.528125
5 0.8015625 0.215625 0.8015625 0.11875000000000001 0.5890625 0.11875000000000001 0.5890625 0.215625 0.8015625 0.215625
5 0.4890625 0.21875 0.4890625 0.12031249999999999 0.396875 0.12031249999999999 0.396875 0.21875 0.4890625 0.21875
8 0.3828125 0.7718750000000001 0.384375 0.7734375 0.615625 0.7734375 0.615625 0.6703125000000001 0.3828125 0.6703125000000001 0.3828125 0.7718750000000001
5 0.3046875 0.21875 0.3046875 0.12187500000000001 0.00625 0.12187500000000001 0.00625 0.21875 0.3046875 0.21875
5 0.303125 0.11562499999999999 0.303125 0.0015625 0.1046875 0.0015625 0.1046875 0.11562499999999999 0.303125 0.11562499999999999
9 0.5890625 0.22343749999999998 0.5890625 0.12343749999999999 0.490625 0.12343749999999999 0.490625 0.22343749999999998 0.5890625 0.22343749999999998
6 0.315625 0.3046875 0.3171875 0.30625 0.3875 0.30625 0.3875 0.1953125 0.309375 0.1953125 0.309375 0.29374999999999996 0.3109375 0.2953125 0.3109375 0.303125 0.3125 0.303125 0.3140625 0.3046875 0.315625 0.3046875
6 0.5046875 0.08124999999999999 0.50625 0.08281250000000001 0.5953125 0.08281250000000001 0.5953125 0.0015625 0.5046875 0.0015625 0.5046875 0.08124999999999999
5 0.8984375 0 0.8984375 0.004687500000000001 0.896875 0.00625 0.896875 0.11562499999999999 0.8953125 0.1171875 0.8953125 0.190625 0.896875 0.1921875 0.896875 0.22499999999999998 0.8984375 0.2265625 0.8984375 0.2734375 0.9 0.275 0.9 0.3109375 0.8984375 0.3125 0.8984375 0.32343750000000004 0.896875 0.32499999999999996 0.896875 0.35 0.8953125 0.3515625 0.8953125 0.5359375 0.896875 0.5375000000000001 0.896875 0.5546875 0.8984375 0.5562499999999999 0.8984375 0.5625 0.9 0.5640624999999999 0.9 0.578125 0.9015625 0.5796874999999999 0.9015625 0.7109375 0.9 0.7124999999999999 0.9 0.7546875 0.9015625 0.7562500000000001 0.9015625 0.7765625 0.8984375 0.7796875000000001 0.896875 0.7796875000000001 0.8953125 0.78125 0.8734375 0.78125 0.871875 0.7796875000000001 0.8375 0.7796875000000001 0.8359375 0.778125 0.7375 0.778125 0.7359375 0.7765625 0.7171875 0.7765625 0.715625 0.778125 0.703125 0.778125 0.7015625 0.7765625 0.5109375 0.7765625 0.509375 0.7749999999999999 0.4546875 0.7749999999999999 0.453125 0.7765625 0.440625 0.7765625 0.4390625 0.7749999999999999 0.3765625 0.7749999999999999 0.375 0.7765625 0.10625 0.7765625 0.1046875 0.778125 0.103125 0.7765625 0.0875 0.7765625 0.0859375 0.778125 0.0453125 0.778125 0.04375 0.7796875000000001 0.00625 0.7796875000000001 0.00625 0.9930555555555556 1 0.9930555555555556 1 0 0.8984375 0