9 0.128125 0.21875 0.128125 0.12187500000000001 0.034375 0.12187500000000001 0.034375 0.22031250000000002 0.125 0.22031250000000002 0.1265625 0.21875 0.128125 0.21875
6 0.121875 0.078125 0.121875 0.0015625 0.03125 0.0015625 0.03125 0.078125 0.121875 0.078125
8 0.240625 0.7734375 0.240625 0.675 0.0078125 0.675 0.0078125 0.7734375 0.240625 0.7734375
5 0.321875 0.21718749999999998 0.321875 0.0015625 0.23125 0.0015625 0.23125 0.21718749999999998 0.321875 0.21718749999999998
5 0.521875 0.109375 0.521875 0.0015625 0.3265625 0.0015625 0.3265625 0.109375 0.521875 0.109375
2 0.4890625 0.5218750000000001 0.4890625 0.421875 0.4078125 0.421875 0.4078125 0.5218750000000001 0.4890625 0.5218750000000001
5 0.221875 0.21718749999999998 0.225 0.21718749999999998 0.2265625 0.215625 0.2265625 0.12031249999999999 0.1328125 0.12031249999999999 0.1328125 0.21875 0.2203125 0.21875 0.221875 0.21718749999999998
5 0.721875 0.22031250000000002 0.721875 0.12343749999999999 0.3265625 0.12343749999999999 0.3265625 0.21875 0.33125 0.21875 0.3328125 0.22031250000000002 0.721875 0.22031250000000002
6 0.9171875 0.190625 0.9171875 0.08906249999999999 0.8328125 0.08906249999999999 0.8328125 0.190625 0.9171875 0.190625
5 0.821875 0.21718749999999998 0.821875 0.11562499999999999 0.7296875 0.11562499999999999 0.7296875 0.21718749999999998 0.821875 0.21718749999999998
5 0.99375 0.21875 0.99375 0.11562499999999999 0.928125 0.11562499999999999 0.928125 0.21875 0.99375 0.21875
5 0.99375 0.7749999999999999 0.99375 0.5578125 0.9234375 0.5578125 0.9234375 0.7749999999999999 0.99375 0.7749999999999999
5 0.528125 0.7734375 0.528125 0.559375 0.325 0.559375 0.325 0.7734375 0.528125 0.7734375
6 0.8109375 0.5234375 0.815625 0.5234375 0.8171875 0.5218750000000001 0.8171875 0.4203125 0.734375 0.4203125 0.734375 0.5249999999999999 0.809375 0.5249999999999999 0.8109375 0.5234375
5 0.0296875 0.21875 0.0296875 0.12031249999999999 0.0015625 0.12031249999999999 0.0015625 0.21875 0.0296875 0.21875
5 0.0109375 0.11406250000000001 0.0109375 0.004687500000000001 0.0015625 0.004687500000000001 0.0015625 0.11406250000000001 0.0109375 0.11406250000000001
5 1 0.77875 0 0.77875 0 1 1 1 1 0.77875
6 0.21875 0.42906249999999996 0.330375 0.42906249999999996 0.330375 0.3026041666666667 0.21875 0.3026041666666667 0.21875 0.42906249999999996