2 0.59375 0.5203125 0.59375 0.4296875 0.5109375 0.4296875 0.5109375 0.5203125 0.59375 0.5203125
1 0.9203125 0.7703125 0.9203125 0.6703125000000001 0.8265625 0.6703125000000001 0.8265625 0.7703125 0.9203125 0.7703125
6 0.3328125 0.3109375 0.3328125 0.41093749999999996 0.334375 0.4125 0.334375 0.4140625 0.4140625 0.4140625 0.4140625 0.3109375 0.3328125 0.3109375
5 0.3890625 0.09843750000000001 0.3890625 0.0015625 0.0578125 0.0015625 0.0578125 0.09843750000000001 0.3890625 0.09843750000000001
5 0.790625 0.09843750000000001 0.790625 0.0015625 0.4578125 0.0015625 0.4578125 0.09843750000000001 0.790625 0.09843750000000001
5 0.99375 0.1 0.99375 0.0015625 0.85625 0.0015625 0.85625 0.1 0.99375 0.1
5 0.996875 0.7703125 0.996875 0.6812499999999999 0.9328125 0.6812499999999999 0.9328125 0.7703125 0.996875 0.7703125
6 0.6203125 0.3140972222222222 0.5265625 0.3140972222222222 0.5265625 0.40937500000000004 0.6203125 0.40937500000000004 0.6203125 0.3140972222222222
5 0.8203125 0.6765972222222223 0.0296875 0.6765972222222223 0.0296875 0.7718750000000001 0.8203125 0.7718750000000001 0.8203125 0.6765972222222223
5 0.99528125 0.7843402777777777 0.44371875000000005 0.7843402777777777 0.44371875000000005 0.9930208333333334 0.99528125 0.9930208333333334 0.99528125 0.7843402777777777
5 0.3984375 0.9930555555555556 0.3984375 0.78125 0.0515625 0.78125 0.0515625 0.9930555555555556 0.3984375 0.9930555555555556