5 0.559375 0.2421875 0.5578125 0.24375000000000002 0.5546875 0.24375000000000002 0.553125 0.24531250000000002 0.5515625 0.24531250000000002 0.546875 0.25 0.54375 0.25 0.5421875 0.2515625 0.540625 0.2515625 0.5375 0.25468749999999996 0.5359375 0.25468749999999996 0.534375 0.25625 0.5328125 0.25625 0.53125 0.2578125 0.5296875 0.2578125 0.5265625 0.26093750000000004 0.525 0.26093750000000004 0.5234375 0.26249999999999996 0.5203125 0.26249999999999996 0.5171875 0.265625 0.515625 0.265625 0.5140625 0.2671875 0.5125 0.2671875 0.5109375 0.26875000000000004 0.50625 0.26875000000000004 0.5046875 0.27031249999999996 0.5046875 0.48593749999999997 0.50625 0.48593749999999997 0.5078125 0.48750000000000004 0.5109375 0.48750000000000004 0.5125 0.48906249999999996 0.5140625 0.48906249999999996 0.515625 0.49062500000000003 0.5171875 0.49062500000000003 0.51875 0.4921875 0.521875 0.4921875 0.5265625 0.49687499999999996 0.5265625 0.49843750000000003 0.5296875 0.5015624999999999 0.5296875 0.5062500000000001 0.53125 0.5078125 0.53125 0.6078125000000001 0.5296875 0.609375 0.5296875 0.6468750000000001 0.53125 0.6484375 0.53125 0.6515625 0.534375 0.6546875000000001 0.54375 0.6546875000000001 0.5453125 0.65625 0.5546875 0.65625 0.55625 0.6578124999999999 0.5609375 0.6578124999999999 0.5625 0.659375 0.7046875 0.659375 0.7046875 0.6343749999999999 0.703125 0.6328125 0.703125 0.6015625 0.7015625 0.6000000000000001 0.7015625 0.5796874999999999 0.703125 0.578125 0.703125 0.565625 0.7046875 0.5640624999999999 0.7046875 0.5625 0.709375 0.5578125 0.7125 0.5578125 0.7140625 0.5562499999999999 0.7234375 0.5562499999999999 0.725 0.5578125 0.7296875 0.5578125 0.73125 0.559375 0.7375 0.559375 0.7390625 0.5578125 0.7421875 0.5578125 0.74375 0.559375 0.7625 0.559375 0.7640625 0.5609375000000001 0.7671875 0.5609375000000001 0.76875 0.559375 0.778125 0.559375 0.7796875 0.5578125 0.7828125 0.5578125 0.784375 0.5562499999999999 0.790625 0.5562499999999999 0.7921875 0.5578125 0.7921875 0.559375 0.79375 0.5609375000000001 0.79375 0.5625 0.7953125 0.5640624999999999 0.7953125 0.5687500000000001 0.796875 0.5703125 0.796875 0.575 0.7984375 0.5765625000000001 0.7984375 0.5953124999999999 0.796875 0.596875 0.796875 0.6015625 0.7953125 0.6031249999999999 0.7953125 0.6578124999999999 0.796875 0.659375 0.99375 0.659375 0.99375 0.22343749999999998 0.59375 0.22343749999999998 0.5921875 0.22499999999999998 0.5890625 0.22499999999999998 0.5875 0.2265625 0.5859375 0.2265625 0.58125 0.23124999999999998 0.578125 0.23124999999999998 0.5734375 0.23593750000000002 0.571875 0.23593750000000002 0.5703125 0.23750000000000002 0.565625 0.23750000000000002 0.5609375 0.2421875 0.559375 0.2421875
4 0 0.9468749999999999 0.078125 0.9468749999999999 0.0796875 0.9484374999999999 0.1 0.9484374999999999 0.1015625 0.9468749999999999 0.178125 0.9468749999999999 0.1796875 0.9484374999999999 0.1953125 0.9484374999999999 0.196875 0.9468749999999999 0.215625 0.9468749999999999 0.2171875 0.9453125 0.2234375 0.9453125 0.225 0.9437500000000001 0.2453125 0.9437500000000001 0.2484375 0.9468749999999999 0.2484375 0.9500000000000001 0.25 0.9515625000000001 0.25 0.9930555555555556 0.3 0.9930555555555556 0.3 0.8953125000000001 0.3015625 0.8937499999999999 0.3015625 0.8859375 0 0.8859375 0 0.9468749999999999
1 0.90003125 0.7796875000000001 0.80159375 0.7796875000000001 0.80159375 0.8843402777777778 0.90003125 0.8843402777777778 0.90003125 0.7796875000000001
5 0.99375 0.7922222222222222 0.9043749999999999 0.7922222222222222 0.9043749999999999 0.8812500000000001 0.99375 0.8812500000000001 0.99375 0.7922222222222222
5 0.79378125 0.7890277777777778 0.50471875 0.7890277777777778 0.50471875 0.8812500000000001 0.79378125 0.8812500000000001 0.79378125 0.7890277777777778
5 0.19534374999999998 0.34375 0.00315625 0.34375 0.00315625 0.4375 0.19534374999999998 0.4375 0.19534374999999998 0.34375
1 0.30153125 0.3297222222222222 0.19946875 0.3297222222222222 0.19946875 0.44222222222222224 0.30153125 0.44222222222222224 0.30153125 0.3297222222222222
8 0.78596875 0.5624652777777778 0.71253125 0.5624652777777778 0.71253125 0.6593402777777777 0.78596875 0.6593402777777777 0.78596875 0.5624652777777778
6 0.496875 0.5217013888888888 0.4 0.5217013888888888 0.4 0.6296875 0.496875 0.6296875 0.496875 0.5217013888888888
2 0.49378124999999995 0.4140625 0.40471874999999996 0.4140625 0.40471874999999996 0.5296875000000001 0.49378124999999995 0.5296875000000001 0.49378124999999995 0.4140625
0 0.25165625 1 0.25165625 0.9484722222222223 0.00309375 0.9484722222222223 0.00309375 1 0.25165625 1