5 0.646875 0.221875 0.6484375 0.22031250000000002 0.675 0.22031250000000002 0.6765625 0.21875 0.6921875 0.21875 0.69375 0.22031250000000002 0.696875 0.22031250000000002 0.7 0.21718749999999998 0.7 0.11562499999999999 0.10625 0.11562499999999999 0.10625 0.221875 0.646875 0.221875
5 0.296875 0.8859375 0.296875 0.7859375 0.1046875 0.7859375 0.1046875 0.8859375 0.296875 0.8859375
5 0.6953125 0.8859375 0.696875 0.8843749999999999 0.696875 0.784375 0.503125 0.784375 0.503125 0.8859375 0.6953125 0.8859375
5 0.196875 0.778125 0.196875 0.34375 0.1046875 0.34375 0.1046875 0.778125 0.196875 0.778125
8 0.5171875 0.9930555555555556 0.5171875 0.8953125000000001 0.2828125 0.8953125000000001 0.2828125 0.9930555555555556 0.5171875 0.9930555555555556
5 0.8015625 0.9930555555555556 0.8015625 0.784375 0.7046875 0.784375 0.7046875 0.9930555555555556 0.8015625 0.9930555555555556
5 0.09375 0.32343750000000004 0.0953125 0.321875 0.096875 0.321875 0.096875 0.11406250000000001 0.0015625 0.11406250000000001 0.0015625 0.32343750000000004 0.09375 0.32343750000000004
5 0.7984375 0.3265625 0.8 0.32499999999999996 0.8 0.1109375 0.7046875 0.1109375 0.7046875 0.3265625 0.7984375 0.3265625
5 0.0921875 0.9921875 0.09375 0.9906250000000001 0.09375 0.7875000000000001 0.0015625 0.7875000000000001 0.0015625 0.9921875 0.0921875 0.9921875
5 0.2984375 0.4390625 0.2984375 0.33906250000000004 0.203125 0.33906250000000004 0.203125 0.4390625 0.2984375 0.4390625
5 0 0.11656944444444445 0.7828125 0.1109375 0.784375 0.109375 0.7921875 0.109375 0.79375 0.1109375 0.7953125 0.1109375 0.7984375 0.11406250000000001 0.7984375 0.11562499999999999 0.8 0.1171875 0.8 0.1765625 0.8015625 0.17812499999999998 0.8015625 0.18593749999999998 0.8 0.1875 0.8 0.2421875 0.7984375 0.24375000000000002 0.7984375 0.26249999999999996 0.8 0.2640625 0.8 0.296875 0.7984375 0.2984375 0.7984375 0.328125 0.8 0.3296875 0.8 0.784375 0.8015625 0.7859375 0.8015625 0.8359375 0.8 0.8374999999999999 0.8 0.8421875000000001 0.8015625 0.84375 0.8015625 0.8484375 0.8 0.8500000000000001 0.8 0.9718749999999999 0.7984375 0.9734375000000001 0.7984375 0.9781249999999999 0.8 0.9796874999999999 0.8 0.9930555555555556 0.99375 0.9930555555555556 0.99375 0.0015625 0 0 0 0.11656944444444445
5 0.60315625 0.7861111111111111 0.70159375 0.7861111111111111 0.70159375 0.3375 0.60315625 0.3375 0.60315625 0.7861111111111111
6 0.20940625000000002 0.5203472222222223 0.29534375 0.5203472222222223 0.29534375 0.421875 0.20940625000000002 0.421875 0.20940625000000002 0.5203472222222223
2 0.40625 0.5218750000000001 0.49375 0.5218750000000001 0.49375 0.42659722222222224 0.40625 0.42659722222222224 0.40625 0.5218750000000001
8 0.39934375 0.6624652777777778 0.49778124999999995 0.6624652777777778 0.49778124999999995 0.5593402777777778 0.39934375 0.5593402777777778 0.39934375 0.6624652777777778
5 0.5066875 0.44145833333333334 0.6026875 0.44145833333333334 0.6026875 0.33479166666666665 0.5066875 0.33479166666666665 0.5066875 0.44145833333333334