5 0.325 0.22031250000000002 0.3515625 0.22031250000000002 0.353125 0.221875 0.89375 0.221875 0.89375 0.11562499999999999 0.3 0.11562499999999999 0.3 0.21718749999999998 0.303125 0.22031250000000002 0.30625 0.22031250000000002 0.3078125 0.21875 0.3234375 0.21875 0.325 0.22031250000000002
5 0.8953125 0.8859375 0.8953125 0.7859375 0.703125 0.7859375 0.703125 0.8859375 0.8953125 0.8859375
5 0.303125 0.8843749999999999 0.3046875 0.8859375 0.496875 0.8859375 0.496875 0.784375 0.303125 0.784375 0.303125 0.8843749999999999
5 0.8953125 0.778125 0.8953125 0.34375 0.803125 0.34375 0.803125 0.778125 0.8953125 0.778125
8 0.7171875 0.9930555555555556 0.7171875 0.8953125000000001 0.4828125 0.8953125000000001 0.4828125 0.9930555555555556 0.7171875 0.9930555555555556
5 0.2953125 0.9930555555555556 0.2953125 0.784375 0.1984375 0.784375 0.1984375 0.9930555555555556 0.2953125 0.9930555555555556
5 0.903125 0.11406250000000001 0.903125 0.321875 0.9046875 0.321875 0.90625 0.32343750000000004 0.9984375 0.32343750000000004 0.9984375 0.11406250000000001 0.903125 0.11406250000000001
5 0.2 0.32499999999999996 0.2015625 0.3265625 0.2953125 0.3265625 0.2953125 0.1109375 0.2 0.1109375 0.2 0.32499999999999996
5 0.90625 0.9906250000000001 0.9078125 0.9921875 0.9984375 0.9921875 0.9984375 0.7875000000000001 0.90625 0.7875000000000001 0.90625 0.9906250000000001
5 0.796875 0.4390625 0.796875 0.33906250000000004 0.7015625 0.33906250000000004 0.7015625 0.4390625 0.796875 0.4390625
5 1 0 0.00625 0.0015625 0.00625 0.9930555555555556 0.2 0.9930555555555556 0.2 0.9796874999999999 0.2015625 0.9781249999999999 0.2015625 0.9734375000000001 0.2 0.9718749999999999 0.2 0.8500000000000001 0.1984375 0.8484375 0.1984375 0.84375 0.2 0.8421875000000001 0.2 0.8374999999999999 0.1984375 0.8359375 0.1984375 0.7859375 0.2 0.784375 0.2 0.3296875 0.2015625 0.328125 0.2015625 0.2984375 0.2 0.296875 0.2 0.2640625 0.2015625 0.26249999999999996 0.2015625 0.24375000000000002 0.2 0.2421875 0.2 0.1875 0.1984375 0.18593749999999998 0.1984375 0.17812499999999998 0.2 0.1765625 0.2 0.1171875 0.2015625 0.11562499999999999 0.2015625 0.11406250000000001 0.2046875 0.1109375 0.20625 0.1109375 0.2078125 0.109375 0.215625 0.109375 0.2171875 0.1109375 1 0.11656944444444445 1 0
5 0.39684375 0.3375 0.29840625 0.3375 0.29840625 0.7861111111111111 0.39684375 0.7861111111111111 0.39684375 0.3375
6 0.79059375 0.421875 0.70465625 0.421875 0.70465625 0.5203472222222223 0.79059375 0.5203472222222223 0.79059375 0.421875
2 0.59375 0.42659722222222224 0.50625 0.42659722222222224 0.50625 0.5218750000000001 0.59375 0.5218750000000001 0.59375 0.42659722222222224
8 0.60065625 0.5593402777777778 0.50221875 0.5593402777777778 0.50221875 0.6624652777777778 0.60065625 0.6624652777777778 0.60065625 0.5593402777777778
5 0.49331250000000004 0.33479166666666665 0.3973125 0.33479166666666665 0.3973125 0.44145833333333334 0.49331250000000004 0.44145833333333334 0.49331250000000004 0.33479166666666665