6 0.3875 0.3578125 0.3875 0.2515625 0.315625 0.2515625 0.315625 0.3578125 0.3875 0.3578125
6 0.89375 0.36875 0.8046875 0.36875 0.8046875 0.4609375 0.80625 0.46249999999999997 0.80625 0.46406250000000004 0.8078125 0.46562499999999996 0.89375 0.46562499999999996 0.89375 0.36875
6 0.4921875 0.6921875 0.4921875 0.5859375 0.4125 0.5859375 0.4125 0.5921875000000001 0.4109375 0.59375 0.4109375 0.5953124999999999 0.409375 0.596875 0.409375 0.6921875 0.4921875 0.6921875
2 0.59375 0.5203125 0.59375 0.4296875 0.509375 0.4296875 0.509375 0.5203125 0.59375 0.5203125
5 0.3046875 0.4921875 0.30625 0.49374999999999997 0.390625 0.49374999999999997 0.3921875 0.4921875 0.3953125 0.4921875 0.3953125 0.39531249999999996 0.20625 0.39531249999999996 0.20625 0.4921875 0.2078125 0.4921875 0.209375 0.49374999999999997 0.2875 0.49374999999999997 0.2890625 0.4921875 0.3046875 0.4921875
5 0.4015625 0.1640625 0.4015625 0.17812499999999998 0.4 0.1796875 0.4 0.1875 0.4015625 0.18906250000000002 0.4015625 0.1921875 0.4 0.19374999999999998 0.4 0.26093750000000004 0.4015625 0.26249999999999996 0.4015625 0.2640625 0.4 0.265625 0.4 0.47500000000000003 0.4015625 0.4765625 0.4 0.47812499999999997 0.4 0.49062500000000003 0.4015625 0.4921875 0.4015625 0.49374999999999997 0.403125 0.49374999999999997 0.4046875 0.49531250000000004 0.40625 0.49531250000000004 0.4078125 0.49687499999999996 0.496875 0.49687499999999996 0.496875 0.1078125 0.4 0.1078125 0.4 0.140625 0.4015625 0.14218750000000002 0.4015625 0.1515625 0.4 0.153125 0.4 0.16249999999999998 0.4015625 0.1640625
8 0.8234375 0.9390624999999999 0.8234375 0.83125 0.5828125 0.83125 0.5828125 0.9390624999999999 0.8234375 0.9390624999999999
5 0.3859375 0.828125 0.3859375 0.73125 0.309375 0.73125 0.309375 0.828125 0.3859375 0.828125
5 0.00625 0 0.00625 0.9930555555555556 1 0.9930555555555556 0.9991687499999999 0.9437500000000001 0.73823125 0.9437500000000001 0.73666875 0.9453125 0.61323125 0.9453125 0.61166875 0.9468749999999999 0.60854375 0.9468749999999999 0.60698125 0.9453125 0.58198125 0.9453125 0.58041875 0.9437500000000001 0.57416875 0.9437500000000001 0.57260625 0.9453125 0.5710437500000001 0.9453125 0.56948125 0.9437500000000001 0.55073125 0.9437500000000001 0.54916875 0.9453125 0.51948125 0.9453125 0.51791875 0.9437500000000001 0.43979375000000004 0.9437500000000001 0.43823125 0.9453125 0.42104375000000005 0.9453125 0.41948125 0.9437500000000001 0.28198124999999996 0.9437500000000001 0.28041875 0.9453125 0.24291875 0.9453125 0.24135625 0.9437500000000001 0.23979374999999997 0.9453125 0.20541874999999998 0.9453125 0.20385625 0.9437500000000001 0.20229375 0.9437500000000001 0.20073124999999997 0.9421875000000001 0.19916875 0.9421875000000001 0.19760625 0.9406249999999999 0.19760625 0.9343750000000001 0.19916875 0.9328124999999999 0.19916875 0.5296875000000001 0.20073124999999997 0.528125 0.20073124999999997 0.5249999999999999 0.19916875 0.5234375 0.19916875 0.5218750000000001 0.20073124999999997 0.5203125 0.20073124999999997 0.5093749999999999 0.20385625 0.5062500000000001 0.20385625 0.503125 0.20541874999999998 0.5015624999999999 0.20385625 0.5 0.20385625 0.40625 0.20229375 0.4046875 0.20229375 0.390625 0.20073124999999997 0.3890625 0.20073124999999997 0.3765625 0.19916875 0.375 0.19916875 0.17343750000000002 0.20073124999999997 0.171875 0.20073124999999997 0.1609375 0.19916875 0.159375 0.19916875 0.0625 0.19760625 0.060937500000000006 0.19760625 0.056249999999999994 0.19916875 0.0546875 0.19916875 0.053125000000000006 0.20073124999999997 0.0515625 0.20385625 0.0515625 0.20541874999999998 0.05 0.30073125 0.05 0.30229374999999997 0.0515625 0.40385625 0.0515625 0.40541875000000005 0.053125000000000006 0.43510625 0.053125000000000006 0.43666875000000005 0.0515625 0.60073125 0.0515625 0.6022937500000001 0.05 0.60385625 0.05 0.60541875 0.0515625 0.61323125 0.0515625 0.61479375 0.05 0.61635625 0.05 0.6179187500000001 0.0515625 0.62729375 0.0515625 0.62885625 0.05 0.63041875 0.0515625 0.6804187500000001 0.0515625 0.68198125 0.053125000000000006 0.99448125 0.053125000000000006 0.9960437499999999 0.0515625 0.9991687499999999 0.0515625 1 0 0.00625 0
5 0.5025000000000001 0.1638888888888889 0.9991687499999999 0.1611111111111111 1 0.056479166666666664 0.19833125000000001 0.04814583333333333 0.2 0.16296527777777778 0.39916874999999996 0.16296527777777778 0.39833124999999997 0.10647916666666667 0.50083125 0.10833333333333334 0.5025000000000001 0.1638888888888889
5 0.2941875 0.8305208333333334 0.19918750000000002 0.8305208333333334 0.19918750000000002 0.9407291666666667 0.2941875 0.9407291666666667 0.2941875 0.8305208333333334
1 0.94665625 0.49444444444444446 0.80084375 0.49444444444444446 0.80084375 0.6166666666666667 0.94665625 0.6166666666666667 0.94665625 0.49444444444444446
1 0.9450312500000001 0.6167013888888889 0.80584375 0.6167013888888889 0.80584375 0.7176041666666666 0.9450312500000001 0.7176041666666666 0.9450312500000001 0.6167013888888889
1 0.74415625 0.29260416666666667 0.60496875 0.29260416666666667 0.60496875 0.38336805555555553 0.74415625 0.38336805555555553 0.74415625 0.29260416666666667
1 0.74915625 0.16947916666666668 0.60334375 0.16947916666666668 0.60334375 0.27871527777777777 0.74915625 0.27871527777777777 0.74915625 0.16947916666666668
1 0.99665625 0.16392361111111112 0.8508437499999999 0.16392361111111112 0.8508437499999999 0.27871527777777777 0.99665625 0.27871527777777777 0.99665625 0.16392361111111112
1 0.94253125 0.28427083333333336 0.79834375 0.28427083333333336 0.79834375 0.3823958333333333 0.94253125 0.3823958333333333 0.94253125 0.28427083333333336