2 0.596875 0.5218750000000001 0.596875 0.4234375 0.5046875 0.4234375 0.5046875 0.5218750000000001 0.596875 0.5218750000000001
6 0.2921875 0.8578125000000001 0.2921875 0.753125 0.209375 0.753125 0.209375 0.8578125000000001 0.2921875 0.8578125000000001
5 0.7 0.6484375 0.7 0.5734375 0.5015625 0.5734375 0.5015625 0.6484375 0.7 0.6484375
5 0.89375 0 0.89375 0.5531250000000001 0.996875 0.5531250000000001 0.996875 0 0.89375 0
5 0.493975 0.32995833333333335 0.493975 0.12214583333333333 0.300225 0.12214583333333333 0.300225 0.32995833333333335 0.493975 0.32995833333333335
5 0.80625 0 0.80625 0.5562499999999999 0.8859375 0.5562499999999999 0.8859375 0 0.80625 0
8 0.6984375 0.9930555555555556 0.6984375 0.890625 0.4984375 0.890625 0.4984375 0.9930555555555556 0.6984375 0.9930555555555556
5 1 0.5629930555555556 0.7098187499999999 0.5629930555555556 0.703125 0.6101180555555555 0.7924125 0.6051597222222223 0.8015625 0.659375 0.803125 0.6609375 0.996875 0.6609375 1 0.5629930555555556
5 0.109375 0.5580347222222222 0.10714375000000001 0.6026805555555556 0.19643125 0.6002013888888889 0.2015625 0.659375 0.49375 0.659375 0.49375 0.575 0.109375 0.5580347222222222
5 0.1890625 0.5625 0.1890625 0.0015625 0.1078125 0.0015625 0.1078125 0.5625 0.1890625 0.5625
5 0.69375 0.328125 0.69375 0.11875000000000001 0.5046875 0.11875000000000001 0.5046875 0.328125 0.69375 0.328125
5 0.1921875 0.8921874999999999 0.1921875 0.60625 0.109375 0.60625 0.109375 0.8921874999999999 0.1921875 0.8921874999999999
5 0.7969062499999999 0.60375 0.70471875 0.60375 0.70471875 0.9930555555555556 0.7969062499999999 0.9930555555555556 0.7969062499999999 0.60375
5 0.80309375 0.3421527777777778 0.70153125 0.3421527777777778 0.70153125 0.5531250000000001 0.80309375 0.5531250000000001 0.80309375 0.3421527777777778
5 0.49684375000000003 0.8933680555555557 0.10778125000000001 0.8933680555555557 0.10778125000000001 0.9930208333333334 0.49684375000000003 0.9930208333333334 0.49684375000000003 0.8933680555555557
5 0 0 0 1 0.10490625 1 0.10490625 0 0 0