5 0.8950875 0 0.9017875 0.7787708333333333 0.00625 0.7787708333333333 0.00625 0.9930555555555556 1 0.9930555555555556 0.99776875 0 0.8950875 0
6 0.50671875 0 0.50671875 0.0992013888888889 0.59153125 0.0992013888888889 0.59153125 0 0.50671875 0
9 0.58928125 0.12152777777777778 0.49109375 0.12152777777777778 0.49109375 0.22569444444444445 0.58928125 0.22569444444444445 0.58928125 0.12152777777777778
5 0.799125 0 0.799125 0.21822916666666667 0.895125 0.21822916666666667 0.895125 0 0.799125 0
5 0.80134375 0.1165625 0.58928125 0.1165625 0.58928125 0.2157986111111111 0.80134375 0.2157986111111111 0.80134375 0.1165625
5 0.4888125 0.11902777777777779 0.3950625 0.11902777777777779 0.3950625 0.22069444444444444 0.4888125 0.22069444444444444 0.4888125 0.11902777777777779
5 0.3035625 0 0.3035625 0.21822916666666667 0.3950625 0.21822916666666667 0.3950625 0 0.3035625 0
5 0 0.21822916666666667 0.30578125 0.21822916666666667 0.30578125 0.12149305555555556 0 0.12149305555555556 0 0.21822916666666667
5 0.1026875 0 0.1026875 0.11902777777777779 0.3058125 0.11902777777777779 0.3058125 0 0.1026875 0
5 0.8035937499999999 0.00003472222222222222 0.60490625 0.00003472222222222222 0.60490625 0.10913194444444445 0.8035937499999999 0.10913194444444445 0.8035937499999999 0.00003472222222222222
6 0.28571875 0.20090277777777776 0.21203124999999998 0.20090277777777776 0.21203124999999998 0.32243055555555555 0.28571875 0.32243055555555555 0.28571875 0.20090277777777776
6 0.8682812500000001 0.32989583333333333 0.78571875 0.32989583333333333 0.78571875 0.43899305555555557 0.8682812500000001 0.43899305555555557 0.8682812500000001 0.32989583333333333
6 0.69865625 0.42409722222222224 0.60046875 0.42409722222222224 0.60046875 0.543125 0.69865625 0.543125 0.69865625 0.42409722222222224
5 0.3013125 0.5530555555555555 0.09818750000000001 0.5530555555555555 0.09818750000000001 0.77625 0.3013125 0.77625 0.3013125 0.5530555555555555
5 0.9018124999999999 0.5530902777777778 0.6986875 0.5530902777777778 0.6986875 0.7738541666666667 0.9018124999999999 0.7738541666666667 0.9018124999999999 0.5530902777777778
8 0.6183125 0.6621875 0.3861875 0.6621875 0.3861875 0.7762847222222222 0.6183125 0.7762847222222222 0.6183125 0.6621875
2 0.60040625 0.42413194444444446 0.50221875 0.42413194444444446 0.50221875 0.5332291666666666 0.60040625 0.5332291666666666 0.60040625 0.42413194444444446