1 0.77 0.33243055555555556 0.6275000000000001 0.33243055555555556 0.6275000000000001 0.43520833333333336 0.77 0.43520833333333336 0.77 0.33243055555555556
1 0.57665625 0.34260416666666665 0.42834374999999997 0.34260416666666665 0.42834374999999997 0.4417013888888889 0.57665625 0.4417013888888889 0.57665625 0.34260416666666665
6 0.3171875 0.746875 0.3171875 0.6421874999999999 0.234375 0.6421874999999999 0.234375 0.746875 0.3171875 0.746875
5 0.2609375 0.5484374999999999 0.2625 0.55 0.275 0.55 0.2765625 0.5484374999999999 0.3203125 0.5484374999999999 0.3203125 0.1640625 0.2296875 0.1640625 0.2296875 0.5484374999999999 0.234375 0.5484374999999999 0.2359375 0.55 0.2421875 0.55 0.24375 0.5484374999999999 0.2609375 0.5484374999999999
5 0.21875 0.5484374999999999 0.21875 0.453125 0.03125 0.453125 0.03125 0.5484374999999999 0.21875 0.5484374999999999
8 0.6484375 0.9930555555555556 0.6484375 0.8859375 0.4046875 0.8859375 0.4046875 0.9930555555555556 0.6484375 0.9930555555555556
5 0.090625 0.21875 0.0921875 0.21718749999999998 0.2265625 0.21718749999999998 0.228125 0.215625 0.228125 0.16562500000000002 0.23125 0.16249999999999998 0.2328125 0.16249999999999998 0.234375 0.1609375 0.31875 0.1609375 0.3203125 0.16249999999999998 0.321875 0.16249999999999998 0.325 0.16562500000000002 0.325 0.19374999999999998 0.3234375 0.1953125 0.3234375 0.2140625 0.3265625 0.21718749999999998 0.465625 0.21718749999999998 0.4671875 0.21875 0.825 0.21852083333333333 0.82666875 0.10833333333333334 0.01875 0.1109375 0.01875 0.14375 0.0203125 0.1453125 0.0203125 0.1484375 0.01875 0.15000000000000002 0.01875 0.21875 0.090625 0.21875
5 0.109375 0.9930555555555556 0.109375 0.9125000000000001 0.03125 0.9125000000000001 0.03125 0.9930555555555556 0.109375 0.9930555555555556
5 0.2109375 0.8859375 0.2109375 0.784375 0.1328125 0.784375 0.1328125 0.8859375 0.2109375 0.8859375
5 0.00625 0 0.00625 0.9930555555555556 0.0265625 0.9930555555555556 0.0265625 0.9796874999999999 0.025 0.9781249999999999 0.025 0.9500000000000001 0.0265625 0.9484374999999999 0.0265625 0.9249999999999999 0.025 0.9234374999999999 0.025 0.8796875 0.0234375 0.878125 0.0234375 0.778125 0.025 0.7765625 0.0234375 0.7749999999999999 0.0234375 0.76875 0.025 0.7671874999999999 0.025 0.7625 0.0234375 0.7609375 0.0234375 0.7562500000000001 0.025 0.7546875 0.025 0.7515624999999999 0.0234375 0.75 0.0234375 0.7437499999999999 0.025 0.7421875 0.025 0.7375 0.0234375 0.7359374999999999 0.0234375 0.73125 0.025 0.7296875 0.025 0.625 0.0234375 0.6234375000000001 0.0234375 0.59375 0.025 0.5921875000000001 0.025 0.5640624999999999 0.0265625 0.5625 0.0265625 0.5562499999999999 0.028125 0.5546875 0.028125 0.5515625 0.0296875 0.55 0.0296875 0.5328124999999999 0.03125 0.53125 0.03125 0.49062500000000003 0.0296875 0.48906249999999996 0.0296875 0.453125 0.028125 0.45156250000000003 0.028125 0.44375 0.0265625 0.44218749999999996 0.0265625 0.43281250000000004 0.025 0.43125 0.025 0.22812500000000002 0.0265625 0.2265625 0.0265625 0.11406250000000001 0.0296875 0.1109375 0.0328125 0.1109375 0.034375 0.109375 0.2546875 0.109375 0.25625 0.1078125 0.3734375 0.1078125 0.375 0.10625000000000001 0.46875 0.10625000000000001 0.4703125 0.1078125 0.5078125 0.1078125 0.509375 0.109375 0.5546875 0.109375 0.55625 0.1078125 0.6 0.1078125 0.6015625 0.10625000000000001 0.6328125 0.10625000000000001 0.634375 0.1078125 0.6359375 0.1078125 0.6375 0.10625000000000001 0.6921875 0.10625000000000001 0.69375 0.10468749999999999 0.7 0.10468749999999999 0.7015625 0.10625000000000001 0.7203125 0.10625000000000001 0.721875 0.1078125 0.740625 0.1078125 0.7421875 0.109375 0.8234375 0.109375 0.8265625 0.11249999999999999 0.8265625 0.30000000000000004 0.825 0.30156249999999996 0.825 0.3046875 0.8265625 0.30625 0.8265625 0.30781250000000004 0.825 0.30937499999999996 0.825 0.33125000000000004 0.8265625 0.33281249999999996 0.8265625 0.35468750000000004 0.825 0.35624999999999996 0.825 0.38593750000000004 0.8265625 0.38749999999999996 0.8265625 0.39375000000000004 0.825 0.39531249999999996 0.825 0.3984375 0.8265625 0.4 0.8265625 0.40312499999999996 0.825 0.4046875 0.825 0.4375 0.8265625 0.4390625 0.8265625 0.48124999999999996 0.825 0.48281250000000003 0.825 0.484375 0.8265625 0.48593749999999997 0.8265625 0.70625 0.825 0.7078125 0.825 0.7124999999999999 0.8265625 0.7140625 0.8265625 0.715625 0.825 0.7171875000000001 0.825 0.7265625 0.8265625 0.7281249999999999 0.8265625 0.7421875 0.825 0.7437499999999999 0.825 0.778125 0.8265625 0.7796875000000001 0.8265625 0.8046875 0.825 0.8062499999999999 0.825 0.8109375000000001 0.8265625 0.8125 0.8265625 0.8187500000000001 0.825 0.8203125 0.8265625 0.8218749999999999 0.8265625 0.9930555555555556 0.99375 0.9930555555555556 1 0 0.00625 0
6 0.2125 0.3078472222222222 0.140625 0.3078472222222222 0.140625 0.4140972222222222 0.2125 0.4140972222222222 0.2125 0.3078472222222222
2 0.5875 0.4234375 0.50625 0.4234375 0.50625 0.5203125 0.5875 0.5203125 0.5875 0.4234375
1 0.76871875 0.6648263888888889 0.62653125 0.6648263888888889 0.62653125 0.7765625 0.76871875 0.7765625 0.76871875 0.6648263888888889
1 0.77584375 0.5620486111111112 0.63003125 0.5620486111111112 0.63003125 0.6639236111111111 0.77584375 0.6639236111111111 0.77584375 0.5620486111111112
6 0.7187187500000001 0.4234375 0.62965625 0.4234375 0.62965625 0.5250347222222222 0.7187187500000001 0.5250347222222222 0.7187187500000001 0.4234375
1 0.56915625 0.22503472222222223 0.42834374999999997 0.22503472222222223 0.42834374999999997 0.3314930555555555 0.56915625 0.3314930555555555 0.56915625 0.22503472222222223
1 0.8241875000000001 0.2212847222222222 0.6791875 0.2212847222222222 0.6791875 0.3332986111111111 0.8241875000000001 0.3332986111111111 0.8241875000000001 0.2212847222222222