5 0.296875 0.45468749999999997 0.296875 0.24531250000000002 0.0046875 0.24531250000000002 0.0046875 0.45468749999999997 0.296875 0.45468749999999997
8 0.015625 0.23750000000000002 0.0171875 0.23593750000000002 0.0359375 0.23593750000000002 0.0375 0.23750000000000002 0.0765625 0.23750000000000002 0.078125 0.23593750000000002 0.096875 0.23593750000000002 0.096875 0.128125 0.0046875 0.128125 0.0046875 0.23750000000000002 0.015625 0.23750000000000002
8 0.503125 0.23281249999999998 0.596875 0.23281249999999998 0.596875 0.128125 0.5015625 0.128125 0.5015625 0.23124999999999998 0.503125 0.23281249999999998
2 0.4078125 0.5289583333333333 0.4953125 0.5289583333333333 0.4953125 0.41659722222222223 0.4078125 0.41659722222222223 0.4078125 0.5289583333333333
5 0.1015625 0.8990625 0.3046875 0.8990625 0.3046875 0.6801041666666667 0.1015625 0.6801041666666667 0.1015625 0.8990625
8 0.40415625000000005 0.23614583333333336 0.49834375 0.23614583333333336 0.49834375 0.1259375 0.40415625000000005 0.1259375 0.40415625000000005 0.23614583333333336
8 0.2033125 0.23704861111111108 0.30081250000000004 0.23704861111111108 0.30081250000000004 0.1268402777777778 0.2033125 0.1268402777777778 0.2033125 0.23704861111111108
5 0.40084375000000005 0.12131944444444444 0.60165625 0.12131944444444444 0.60165625 0.021319444444444443 0.40084375000000005 0.021319444444444443 0.40084375000000005 0.12131944444444444
5 0.0008437500000000001 0.11854166666666667 0.30165625 0.11854166666666667 0.30165625 0.012986111111111111 0.0008437500000000001 0.012986111111111111 0.0008437500000000001 0.11854166666666667
5 0.29916875 0.23888888888888887 0.29833125 0.34352083333333333 0.31833125 0.34444444444444444 0.31916875 0.8981458333333333 0.38166875 0.9009236111111112 0.38083125 0.013888888888888888 0.31916875 0.013888888888888888 0.32166875 0.2379652777777778 0.29916875 0.23888888888888887
5 0.0025 0 0.0008312500000000001 0.013888888888888888 0.59916875 0.0148125 0.6008312499999999 0.9930555555555556 0.99375 0.9930555555555556 0.99375 0 0.0025 0