5 0.428125 0.659375 0.428125 0.5671875 0.2453125 0.5671875 0.2453125 0.659375 0.428125 0.659375
5 0.0671875 0.4 0.0671875 0.4046875 0.06875 0.40625 0.06875 0.43437499999999996 0.0703125 0.4359375 0.140625 0.4359375 0.1421875 0.43437499999999996 0.1421875 0.4296875 0.14375 0.428125 0.14375 0.42500000000000004 0.1421875 0.4234375 0.1421875 0.3828125 0.14375 0.38125 0.14375 0.3578125 0.1421875 0.35624999999999996 0.1421875 0.3453125 0.14375 0.34375 0.14375 0.34062499999999996 0.146875 0.3375 0.1484375 0.3375 0.15 0.3359375 0.20625 0.3359375 0.2078125 0.3375 0.215625 0.3375 0.2171875 0.3359375 0.2203125 0.3359375 0.221875 0.3375 0.2234375 0.3375 0.2296875 0.34375 0.2296875 0.3453125 0.23125 0.34687500000000004 0.23125 0.43437499999999996 0.2328125 0.4359375 0.3796875 0.4359375 0.38125 0.4375 0.384375 0.4375 0.3859375 0.4359375 0.396875 0.4359375 0.3984375 0.43437499999999996 0.4 0.43437499999999996 0.4 0.4296875 0.4015625 0.428125 0.4015625 0.421875 0.403125 0.4203125 0.403125 0.3890625 0.4046875 0.38749999999999996 0.4046875 0.34687500000000004 0.40625 0.3453125 0.40625 0.23906249999999998 0.4078125 0.23750000000000002 0.4078125 0.234375 0.409375 0.23281249999999998 0.409375 0.22968750000000002 0.4109375 0.22812500000000002 0.4109375 0.22499999999999998 0.4125 0.22343749999999998 0.4125 0.221875 0.4140625 0.22031250000000002 0.4140625 0.0015625 0.05625 0.0015625 0.05625 0.21718749999999998 0.0578125 0.21875 0.0578125 0.22031250000000002 0.0640625 0.2265625 0.0640625 0.22812500000000002 0.0671875 0.23124999999999998 0.0671875 0.23750000000000002 0.06875 0.23906249999999998 0.06875 0.3984375 0.0671875 0.4
5 0.8453125 0.5703125 0.8453125 0.659375 0.9921875 0.659375 0.99375 0.6578124999999999 0.99375 0.5703125 0.8453125 0.5703125
1 0.740625 0.5562499999999999 0.740625 0.6609375 0.834375 0.6609375 0.8375 0.6578124999999999 0.8375 0.5562499999999999 0.740625 0.5562499999999999
1 0.140625 0.5562499999999999 0.140625 0.6609375 0.2359375 0.6609375 0.2375 0.659375 0.2375 0.5562499999999999 0.140625 0.5562499999999999
5 0.1296875 0.659375 0.1296875 0.5703125 0.0046875 0.5703125 0.0046875 0.659375 0.1296875 0.659375
5 0.665625 0.34375 0.665625 0.36250000000000004 0.6671875 0.36406249999999996 0.665625 0.365625 0.665625 0.39531249999999996 0.6671875 0.396875 0.6671875 0.428125 0.66875 0.4296875 0.66875 0.43125 0.671875 0.43437499999999996 0.6734375 0.43437499999999996 0.675 0.4359375 0.990625 0.4359375 0.9921875 0.43437499999999996 0.9921875 0.004687500000000001 0.6609375 0.004687500000000001 0.6609375 0.22499999999999998 0.6625 0.2265625 0.6625 0.22968750000000002 0.6640625 0.23124999999999998 0.6640625 0.23906249999999998 0.665625 0.24062499999999998 0.665625 0.24531250000000002 0.6671875 0.24687499999999998 0.6671875 0.3421875 0.665625 0.34375
5 0.6453125 0.5671875 0.6453125 0.659375 0.73125 0.659375 0.7328125 0.6578124999999999 0.7328125 0.5671875 0.6453125 0.5671875
5 0.215625 0.9930555555555556 0.215625 0.8937499999999999 0.0078125 0.8937499999999999 0.0078125 0.9930555555555556 0.215625 0.9930555555555556
5 0.615625 0.9930555555555556 0.615625 0.8921874999999999 0.259375 0.8921874999999999 0.259375 0.9930555555555556 0.615625 0.9930555555555556
8 0.221875 0.43437499999999996 0.221875 0.34375 0.1515625 0.34375 0.1515625 0.43437499999999996 0.221875 0.43437499999999996
2 0.4890625 0.5234375 0.4890625 0.4234375 0.40625 0.4234375 0.40625 0.5234375 0.4890625 0.5234375
5 0.9921875 0.9930555555555556 0.9921875 0.8921874999999999 0.659375 0.8921874999999999 0.659375 0.9930555555555556 0.9921875 0.9930555555555556