5 0.20584375000000002 0.7787152777777778 0.29915625 0.7787152777777778 0.29915625 0.6139236111111112 0.20584375000000002 0.6139236111111112 0.20584375000000002 0.7787152777777778
5 0.140625 0.6609375 0.1421875 0.659375 0.153125 0.659375 0.1546875 0.6609375 0.196875 0.6609375 0.1984375 0.659375 0.1984375 0.6265624999999999 0.196875 0.625 0.196875 0.6187499999999999 0.1984375 0.6171875 0.1984375 0.6156250000000001 0.2015625 0.6125 0.2046875 0.6125 0.20625 0.6109374999999999 0.296875 0.6109374999999999 0.296875 0.609375 0.2984375 0.6078125000000001 0.2984375 0.5640624999999999 0.1015625 0.5640624999999999 0.1015625 0.6609375 0.140625 0.6609375
5 0.50333125 0.6101875 0.49916875000000005 0.6666666666666666 0.62166875 0.6638888888888889 0.6224999999999999 0.9930555555555556 0.6816687499999999 0.9930555555555556 0.6799999999999999 0.3342569444444445 0.6224999999999999 0.33703472222222225 0.62166875 0.5611111111111111 0.40166874999999996 0.5592569444444444 0.40166874999999996 0.6138888888888889 0.50333125 0.6101875
2 0.4890625 0.5203125 0.4890625 0.4234375 0.4078125 0.4234375 0.4078125 0.5203125 0.4890625 0.5203125
5 0.4296875 0.44375 0.43125 0.44218749999999996 0.4453125 0.44218749999999996 0.446875 0.44062500000000004 0.4484375 0.44218749999999996 0.4734375 0.44218749999999996 0.475 0.44375 0.4828125 0.44375 0.484375 0.44218749999999996 0.4890625 0.44218749999999996 0.490625 0.44375 0.503125 0.44375 0.5046875 0.44218749999999996 0.5046875 0.3359375 0.303125 0.3359375 0.303125 0.44375 0.4296875 0.44375
5 0.8984375 0.44218749999999996 0.8984375 0.334375 0.7 0.334375 0.7 0.44218749999999996 0.8984375 0.44218749999999996
6 0.59375 0.7453125 0.59375 0.6546875000000001 0.5078125 0.6546875000000001 0.5078125 0.7453125 0.59375 0.7453125
6 0.290625 0.96875 0.2921875 0.9671875000000001 0.2921875 0.8640625 0.2109375 0.8640625 0.2109375 0.96875 0.290625 0.96875
5 0.4921875 0.7734375 0.49375 0.7718750000000001 0.49375 0.6171875 0.40625 0.6171875 0.40625 0.7734375 0.4921875 0.7734375
8 0.89375 0.55 0.89375 0.44687499999999997 0.8015625 0.44687499999999997 0.8015625 0.55 0.89375 0.55
6 0.1921875 0.9703124999999999 0.19375 0.96875 0.19375 0.8640625 0.1078125 0.8640625 0.1078125 0.9703124999999999 0.1921875 0.9703124999999999
5 0.0984375 0.9921875 0.0984375 0.9671875000000001 0.1 0.9656250000000001 0.1 0.871875 0.0984375 0.8703125 0.0984375 0.5625 0.1015625 0.559375 0.1453125 0.559375 0.146875 0.5609375000000001 0.1484375 0.559375 0.26875 0.559375 0.2703125 0.5609375000000001 0.28125 0.5609375000000001 0.2828125 0.559375 0.2953125 0.559375 0.2984375 0.5562499999999999 0.2984375 0.5546875 0.3 0.5531250000000001 0.3 0.54375 0.3015625 0.5421875 0.3015625 0.5296875000000001 0.303125 0.528125 0.303125 0.44375 0.3015625 0.44218749999999996 0.3015625 0.4046875 0.3 0.40312499999999996 0.3 0.35 0.3015625 0.34843749999999996 0.3015625 0.3453125 0.3 0.34375 0.3 0.34062499999999996 0.2984375 0.33906250000000004 0.3 0.3375 0.3 0.334375 0.303125 0.33125000000000004 0.3796875 0.33125000000000004 0.38125 0.3296875 0.446875 0.3296875 0.4484375 0.33125000000000004 0.4609375 0.33125000000000004 0.4625 0.33281249999999996 0.4796875 0.33281249999999996 0.48125 0.33125000000000004 0.5046875 0.33125000000000004 0.50625 0.3296875 0.6921875 0.3296875 0.69375 0.33125000000000004 0.740625 0.33125000000000004 0.7421875 0.3296875 0.75 0.3296875 0.7515625 0.33125000000000004 0.753125 0.33125000000000004 0.7546875 0.3296875 0.825 0.3296875 0.8265625 0.33125000000000004 0.8484375 0.33125000000000004 0.85 0.33281249999999996 0.8546875 0.33281249999999996 0.85625 0.33125000000000004 0.859375 0.33125000000000004 0.8609375 0.33281249999999996 0.8671875 0.33281249999999996 0.86875 0.33125000000000004 0.896875 0.33125000000000004 0.9 0.334375 0.9 0.4390625 0.8984375 0.44062500000000004 0.8984375 0.45937500000000003 0.896875 0.4609375 0.896875 0.515625 0.8984375 0.5171874999999999 0.8984375 0.5531250000000001 0.896875 0.5546875 0.896875 0.565625 0.8984375 0.5671875 0.8984375 0.6937500000000001 0.896875 0.6953125 0.896875 0.71875 0.8984375 0.7203124999999999 0.8984375 0.7406250000000001 0.896875 0.7421875 0.896875 0.796875 0.8984375 0.7984374999999999 0.8984375 0.9109375000000001 0.896875 0.9125000000000001 0.896875 0.9750000000000001 0.8984375 0.9765625 0.8984375 0.9921875 0.99375 0.9921875 0.99375 0.0078125 0.009375 0.0078125 0.009375 0.9921875 0.0984375 0.9921875
8 0.39375 0.5562499999999999 0.39375 0.4453125 0.3046875 0.4453125 0.3046875 0.5562499999999999 0.39375 0.5562499999999999
1 0.5890625 0.4390625 0.5890625 0.3375 0.509375 0.3375 0.509375 0.4390625 0.5890625 0.4390625
5 0.30246875 0.7796180555555555 0.39665625000000004 0.7796180555555555 0.39665625000000004 0.5610763888888889 0.30246875 0.5610763888888889 0.30246875 0.7796180555555555