5 0.109375 0.44843750000000004 0.109375 0.6656249999999999 0.4921875 0.6656249999999999 0.4921875 0.44843750000000004 0.109375 0.44843750000000004
7 0.2140625 0.09687499999999999 0.2140625 0.17812499999999998 0.2875 0.17812499999999998 0.2875 0.09687499999999999 0.2140625 0.09687499999999999
2 0.5984375 0.41874999999999996 0.50625 0.41874999999999996 0.50625 0.5265625 0.5078125 0.528125 0.5984375 0.528125 0.5984375 0.41874999999999996
5 1 0.44218749999999996 0.703125 0.44218749999999996 0.703125 0.6656249999999999 0.7046875 0.6656249999999999 0.70625 0.6671875 0.9453125 0.6671875 0.946875 0.66875 1 0.66875 1 0.44218749999999996
6 0.5015625 0 0.5015625 0.08281250000000001 0.6 0.08281250000000001 0.6 0 0.5015625 0
5 0.00625 0.003125 0.00625 0.6656249999999999 0.0984375 0.6656249999999999 0.0984375 0.003125 0.00625 0.003125
12 0.00621875 0.9930555555555556 0.9921562500000001 0.9930555555555556 0.9921562500000001 0.6734722222222222 0.00621875 0.6734722222222222 0.00621875 0.9930555555555556
6 0.603125 0.1953125 0.7 0.1953125 0.7 0.08746527777777778 0.603125 0.08746527777777778 0.603125 0.1953125
7 0.4109375 0.17812499999999998 0.4890625 0.17812499999999998 0.4890625 0.09687499999999999 0.4109375 0.09687499999999999 0.4109375 0.17812499999999998
7 0.31090625 0.17965277777777777 0.38746875 0.17965277777777777 0.38746875 0.09840277777777778 0.31090625 0.09840277777777778 0.31090625 0.17965277777777777
5 0.20021874999999997 0.2627777777777778 0.49878125000000006 0.2627777777777778 0.49878125000000006 0.11875000000000001 0.20021874999999997 0.11875000000000001 0.20021874999999997 0.2627777777777778
5 0.9062187500000001 0.03746527777777778 0.99840625 0.03746527777777778 0.99840625 0.0015625 0.9062187500000001 0.0015625 0.9062187500000001 0.03746527777777778
5 0.7078125 0.0359375 0.8953125 0.0359375 0.8953125 0.0015625 0.7078125 0.0015625 0.7078125 0.0359375