5 0.40621875 0.70625 0.6952812500000001 0.70625 0.6952812500000001 0.5547222222222222 0.40621875 0.5547222222222222 0.40621875 0.70625
5 0.303125 0.9140625 0.303125 0.9125000000000001 0.3046875 0.9109375000000001 0.3046875 0.9093749999999999 0.303125 0.9078124999999999 0.303125 0.8890625000000001 0.3046875 0.8875 0.3046875 0.8109375000000001 0.30625 0.809375 0.30625 0.8062499999999999 0.3046875 0.8046875 0.3046875 0.7859375 0.30625 0.784375 0.30625 0.78125 0.3046875 0.7796875000000001 0.3046875 0.60625 0.303125 0.6046875 0.303125 0.590625 0.3046875 0.5890625 0.3046875 0.5171874999999999 0.303125 0.515625 0.303125 0.5125 0.3046875 0.5109375 0.3046875 0.47343749999999996 0.30625 0.47187500000000004 0.30625 0.30625 0.3046875 0.3046875 0.3046875 0.28593749999999996 0.30625 0.28437500000000004 0.30625 0.2421875 0.3046875 0.24062499999999998 0.3046875 0.23906249999999998 0.30625 0.23750000000000002 0.30625 0.22968750000000002 0.3109375 0.22499999999999998 0.325 0.22499999999999998 0.3265625 0.22343749999999998 0.596875 0.22343749999999998 0.5984375 0.221875 0.6 0.22343749999999998 0.6546875 0.22343749999999998 0.65625 0.221875 0.665625 0.221875 0.6671875 0.22343749999999998 0.66875 0.221875 0.6765625 0.221875 0.678125 0.22343749999999998 0.6953125 0.22343749999999998 0.696875 0.221875 0.7609375 0.221875 0.7625 0.22031250000000002 0.7984375 0.22031250000000002 0.8 0.21875 0.81875 0.21875 0.8203125 0.22031250000000002 0.840625 0.22031250000000002 0.8421875 0.221875 0.8765625 0.221875 0.878125 0.22031250000000002 0.890625 0.22031250000000002 0.8921875 0.21875 0.9078125 0.21875 0.909375 0.21718749999999998 0.95625 0.21718749999999998 0.9578125 0.21875 1 0.21852083333333333 0.9991687499999999 0 0.00625 0.0009236111111111112 0.00625 0.9930555555555556 0.3046875 0.9930555555555556 0.3046875 0.9156249999999999 0.303125 0.9140625
5 0.89571875 0.3312847222222222 0.99840625 0.3312847222222222 0.99840625 0.22968750000000002 0.89571875 0.22968750000000002 0.89571875 0.3312847222222222
1 0.7109062500000001 0.3265625 0.89371875 0.3265625 0.89371875 0.2249652777777778 0.7109062500000001 0.2249652777777778 0.7109062500000001 0.3265625
5 0.30934375 0.4374652777777778 0.68903125 0.4374652777777778 0.68903125 0.22809027777777777 0.30934375 0.22809027777777777 0.30934375 0.4374652777777778
2 0.50934375 0.5249652777777778 0.59528125 0.5249652777777778 0.59528125 0.4140625 0.50934375 0.4140625 0.50934375 0.5249652777777778
6 0.70153125 0.5250347222222222 0.80309375 0.5250347222222222 0.80309375 0.4234375 0.70153125 0.4234375 0.70153125 0.5250347222222222
6 0.80934375 0.6359375 0.89528125 0.6359375 0.89528125 0.5312847222222222 0.80934375 0.5312847222222222 0.80934375 0.6359375
1 0.9062187500000001 0.47968750000000004 0.99840625 0.47968750000000004 0.99840625 0.3343402777777778 0.9062187500000001 0.3343402777777778 0.9062187500000001 0.47968750000000004
7 0.6109375 0.6203125 0.6890625 0.6203125 0.6890625 0.5437152777777778 0.6109375 0.5437152777777778 0.6109375 0.6203125
7 0.5109375 0.6219097222222223 0.5890625 0.6219097222222223 0.5890625 0.5453125000000001 0.5109375 0.5453125000000001 0.5109375 0.6219097222222223
7 0.41246875000000005 0.6203125 0.48903125000000003 0.6203125 0.48903125000000003 0.5437152777777778 0.41246875000000005 0.5437152777777778 0.41246875000000005 0.6203125
5 0.3078125 0.9930208333333334 0.6921875 0.9930208333333334 0.6921875 0.8953125000000001 0.3078125 0.8953125000000001 0.3078125 0.9930208333333334
5 0.9046875 0.9930208333333334 0.9984375 0.9930208333333334 0.9984375 0.8953125000000001 0.9046875 0.8953125000000001 0.9046875 0.9930208333333334