5 0.74375 0.6796875 0.74375 0.8859375 0.9921875 0.8859375 0.9921875 0.6796875 0.74375 0.6796875
5 0.1453125 0.671875 0.1453125 0.8843749999999999 0.5296875 0.8843749999999999 0.5296875 0.671875 0.1453125 0.671875
1 0.1453125 0.11875000000000001 0.1453125 0.259375 0.334375 0.259375 0.334375 0.11875000000000001 0.1453125 0.11875000000000001
1 0.5296875 0.259375 0.5296875 0.11249999999999999 0.3421875 0.11249999999999999 0.3421875 0.22968750000000002 0.34375 0.23124999999999998 0.34375 0.259375 0.5296875 0.259375
7 0.8375 0.32343750000000004 0.8375 0.3984375 0.9140625 0.3984375 0.9140625 0.32343750000000004 0.8375 0.32343750000000004
5 0.746875 0.334375 0.746875 0.48593749999999997 0.9921875 0.48593749999999997 0.9921875 0.334375 0.746875 0.334375
5 0.746875 0.009375000000000001 0.746875 0.21718749999999998 0.9921875 0.21718749999999998 0.9921875 0.009375000000000001 0.746875 0.009375000000000001
6 0.625 0.20468750000000002 0.625 0.30000000000000004 0.7234375 0.30000000000000004 0.7234375 0.20468750000000002 0.625 0.20468750000000002
6 0.2296875 0.8578125000000001 0.2296875 0.9703124999999999 0.31875 0.9703124999999999 0.31875 0.8578125000000001 0.2296875 0.8578125000000001
2 0.40625 0.421875 0.40625 0.5234375 0.4890625 0.5234375 0.4890625 0.421875 0.40625 0.421875
1 0.5421875 0.003125 0.5421875 0.10468749999999999 0.728125 0.10468749999999999 0.728125 0.003125 0.5421875 0.003125
5 0.140625 0.0078125 0.140625 0.109375 0.5328125 0.109375 0.5328125 0.0078125 0.140625 0.0078125
5 0.13968750000000002 0.002743055555555556 0.0024375 0.002743055555555556 0.0024375 0.9994791666666667 0.13968750000000002 0.9994791666666667 0.13968750000000002 0.002743055555555556