5 0.75625 0.6578124999999999 0.75625 0.5671875 0.003125 0.5671875 0.003125 0.6578124999999999 0.75625 0.6578124999999999
1 0.359375 0.8843749999999999 0.359375 0.7796875000000001 0.265625 0.7796875000000001 0.265625 0.8843749999999999 0.359375 0.8843749999999999
2 0.490625 0.5234375 0.490625 0.428125 0.40625 0.428125 0.40625 0.5234375 0.490625 0.5234375
5 0.95625 0.659375 0.95625 0.44687499999999997 0.7625 0.44687499999999997 0.7625 0.659375 0.95625 0.659375
4 0.6125 0.9930555555555556 0.6125 0.9921875 0.6140625 0.9906250000000001 0.6140625 0.9734375000000001 0.6125 0.9718749999999999 0.6125 0.9546874999999999 0.6140625 0.953125 0.6140625 0.9515625000000001 0.615625 0.9500000000000001 0.615625 0.9484374999999999 0.6203125 0.9437500000000001 0.6234375 0.9437500000000001 0.625 0.9421875000000001 0.990625 0.9421875000000001 0.9921875 0.9406249999999999 0.99375 0.9406249999999999 0.99375 0.8890625000000001 0.5671875 0.8890625000000001 0.5671875 0.9930555555555556 0.6125 0.9930555555555556
0 0.99375 0.9930555555555556 0.99375 0.9453125 0.6203125 0.9453125 0.6203125 0.9930555555555556 0.99375 0.9930555555555556
4 0.0109375 0.9930555555555556 0.0125 0.9930555555555556 0.0125 0.9718749999999999 0.0109375 0.9703124999999999 0.0109375 0.9578125000000001 0.0125 0.9562499999999999 0.0125 0.9515625000000001 0.0171875 0.9468749999999999 0.0171875 0.9453125 0.01875 0.9437500000000001 0.0203125 0.9437500000000001 0.021875 0.9421875000000001 0.3046875 0.9421875000000001 0.30625 0.9437500000000001 0.3078125 0.9437500000000001 0.309375 0.9453125 0.309375 0.9468749999999999 0.3109375 0.9484374999999999 0.3109375 0.9781249999999999 0.3125 0.9796874999999999 0.3125 0.9930555555555556 0.359375 0.9930555555555556 0.359375 0.8890625000000001 0.003125 0.8890625000000001 0.003125 0.9930555555555556 0.0109375 0.9930555555555556
0 0.3078125 0.9930555555555556 0.3078125 0.9453125 0.0171875 0.9453125 0.0171875 0.9930555555555556 0.3078125 0.9930555555555556
5 0.853125 0.4375 0.8546875 0.4359375 0.85625 0.4359375 0.85625 0.40312499999999996 0.8578125 0.40156250000000004 0.8578125 0.103125 0.85625 0.1015625 0.85625 0.0703125 0.8578125 0.06875 0.8578125 0.0546875 0.85625 0.053125000000000006 0.85625 0.0171875 0.8578125 0.015625 0.8578125 0.00625 0.7671875 0.00625 0.7671875 0.4375 0.853125 0.4375
5 0.99375 0.6578124999999999 0.99375 0.5671875 0.9671875 0.5671875 0.9671875 0.6578124999999999 0.99375 0.6578124999999999
6 0.25890625 0 0.25890625 0.08930555555555555 0.35934374999999996 0.08930555555555555 0.35934374999999996 0 0.25890625 0