5 0.496875 0.8796875 0.4984375 0.878125 0.4984375 0.78125 0.5 0.7796875000000001 0.5 0.778125 0.503125 0.7749999999999999 0.5046875 0.7749999999999999 0.50625 0.7734375 0.5125 0.7734375 0.5140625 0.7718750000000001 0.5265625 0.7718750000000001 0.528125 0.7703125 0.5578125 0.7703125 0.559375 0.7718750000000001 0.5703125 0.7718750000000001 0.571875 0.7734375 0.5984375 0.7734375 0.6 0.7749999999999999 0.603125 0.7749999999999999 0.603125 0.5562499999999999 0.30625 0.5562499999999999 0.3046875 0.5578125 0.3046875 0.8828125 0.30625 0.8843749999999999 0.3078125 0.8843749999999999 0.309375 0.8859375 0.490625 0.8859375 0.4921875 0.8843749999999999 0.49375 0.8843749999999999 0.496875 0.8812500000000001 0.496875 0.8796875
2 0.4890625 0.5171874999999999 0.4890625 0.4234375 0.40625 0.4234375 0.40625 0.5171874999999999 0.4890625 0.5171874999999999
7 0.5890625 0.8421875000000001 0.5890625 0.76875 0.5109375 0.76875 0.5109375 0.8421875000000001 0.5890625 0.8421875000000001
5 0.99375 0.328125 0.99375 0.22968750000000002 0.7 0.22968750000000002 0.7 0.328125 0.99375 0.328125
5 0.99375 0.7718750000000001 0.99375 0.671875 0.9046875 0.671875 0.9046875 0.7718750000000001 0.99375 0.7718750000000001
5 0.003125 0.7828124999999999 0.003125 0.8828125 0.0953125 0.8828125 0.096875 0.8812500000000001 0.096875 0.7828124999999999 0.003125 0.7828124999999999
5 0.096875 0.6609375 0.096875 0.559375 0.003125 0.559375 0.003125 0.6609375 0.096875 0.6609375
5 0.4515625 0.43281250000000004 0.453125 0.43125 0.4609375 0.43125 0.4625 0.43281250000000004 0.465625 0.43281250000000004 0.46875 0.4359375 0.4734375 0.4359375 0.475 0.4375 0.4796875 0.4375 0.48125 0.4390625 0.4859375 0.4390625 0.4875 0.44062500000000004 0.490625 0.44062500000000004 0.490625 0.33906250000000004 0.003125 0.33906250000000004 0.003125 0.44218749999999996 0.421875 0.44218749999999996 0.4234375 0.44062500000000004 0.4265625 0.44062500000000004 0.428125 0.4390625 0.4296875 0.4390625 0.4328125 0.4359375 0.434375 0.4359375 0.4375 0.43281250000000004 0.4515625 0.43281250000000004
10 0.2984375 0.6640625 0.2984375 0.5515625 0.209375 0.5515625 0.209375 0.6640625 0.2984375 0.6640625
5 0.696875 0.9930555555555556 0.696875 0.1109375 0.603125 0.1109375 0.603125 0.9930555555555556 0.696875 0.9930555555555556
10 0.1953125 0.7765625 0.1953125 0.6781250000000001 0.1078125 0.6781250000000001 0.1078125 0.7765625 0.1953125 0.7765625
5 0.00315625 0.22031250000000002 0.49534374999999997 0.22031250000000002 0.49534374999999997 0.1171875 0.00315625 0.1171875 0.00315625 0.22031250000000002