2 0.490625 0.5218750000000001 0.490625 0.43125 0.40625 0.43125 0.40625 0.5218750000000001 0.490625 0.5218750000000001
5 0.5984375 0.5671875 0.5984375 0.565625 0.6 0.5640624999999999 0.6 0.5015624999999999 0.5984375 0.5 0.5984375 0.3578125 0.6 0.35624999999999996 0.6 0.3515625 0.503125 0.3515625 0.503125 0.5671875 0.5984375 0.5671875
5 0.896875 0.23281249999999998 0.896875 0.23124999999999998 0.8984375 0.22968750000000002 0.8984375 0.128125 0.5015625 0.128125 0.5015625 0.23281249999999998 0.896875 0.23281249999999998
5 0 0.23281249999999998 0.30625 0.23281249999999998 0.3078125 0.23124999999999998 0.3953125 0.23124999999999998 0.396875 0.22968750000000002 0.3984375 0.22968750000000002 0.3984375 0.128125 0 0.128125 0 0.23281249999999998
5 0.7984375 0.5640624999999999 0.7984375 0.353125 0.7015625 0.353125 0.7015625 0.5640624999999999 0.7984375 0.5640624999999999
6 0.484375 0.6484375 0.4875 0.6453125 0.4875 0.6328125 0.4890625 0.6312500000000001 0.4890625 0.546875 0.4109375 0.546875 0.4109375 0.6484375 0.484375 0.6484375
5 0.7984375 0.8984375 0.7984375 0.6875 0.703125 0.6875 0.703125 0.8984375 0.7984375 0.8984375
6 0.0875 0.6484375 0.0875 0.625 0.0859375 0.6234375000000001 0.0859375 0.546875 0.0875 0.5453125000000001 0.0875 0.54375 0.0140625 0.54375 0.0140625 0.6484375 0.0875 0.6484375
5 0.5984375 0.8999999999999999 0.5984375 0.6875 0.5046875 0.6875 0.5046875 0.8999999999999999 0.5984375 0.8999999999999999
8 0.496875 0.2265625 0.496875 0.128125 0.4046875 0.128125 0.4046875 0.2265625 0.496875 0.2265625
8 0.5171875 0.9930555555555556 0.5171875 0.9046875000000001 0.2796875 0.9046875000000001 0.2796875 0.9930555555555556 0.5171875 0.9930555555555556
5 0.9015625 0.9930555555555556 0.9015625 0.34843749999999996 0.8015625 0.34843749999999996 0.8015625 0.9930555555555556 0.9015625 0.9930555555555556
5 0.021875 0.12343749999999999 0.0234375 0.125 0.3125 0.125 0.3140625 0.12343749999999999 0.515625 0.12343749999999999 0.5171875 0.125 0.55 0.125 0.5515625 0.12343749999999999 0.55625 0.12343749999999999 0.5578125 0.125 0.559375 0.125 0.5609375 0.12343749999999999 0.6078125 0.12343749999999999 0.609375 0.125 0.7671875 0.125 0.76875 0.12343749999999999 0.8953125 0.12343749999999999 0.9 0.128125 0.9 0.1453125 0.8984375 0.14687499999999998 0.8984375 0.1484375 0.9 0.15000000000000002 0.9 0.15468749999999998 0.8984375 0.15625 0.8984375 0.16249999999999998 0.9 0.1640625 0.9 0.16562500000000002 0.8984375 0.1671875 0.8984375 0.1796875 0.9 0.18125000000000002 0.9 0.9906250000000001 0.9015625 0.9921875 0.9015625 0.9930555555555556 0.99375 0.9930555555555556 0.99375 0.0078125 0.0109375 0.0078125 0.0109375 0.12343749999999999 0.021875 0.12343749999999999