5 0.996875 0.6578124999999999 0.996875 0.5671875 0.24375 0.5671875 0.24375 0.6578124999999999 0.996875 0.6578124999999999
1 0.734375 0.8843749999999999 0.734375 0.7796875000000001 0.640625 0.7796875000000001 0.640625 0.8843749999999999 0.734375 0.8843749999999999
2 0.59375 0.5234375 0.59375 0.428125 0.509375 0.428125 0.509375 0.5234375 0.59375 0.5234375
5 0.2375 0.659375 0.2375 0.44687499999999997 0.04375 0.44687499999999997 0.04375 0.659375 0.2375 0.659375
4 0.3796875 0.9437500000000001 0.384375 0.9484374999999999 0.384375 0.9500000000000001 0.3859375 0.9515625000000001 0.3859375 0.953125 0.3875 0.9546874999999999 0.3875 0.9718749999999999 0.3859375 0.9734375000000001 0.3859375 0.9906250000000001 0.3875 0.9921875 0.3875 0.9930555555555556 0.4328125 0.9930555555555556 0.4328125 0.8890625000000001 0.00625 0.8890625000000001 0.00625 0.9406249999999999 0.0078125 0.9406249999999999 0.009375 0.9421875000000001 0.375 0.9421875000000001 0.3765625 0.9437500000000001 0.3796875 0.9437500000000001
0 0.3796875 0.9930555555555556 0.3796875 0.9453125 0.00625 0.9453125 0.00625 0.9930555555555556 0.3796875 0.9930555555555556
4 0.690625 0.9468749999999999 0.690625 0.9453125 0.6921875 0.9437500000000001 0.69375 0.9437500000000001 0.6953125 0.9421875000000001 0.978125 0.9421875000000001 0.9796875 0.9437500000000001 0.98125 0.9437500000000001 0.9828125 0.9453125 0.9828125 0.9468749999999999 0.9875 0.9515625000000001 0.9875 0.9562499999999999 0.9890625 0.9578125000000001 0.9890625 0.9703124999999999 0.9875 0.9718749999999999 0.9875 0.9930555555555556 0.9890625 0.9930555555555556 0.996875 0.9930555555555556 0.996875 0.8890625000000001 0.640625 0.8890625000000001 0.640625 0.9930555555555556 0.6875 0.9930555555555556 0.6875 0.9796874999999999 0.6890625 0.9781249999999999 0.6890625 0.9484374999999999 0.690625 0.9468749999999999
0 0.9828125 0.9930555555555556 0.9828125 0.9453125 0.6921875 0.9453125 0.6921875 0.9930555555555556 0.9828125 0.9930555555555556
5 0.14375 0.0703125 0.14375 0.1015625 0.1421875 0.103125 0.1421875 0.40156250000000004 0.14375 0.40312499999999996 0.14375 0.4359375 0.1453125 0.4359375 0.146875 0.4375 0.2328125 0.4375 0.2328125 0.00625 0.1421875 0.00625 0.1421875 0.015625 0.14375 0.0171875 0.14375 0.053125000000000006 0.1421875 0.0546875 0.1421875 0.06875 0.14375 0.0703125
5 0.0328125 0.6578124999999999 0.0328125 0.5671875 0.00625 0.5671875 0.00625 0.6578124999999999 0.0328125 0.6578124999999999
6 0.6406562499999999 0 0.6406562499999999 0.08930555555555555 0.74109375 0.08930555555555555 0.74109375 0 0.6406562499999999 0