5 0.9953125 0.7453125 0.9953125 0.66875 0.803125 0.66875 0.803125 0.7453125 0.9953125 0.7453125
2 0.5953125 0.51875 0.5953125 0.42656249999999996 0.5078125 0.42656249999999996 0.5078125 0.51875 0.5953125 0.51875
6 0.509375 0.8500000000000001 0.509375 0.9546874999999999 0.5859375 0.9546874999999999 0.5875 0.9562499999999999 0.5921875 0.9562499999999999 0.5921875 0.8500000000000001 0.509375 0.8500000000000001
5 0.796875 0.6522847222222222 0.4107125 0.6597222222222222 0.4017875 0.7018819444444444 0.49776875 0.7043680555555556 0.5 0.7562500000000001 0.5015625 0.7578125 0.7953125 0.7578125 0.796875 0.6522847222222222
5 0.49375 0.9874999999999999 0.49375 0.70625 0.4109375 0.70625 0.4109375 0.9874999999999999 0.49375 0.9874999999999999
5 1 0.20829861111111111 0.80134375 0.20829861111111111 0.80134375 0.42906249999999996 1 0.42906249999999996 1 0.20829861111111111
5 0.794625 0.20829861111111111 0.607125 0.20829861111111111 0.607125 0.42906249999999996 0.794625 0.42906249999999996 0.794625 0.20829861111111111
5 0.40178125 0 0.40178125 0.6597222222222222 0.49996875 0.6597222222222222 0.49996875 0 0.40178125 0
5 0.0062812499999999995 0 0.0062812499999999995 1 0.41296875 1 0.41296875 0 0.0062812499999999995 0
0 0.6015625 0.4453125 0.6015625 0.44687499999999997 0.6 0.44843750000000004 0.6 0.45156250000000003 0.596875 0.45468749999999997 0.5953125 0.45468749999999997 0.59375 0.45625000000000004 0.5921875 0.45625000000000004 0.590625 0.45781249999999996 0.5875 0.45781249999999996 0.5859375 0.45937500000000003 0.5796875 0.453125 0.578125 0.453125 0.575 0.44999999999999996 0.5734375 0.44999999999999996 0.571875 0.44843750000000004 0.571875 0.44687499999999997 0.5703125 0.4453125 0.5703125 0.44375 0.56875 0.44218749999999996 0.56875 0.44062500000000004 0.5671875 0.4390625 0.5671875 0.4375 0.5640625 0.43437499999999996 0.5640625 0.43281250000000004 0.5625 0.43125 0.5 0.43125 0.5 0.4359375 0.5015625 0.4375 0.5015625 0.4390625 0.503125 0.44062500000000004 0.503125 0.44218749999999996 0.50625 0.4453125 0.509375 0.4453125 0.5109375 0.44687499999999997 0.5171875 0.44687499999999997 0.521875 0.45156250000000003 0.521875 0.453125 0.5125 0.46249999999999997 0.5125 0.46562499999999996 0.509375 0.46875 0.509375 0.47500000000000003 0.5078125 0.4765625 0.509375 0.47812499999999997 0.509375 0.48281250000000003 0.5109375 0.484375 0.5109375 0.49062500000000003 0.509375 0.4921875 0.509375 0.49531250000000004 0.5078125 0.49687499999999996 0.5078125 0.49843750000000003 0.50625 0.5 0.50625 0.503125 0.5046875 0.5046875 0.5046875 0.5078125 0.503125 0.5093749999999999 0.503125 0.515625 0.5015625 0.5171874999999999 0.5015625 0.5249999999999999 0.5 0.5265625 0.5 0.6515625 0.9953125 0.6515625 0.9953125 0.43125 0.609375 0.43125 0.609375 0.43281250000000004 0.6078125 0.43437499999999996 0.6078125 0.4375 0.60625 0.4390625 0.60625 0.44062500000000004 0.6015625 0.4453125
0 0.7203125 0.4296875 0.7171875 0.4296875 0.715625 0.43125 0.7078125 0.43125 0.70625 0.43281250000000004 0.703125 0.43281250000000004 0.7015625 0.43125 0.6828125 0.43125 0.68125 0.43281250000000004 0.6703125 0.43281250000000004 0.66875 0.43437499999999996 0.6703125 0.43437499999999996 0.671875 0.4359375 0.678125 0.4359375 0.6828125 0.44062500000000004 0.6828125 0.44375 0.684375 0.4453125 0.684375 0.44687499999999997 0.6859375 0.44687499999999997 0.6875 0.44843750000000004 0.690625 0.44843750000000004 0.69375 0.45156250000000003 0.69375 0.45625000000000004 0.6921875 0.45781249999999996 0.6921875 0.46406250000000004 0.6890625 0.46718750000000003 0.68125 0.46718750000000003 0.678125 0.46406250000000004 0.678125 0.45937500000000003 0.6765625 0.45781249999999996 0.6765625 0.45625000000000004 0.6734375 0.453125 0.6734375 0.4453125 0.671875 0.4453125 0.6703125 0.44687499999999997 0.66875 0.44687499999999997 0.6671875 0.44843750000000004 0.665625 0.44843750000000004 0.6640625 0.44687499999999997 0.6625 0.44687499999999997 0.6609375 0.4453125 0.659375 0.4453125 0.6546875 0.44062500000000004 0.659375 0.4359375 0.6609375 0.4359375 0.6625 0.43437499999999996 0.6640625 0.43437499999999996 0.6625 0.43281250000000004 0.65 0.43281250000000004 0.6484375 0.43125 0.6328125 0.43125 0.63125 0.43281250000000004 0.6296875 0.43281250000000004 0.628125 0.43437499999999996 0.6296875 0.4359375 0.6296875 0.4375 0.63125 0.4390625 0.63125 0.44062500000000004 0.628125 0.44375 0.6234375 0.44375 0.621875 0.4453125 0.621875 0.44843750000000004 0.6203125 0.44999999999999996 0.6203125 0.45156250000000003 0.6171875 0.45468749999999997 0.6125 0.45468749999999997 0.6109375 0.45625000000000004 0.6078125 0.45625000000000004 0.603125 0.4609375 0.603125 0.46249999999999997 0.6015625 0.46406250000000004 0.6015625 0.46875 0.6 0.47031249999999997 0.6 0.48906249999999996 0.6015625 0.49062500000000003 0.6015625 0.49531250000000004 0.603125 0.49687499999999996 0.603125 0.5015624999999999 0.609375 0.5078125 0.609375 0.5093749999999999 0.6078125 0.5109375 0.6078125 0.51875 0.609375 0.5203125 0.609375 0.5234375 0.6109375 0.5249999999999999 0.6125 0.5249999999999999 0.6140625 0.5265625 0.6171875 0.5265625 0.621875 0.53125 0.6234375 0.53125 0.625 0.5296875000000001 0.625 0.528125 0.6265625 0.5265625 0.6265625 0.5203125 0.6296875 0.5171874999999999 0.6375 0.5171874999999999 0.6421875 0.5218750000000001 0.6421875 0.528125 0.6390625 0.53125 0.6390625 0.5328124999999999 0.6375 0.534375 0.6375 0.5390625 0.6359375 0.5406249999999999 0.6359375 0.54375 0.634375 0.5453125000000001 0.634375 0.5640624999999999 0.6359375 0.565625 0.6359375 0.5687500000000001 0.6375 0.5703125 0.6375 0.5734375 0.6390625 0.575 0.6390625 0.578125 0.6375 0.5796874999999999 0.6375 0.58125 0.6359375 0.5828125 0.6359375 0.5890625 0.634375 0.590625 0.634375 0.6000000000000001 0.6359375 0.6015625 0.6359375 0.60625 0.634375 0.6078125000000001 0.634375 0.6171875 0.6359375 0.6187499999999999 0.6359375 0.6203125 0.6375 0.6203125 0.6390625 0.621875 0.640625 0.621875 0.64375 0.625 0.64375 0.6265624999999999 0.6453125 0.628125 0.6453125 0.640625 0.6484375 0.64375 0.6546875 0.64375 0.65625 0.6453125 0.6609375 0.6453125 0.6625 0.6468750000000001 0.6703125 0.6468750000000001 0.671875 0.6484375 0.6734375 0.6484375 0.675 0.6468750000000001 0.6953125 0.6468750000000001 0.696875 0.6484375 0.7375 0.6484375 0.7390625 0.6468750000000001 0.740625 0.6468750000000001 0.7421875 0.6484375 0.7578125 0.6484375 0.759375 0.6499999999999999 0.7828125 0.6499999999999999 0.784375 0.6515625 0.7859375 0.6515625 0.7875 0.6499999999999999 0.7921875 0.6499999999999999 0.7953125 0.653125 0.8015625 0.653125 0.803125 0.6546875000000001 0.8140625 0.6546875000000001 0.815625 0.65625 0.840625 0.65625 0.8421875 0.6578124999999999 0.84375 0.6578124999999999 0.8453125 0.659375 0.8671875 0.659375 0.86875 0.6609375 0.8734375 0.6609375 0.875 0.659375 0.88125 0.659375 0.8828125 0.6578124999999999 0.8859375 0.6578124999999999 0.8875 0.65625 0.8953125 0.65625 0.896875 0.6578124999999999 0.9 0.6578124999999999 0.9015625 0.65625 0.909375 0.65625 0.9109375 0.6546875000000001 0.915625 0.6546875000000001 0.9171875 0.653125 0.921875 0.653125 0.9234375 0.6515625 0.9234375 0.6468750000000001 0.925 0.6453125 0.925 0.6421874999999999 0.9265625 0.640625 0.9265625 0.6390625000000001 0.9328125 0.6328125 0.934375 0.6328125 0.9359375 0.6312500000000001 0.9375 0.6312500000000001 0.9390625 0.6328125 0.9421875 0.6328125 0.946875 0.6375 0.9515625 0.6375 0.953125 0.6359375 0.95625 0.6390625000000001 0.95625 0.640625 0.9546875 0.6421874999999999 0.9546875 0.6453125 0.953125 0.6468750000000001 0.9484375 0.6468750000000001 0.9484375 0.6515625 0.95 0.653125 0.953125 0.653125 0.9546875 0.6546875000000001 0.95625 0.6546875000000001 0.959375 0.6578124999999999 0.965625 0.6578124999999999 0.9671875 0.659375 0.978125 0.659375 0.978125 0.6484375 0.9765625 0.6468750000000001 0.9765625 0.6390625000000001 0.975 0.6375 0.975 0.6359375 0.9734375 0.6343749999999999 0.9734375 0.6328125 0.978125 0.628125 0.978125 0.6265624999999999 0.975 0.6234375000000001 0.975 0.6203125 0.978125 0.6171875 0.978125 0.6156250000000001 0.9796875 0.6140625 0.9796875 0.6109374999999999 0.98125 0.609375 0.98125 0.6078125000000001 0.984375 0.6046875 0.9890625 0.609375 0.9890625 0.48593749999999997 0.9859375 0.48906249999999996 0.9828125 0.48593749999999997 0.9828125 0.47812499999999997 0.98125 0.4765625 0.98125 0.47187500000000004 0.9796875 0.47031249999999997 0.9796875 0.46875 0.9703125 0.45937500000000003 0.96875 0.45937500000000003 0.9671875 0.45781249999999996 0.9625 0.45781249999999996 0.9609375 0.45625000000000004 0.9578125 0.45625000000000004 0.95625 0.45468749999999997 0.9546875 0.45468749999999997 0.953125 0.453125 0.953125 0.45156250000000003 0.9515625 0.44999999999999996 0.9515625 0.4453125 0.95 0.4453125 0.9484375 0.44375 0.940625 0.44375 0.9390625 0.44218749999999996 0.9375 0.44218749999999996 0.934375 0.4390625 0.9359375 0.4375 0.9359375 0.43281250000000004 0.934375 0.43125 0.93125 0.43125 0.9296875 0.4296875 0.9046875 0.4296875 0.903125 0.428125 0.8828125 0.428125 0.88125 0.4296875 0.8703125 0.4296875 0.86875 0.43125 0.8609375 0.43125 0.859375 0.4296875 0.8578125 0.43125 0.853125 0.43125 0.8515625 0.4296875 0.8234375 0.4296875 0.821875 0.43125 0.79375 0.43125 0.7921875 0.4296875 0.7828125 0.4296875 0.78125 0.43125 0.759375 0.43125 0.7578125 0.4296875 0.75625 0.4296875 0.7546875 0.428125 0.75 0.428125 0.7484375 0.42656249999999996 0.7375 0.42656249999999996 0.7359375 0.428125 0.734375 0.428125 0.7328125 0.42656249999999996 0.728125 0.42656249999999996 0.7265625 0.428125 0.721875 0.428125 0.7203125 0.4296875