5 0.796875 0.44152777777777774 0.50625 0.44152777777777774 0.50625 0.5977777777777777 0.796875 0.5977777777777777 0.796875 0.44152777777777774
5 0.2984375 0.11871527777777777 0.0015625 0.11871527777777777 0.0015625 0.2218402777777778 0.2984375 0.2218402777777778 0.2984375 0.11871527777777777
1 0.49071875 0.11253472222222222 0.30790625 0.11253472222222222 0.30790625 0.21718749999999998 0.49071875 0.21718749999999998 0.49071875 0.11253472222222222
1 0.29534375 0.221875 0.10628125 0.221875 0.10628125 0.3703472222222222 0.29534375 0.3703472222222222 0.29534375 0.221875
1 0 0.36875 0.096875 0.36875 0.096875 0.22972222222222222 0 0.22972222222222222 0 0.36875
6 0.49915624999999997 0.3076041666666667 0.39759375 0.3076041666666667 0.39759375 0.4169791666666667 0.49915624999999997 0.4169791666666667 0.49915624999999997 0.3076041666666667
6 0.3953125 0.4184722222222222 0.3015625 0.4184722222222222 0.3015625 0.5247222222222222 0.3953125 0.5247222222222222 0.3953125 0.4184722222222222
2 0.49221875 0.41718750000000004 0.40628125 0.41718750000000004 0.40628125 0.5280902777777778 0.49221875 0.5280902777777778 0.49221875 0.41718750000000004
7 0.5890625 0.4312847222222222 0.5109375 0.4312847222222222 0.5109375 0.5109375 0.5890625 0.5109375 0.5890625 0.4312847222222222
7 0.6890625 0.43125 0.6109375 0.43125 0.6109375 0.5125 0.6890625 0.5125 0.6890625 0.43125
7 0.78753125 0.4312847222222222 0.7109687499999999 0.4312847222222222 0.7109687499999999 0.5109375 0.78753125 0.5109375 0.78753125 0.4312847222222222
5 0.8906562499999999 0.11875000000000001 0.5078437499999999 0.11875000000000001 0.5078437499999999 0.33125000000000004 0.8906562499999999 0.33125000000000004 0.8906562499999999 0.11875000000000001
5 0.89916875 0.6666666666666666 0.99375 0.6675902777777778 0.99375 0.002777777777777778 0.00166875 0.002777777777777778 0 0.10833333333333334 0.9 0.10833333333333334 0.89916875 0.6666666666666666
12 0 0.9999652777777778 0.99375 0.9999652777777778 0.99375 0.6703125000000001 0 0.6703125000000001 0 0.9999652777777778