5 0.27034375 0.33281249999999996 0.86565625 0.33281249999999996 0.86565625 0.17343750000000002 0.27034375 0.17343750000000002 0.27034375 0.33281249999999996
5 0.4609375 0.7703125 0.4609375 0.5625 0.26875 0.5625 0.26875 0.7703125 0.4609375 0.7703125
5 0.6578125 0.7743541666666667 0.6578125 0.5618541666666667 0.4640625 0.5618541666666667 0.4640625 0.7743541666666667 0.6578125 0.7743541666666667
2 0.4890625 0.5171874999999999 0.4890625 0.43125 0.4078125 0.43125 0.4078125 0.5171874999999999 0.4890625 0.5171874999999999
7 0.25 0.6187499999999999 0.25 0.55 0.175 0.55 0.175 0.6187499999999999 0.25 0.6187499999999999
6 0.4328125 0.4046875 0.4578125 0.4046875 0.4578125 0.3109375 0.365625 0.3109375 0.365625 0.40625 0.4078125 0.40625 0.409375 0.4046875 0.4109375 0.40625 0.415625 0.40625 0.4171875 0.4046875 0.4234375 0.4046875 0.425 0.40625 0.43125 0.40625 0.4328125 0.4046875
5 0.95625 0.9930555555555556 0.95625 0.66875 0.8703125 0.66875 0.8703125 0.9930555555555556 0.95625 0.9930555555555556
5 0.8703125 0.16562500000000002 0.8703125 0.44218749999999996 0.959375 0.44218749999999996 0.9609375 0.44062500000000004 0.9609375 0.16562500000000002 0.8703125 0.16562500000000002
5 0.8625 0.9930555555555556 0.8625 0.8921874999999999 0.15625 0.8921874999999999 0.15625 0.9930555555555556 0.8625 0.9930555555555556
5 0.16071875 1 0.16071875 0.16121527777777778 0.07140625 0.16121527777777778 0.07140625 1 0.16071875 1
5 0.16565625 0.5484722222222222 0.25784375000000004 0.5484722222222222 0.25784375000000004 0.34375 0.16565625 0.34375 0.16565625 0.5484722222222222
5 0.16565625 0.33281249999999996 0.25784375000000004 0.33281249999999996 0.25784375000000004 0.1749652777777778 0.16565625 0.1749652777777778 0.16565625 0.33281249999999996
5 0.0714375 0.16371527777777778 0.8705624999999999 0.16371527777777778 0.8705624999999999 0.1190625 0.0714375 0.1190625 0.0714375 0.16371527777777778
5 0.9575875 0.21577083333333336 0.99375 0.21577083333333336 0.99375 0.11904861111111112 0.87723125 0.12152777777777778 0.87276875 0.16120833333333331 0.953125 0.1661736111111111 0.9575875 0.21577083333333336
5 0 0.9930555555555556 0.06919375 0.9920625 0.07366249999999999 0.12152777777777778 0.99375 0.11904861111111112 0.99375 0 0 0.0024791666666666664 0 0.9930555555555556