5 0.5140625 0.44375 0.515625 0.44218749999999996 0.5296875 0.44218749999999996 0.53125 0.44062500000000004 0.534375 0.44062500000000004 0.5359375 0.4390625 0.54375 0.4390625 0.5453125 0.44062500000000004 0.5546875 0.44062500000000004 0.55625 0.4390625 0.559375 0.4390625 0.5609375 0.4375 0.5625 0.4390625 0.5671875 0.4390625 0.56875 0.44062500000000004 0.5734375 0.44062500000000004 0.575 0.44218749999999996 0.6015625 0.44218749999999996 0.603125 0.44375 0.6078125 0.44375 0.609375 0.4453125 0.7140625 0.4453125 0.7140625 0.34062499999999996 0.3125 0.3422638888888889 0.3080375 0.4414652777777778 0.5109375 0.4453125 0.5125 0.44375 0.5140625 0.44375
5 0.00621875 0.9930208333333334 0.11403125 0.9930208333333334 0.11403125 0.7828124999999999 0.00621875 0.7828124999999999 0.00621875 0.9930208333333334
5 0.50934375 0.9930208333333334 0.7109062500000001 0.9930208333333334 0.7109062500000001 0.7828124999999999 0.50934375 0.7828124999999999 0.50934375 0.9930208333333334
8 0.79215625 0.9930555555555556 0.9999687500000001 0.9930555555555556 0.9999687500000001 0.9015277777777777 0.79215625 0.9015277777777777 0.79215625 0.9930555555555556
5 0.024531249999999998 0.44145833333333334 0.11159375 0.44145833333333334 0.11159375 0.33479166666666665 0.024531249999999998 0.33479166666666665 0.024531249999999998 0.44145833333333334
6 0.11871875000000001 0.4140625 0.20465624999999998 0.4140625 0.20465624999999998 0.30940972222222224 0.11871875000000001 0.30940972222222224 0.11871875000000001 0.4140625
5 0.2140625 0.44059027777777776 0.3109375 0.44059027777777776 0.3109375 0.3374652777777778 0.2140625 0.3374652777777778 0.2140625 0.44059027777777776
5 0.53590625 0.3327777777777778 0.71559375 0.3327777777777778 0.71559375 0.11402777777777778 0.53590625 0.11402777777777778 0.53590625 0.3327777777777778
5 0.3125 0.2218402777777778 0.51875 0.2218402777777778 0.51875 0.11246527777777778 0.3125 0.11246527777777778 0.3125 0.2218402777777778
5 0.109375 0.21878472222222223 0.2125 0.21878472222222223 0.2125 0.10940972222222223 0.109375 0.10940972222222223 0.109375 0.21878472222222223
5 0.7140625 0.4375 0.8109375 0.4375 0.8109375 0.10777777777777778 0.7140625 0.10777777777777778 0.7140625 0.4375
5 0.8124687500000001 0.21875 0.99840625 0.21875 0.99840625 0.11249999999999999 0.8124687500000001 0.11249999999999999 0.8124687500000001 0.21875
5 0.81275 0.44621527777777775 0.90025 0.44621527777777775 0.90025 0.3430902777777778 0.81275 0.3430902777777778 0.81275 0.44621527777777775
9 0.89959375 0.44145833333333334 0.9977812500000001 0.44145833333333334 0.9977812500000001 0.33479166666666665 0.89959375 0.33479166666666665 0.89959375 0.44145833333333334
2 0.509375 0.5265625 0.59375 0.5265625 0.59375 0.42496527777777776 0.509375 0.42496527777777776 0.509375 0.5265625
6 0.82496875 0.5234375 0.90153125 0.5234375 0.90153125 0.4140625 0.82496875 0.4140625 0.82496875 0.5234375
6 0.215625 0.8609374999999999 0.309375 0.8609374999999999 0.309375 0.7515624999999999 0.215625 0.7515624999999999 0.215625 0.8609374999999999
5 0 0.11406250000000001 0.99553125 0.11406250000000001 0.99553125 0.0024652777777777776 0 0.0024652777777777776 0 0.11406250000000001
8 0.21428124999999998 0.2232291666666667 0.31471875 0.2232291666666667 0.31471875 0.11413194444444444 0.21428124999999998 0.11413194444444444 0.21428124999999998 0.2232291666666667
8 0.017875 0.22076388888888887 0.109375 0.22076388888888887 0.109375 0.11659722222222221 0.017875 0.11659722222222221 0.017875 0.22076388888888887