12 1 0.6745833333333333 0 0.6745833333333333 0 1 1 1 1 0.6745833333333333
5 0.79996875 0.6734374999999999 0.99840625 0.6734374999999999 0.99840625 0.0030902777777777777 0.79996875 0.0030902777777777777 0.79996875 0.6734374999999999
5 0.00621875 0.10784722222222222 0.19215625 0.10784722222222222 0.19215625 0.0015972222222222223 0.00621875 0.0015972222222222223 0.00621875 0.10784722222222222
5 0.00625 0.44375 0.396875 0.44375 0.396875 0.22499999999999998 0.00625 0.22499999999999998 0.00625 0.44375
6 0.40465625000000005 0.30711805555555555 0.49684375000000003 0.30711805555555555 0.49684375000000003 0.19621527777777778 0.40465625000000005 0.19621527777777778 0.40465625000000005 0.30711805555555555
6 0.2046875 0.6422222222222222 0.2953125 0.6422222222222222 0.2953125 0.5297222222222222 0.2046875 0.5297222222222222 0.2046875 0.6422222222222222
2 0.51090625 0.5265625 0.59059375 0.5265625 0.59059375 0.41718750000000004 0.51090625 0.41718750000000004 0.51090625 0.5265625
5 0.19865625 0.11156250000000001 0.5937187500000001 0.11156250000000001 0.5937187500000001 0.0024652777777777776 0.19865625 0.0024652777777777776 0.19865625 0.11156250000000001
5 0.596 0.10666666666666666 0.796875 0.10666666666666666 0.796875 0.0025 0.596 0.0025 0.596 0.10666666666666666
1 0.6094062499999999 0.560486111111111 0.69196875 0.560486111111111 0.69196875 0.44145833333333334 0.6094062499999999 0.44145833333333334 0.6094062499999999 0.560486111111111
5 0.60715625 0.39190972222222226 0.8035937499999999 0.39190972222222226 0.8035937499999999 0.2232291666666667 0.60715625 0.2232291666666667 0.60715625 0.39190972222222226
5 0.6094062499999999 0.44642361111111106 0.69196875 0.44642361111111106 0.69196875 0.38690972222222225 0.6094062499999999 0.38690972222222225 0.6094062499999999 0.44642361111111106
5 0.700875 0.6547569444444444 0.796875 0.6547569444444444 0.796875 0.5580208333333334 0.700875 0.5580208333333334 0.700875 0.6547569444444444
5 0.60046875 0.6597569444444444 0.69865625 0.6597569444444444 0.69865625 0.5630208333333333 0.60046875 0.5630208333333333 0.60046875 0.6597569444444444
6 0.7078125 0.5280902777777778 0.7890625 0.5280902777777778 0.7890625 0.4124652777777778 0.7078125 0.4124652777777778 0.7078125 0.5280902777777778