5 0.7953125 0.7671874999999999 0.7953125 0.5640624999999999 0.6015625 0.5640624999999999 0.6015625 0.7671874999999999 0.7953125 0.7671874999999999
6 0.6890625 0.5093749999999999 0.6890625 0.40312499999999996 0.6109375 0.40312499999999996 0.6109375 0.5093749999999999 0.6890625 0.5093749999999999
2 0.5921875 0.5203125 0.5921875 0.4296875 0.50625 0.4296875 0.50625 0.5203125 0.5921875 0.5203125
6 0.396875 0.4390625 0.396875 0.3421875 0.3046875 0.3421875 0.3046875 0.4390625 0.396875 0.4390625
6 0.6015625 0.840625 0.603125 0.8421875000000001 0.690625 0.8421875000000001 0.690625 0.7609375 0.6015625 0.7609375 0.6015625 0.840625
5 0.6015625 0.11875000000000001 0.6015625 0.16249999999999998 0.6986625 0.1636875 0.70089375 0.22073611111111113 0.79910625 0.22073611111111113 0.7984375 0.11875000000000001 0.6015625 0.11875000000000001
6 0.703125 0.5093749999999999 0.7046875 0.5109375 0.7921875 0.5109375 0.7921875 0.4046875 0.703125 0.4046875 0.703125 0.5093749999999999
8 0 0 0 0.10625000000000001 0.096625 0.10625000000000001 0.096625 0 0 0
8 0.50225 0 0.50225 0.10666666666666666 0.596 0.10666666666666666 0.596 0 0.50225 0
5 0.6964375 0.1761111111111111 0.6049375 0.1761111111111111 0.6049375 0.3298611111111111 0.6964375 0.3298611111111111 0.6964375 0.1761111111111111
5 0.60040625 0.1190625 0.50221875 0.1190625 0.50221875 0.3373263888888889 0.60040625 0.3373263888888889 0.60040625 0.1190625
5 0.5 0.1711111111111111 0.404 0.1711111111111111 0.404 0.3273611111111111 0.5 0.3273611111111111 0.5 0.1711111111111111
5 0.8035937499999999 1 0.8035937499999999 0.8928819444444444 0.20315625 0.8928819444444444 0.20315625 1 0.8035937499999999 1
5 0.5982125 0 0.6004437499999999 0.11409027777777776 0.796875 0.11409027777777776 0.8058062500000001 0.9930555555555556 1 0.9930555555555556 1 0 0.5982125 0
5 0.22321249999999998 0 0.21875 0.7787708333333333 0.2767875 0.7762916666666667 0.27901875 0.21825694444444443 0.4017875 0.21825694444444443 0.39955625 0.1686527777777778 0.49776875 0.1686527777777778 0.5044625 0.11656944444444445 0.27901875 0.11656944444444445 0.27901875 0 0.22321249999999998 0