8 0.59821875 0.33979166666666666 0.49778124999999995 0.33979166666666666 0.49778124999999995 0.4588194444444444 0.59821875 0.4588194444444444 0.59821875 0.33979166666666666
5 0.596875 0.3421875 0.596875 0.12656250000000002 0.3984375 0.12656250000000002 0.3984375 0.3421875 0.596875 0.3421875
10 0.9953125 0.22812500000000002 0.9953125 0.128125 0.9109375 0.128125 0.9109375 0.22812500000000002 0.9953125 0.22812500000000002
2 0.503125 0.42656249999999996 0.503125 0.5171874999999999 0.5921875 0.5171874999999999 0.59375 0.51875 0.5953125 0.51875 0.5953125 0.42656249999999996 0.503125 0.42656249999999996
5 0.2953125 0.9930555555555556 0.2953125 0.8015625 0.2015625 0.8015625 0.2015625 0.9930555555555556 0.2953125 0.9930555555555556
5 0.19375 0.9930555555555556 0.19375 0.6171875 0.109375 0.6171875 0.109375 0.9930555555555556 0.19375 0.9930555555555556
5 0.2953125 0.7953125000000001 0.2953125 0.6296875 0.203125 0.6296875 0.203125 0.7953125000000001 0.2953125 0.7953125000000001
5 0.7984375 0.9955347222222222 0.7984375 0.8024791666666666 0.7046875 0.8024791666666666 0.7046875 0.9955347222222222 0.7984375 0.9955347222222222
5 0.796875 0.8062499999999999 0.796875 0.6312500000000001 0.7046875 0.6312500000000001 0.7046875 0.8062499999999999 0.796875 0.8062499999999999
5 0.8921875 0.9930555555555556 0.8921875 0.6265624999999999 0.80625 0.6265624999999999 0.80625 0.9930555555555556 0.8921875 0.9930555555555556
5 0.3046875 0 0.3046875 0.671875 0.3953125 0.671875 0.3953125 0 0.3046875 0
5 0.103125 0.9955347222222222 0.103125 0.5681041666666666 0.0078125 0.5681041666666666 0.0078125 0.9955347222222222 0.103125 0.9955347222222222
5 0.996875 0.9930555555555556 0.996875 0.90625 0.9 0.90625 0.9 0.9930555555555556 0.996875 0.9930555555555556
5 0.109375 0.5765625000000001 0.109375 0.6187499999999999 0.1109375 0.6203125 0.1109375 0.6234375000000001 0.3 0.6234375000000001 0.3 0.5765625000000001 0.109375 0.5765625000000001
10 0.99375 0.44218749999999996 0.99375 0.33906250000000004 0.9 0.33906250000000004 0.9 0.44218749999999996 0.99375 0.44218749999999996
5 0.303125 0.46718750000000003 0.00625 0.46718750000000003 0.00625 0.5578125 0.303125 0.5578125 0.303125 0.46718750000000003
5 0.8953125 0.2359722222222222 0.7046875 0.2359722222222222 0.7046875 0.5687500000000001 0.8953125 0.5687500000000001 0.8953125 0.2359722222222222
5 0.5982125 0.6820416666666667 0.6986625 0.6795625 0.703125 0.6225208333333333 0.890625 0.6274791666666667 0.890625 0.5679583333333333 0.5982125 0.5654791666666666 0.5982125 0.6820416666666667
10 0.69421875 0.1338888888888889 0.60490625 0.1338888888888889 0.60490625 0.24055555555555555 0.69421875 0.24055555555555555 0.69421875 0.1338888888888889