5 0.228125 0.22812500000000002 0.228125 0.22968750000000002 0.2296875 0.23124999999999998 0.2296875 0.24375000000000002 0.23125 0.24531250000000002 0.23125 0.43281250000000004 0.234375 0.4359375 0.403125 0.4359375 0.4046875 0.43437499999999996 0.4046875 0.34062499999999996 0.409375 0.3359375 0.4859375 0.3359375 0.4875 0.3375 0.4890625 0.3375 0.4921875 0.34062499999999996 0.4921875 0.3421875 0.49375 0.34375 0.49375 0.43437499999999996 0.4953125 0.4359375 0.765625 0.4359375 0.7671875 0.43437499999999996 0.7671875 0.43125 0.76875 0.4296875 0.76875 0.42500000000000004 0.7703125 0.4234375 0.7703125 0.415625 0.76875 0.4140625 0.76875 0.4125 0.7703125 0.41093749999999996 0.7703125 0.4078125 0.76875 0.40625 0.76875 0.34062499999999996 0.7671875 0.33906250000000004 0.7671875 0.3359375 0.76875 0.334375 0.7671875 0.33281249999999996 0.7671875 0.3140625 0.76875 0.3125 0.76875 0.3046875 0.7671875 0.303125 0.7671875 0.27031249999999996 0.76875 0.26875000000000004 0.76875 0.24375000000000002 0.7703125 0.2421875 0.7703125 0.234375 0.771875 0.23281249999999998 0.771875 0.2265625 0.7734375 0.22499999999999998 0.7734375 0.22031250000000002 0.775 0.21875 0.775 0.21718749999999998 0.7765625 0.215625 0.7765625 0.003125 0.221875 0.003125 0.221875 0.221875 0.228125 0.22812500000000002
1 0.3984375 0.659375 0.3984375 0.5531250000000001 0.3046875 0.5531250000000001 0.3046875 0.659375 0.3984375 0.659375
1 0.990625 0.6609375 0.9921875 0.659375 0.9921875 0.5562499999999999 0.903125 0.5562499999999999 0.903125 0.6609375 0.990625 0.6609375
5 0.8890625 0.659375 0.8890625 0.5671875 0.409375 0.5671875 0.409375 0.659375 0.8890625 0.659375
5 0.2921875 0.6578124999999999 0.2921875 0.5703125 0.2046875 0.5703125 0.2046875 0.6578124999999999 0.2921875 0.6578124999999999
5 0.578125 0.9930555555555556 0.578125 0.8921874999999999 0.2234375 0.8921874999999999 0.2234375 0.9930555555555556 0.578125 0.9930555555555556
8 0.984375 0.43281250000000004 0.984375 0.34375 0.9140625 0.34375 0.9140625 0.43281250000000004 0.984375 0.43281250000000004
4 0.0984375 0.271875 0.0984375 0.22499999999999998 0.0015625 0.22499999999999998 0.0015625 0.271875 0.0984375 0.271875
5 0.8265625 0.22499999999999998 0.8265625 0.2265625 0.828125 0.22812500000000002 0.828125 0.22968750000000002 0.8296875 0.23124999999999998 0.8296875 0.24375000000000002 0.83125 0.24531250000000002 0.83125 0.37968749999999996 0.8296875 0.38125 0.8296875 0.428125 0.83125 0.4296875 0.83125 0.43437499999999996 0.8328125 0.4359375 0.903125 0.4359375 0.9046875 0.43437499999999996 0.90625 0.43437499999999996 0.90625 0.4296875 0.9078125 0.428125 0.9078125 0.42656249999999996 0.90625 0.42500000000000004 0.90625 0.40625 0.9046875 0.4046875 0.9046875 0.39375000000000004 0.90625 0.3921875 0.90625 0.365625 0.9046875 0.36406249999999996 0.9046875 0.34062499999999996 0.909375 0.3359375 0.965625 0.3359375 0.9671875 0.3375 0.9890625 0.3375 0.990625 0.3359375 0.99375 0.3359375 0.99375 0.0015625 0.8234375 0.0015625 0.8234375 0.221875 0.8265625 0.22499999999999998
5 0.975 0.9930555555555556 0.975 0.8921874999999999 0.6234375 0.8921874999999999 0.6234375 0.9930555555555556 0.975 0.9930555555555556
2 0.4890625 0.5203125 0.4890625 0.43125 0.4078125 0.43125 0.4078125 0.5203125 0.4890625 0.5203125
6 0.184375 0.7484375000000001 0.184375 0.6468750000000001 0.090625 0.6468750000000001 0.090625 0.7484375000000001 0.184375 0.7484375000000001
8 0.4203125 0.4359375 0.428125 0.4359375 0.4296875 0.43437499999999996 0.4296875 0.43281250000000004 0.4328125 0.4296875 0.465625 0.4296875 0.46875 0.43281250000000004 0.46875 0.43437499999999996 0.4703125 0.4359375 0.475 0.4359375 0.4765625 0.4375 0.478125 0.4375 0.4796875 0.4359375 0.4828125 0.4359375 0.4828125 0.34062499999999996 0.4171875 0.34062499999999996 0.4171875 0.4390625 0.4203125 0.4359375
0 0.00625 0.66875 0.0078125 0.6671875 0.0203125 0.6671875 0.021875 0.66875 0.0375 0.66875 0.0390625 0.6671875 0.05625 0.6671875 0.0578125 0.66875 0.059375 0.66875 0.0609375 0.6671875 0.084375 0.6671875 0.0859375 0.66875 0.096875 0.66875 0.096875 0.28125 0.0046875 0.28125 0.0046875 0.66875 0.00625 0.66875
5 0.11875 0.6546875000000001 0.1203125 0.653125 0.153125 0.653125 0.1546875 0.6546875000000001 0.1625 0.6546875000000001 0.1640625 0.65625 0.1703125 0.65625 0.171875 0.6578124999999999 0.1875 0.6578124999999999 0.1890625 0.65625 0.196875 0.65625 0.1984375 0.6578124999999999 0.2 0.6578124999999999 0.2 0.6328125 0.1984375 0.6312500000000001 0.1984375 0.578125 0.2 0.5765625000000001 0.2 0.5671875 0.1984375 0.565625 0.1984375 0.534375 0.2 0.5328124999999999 0.2 0.5171874999999999 0.1984375 0.515625 0.1984375 0.5109375 0.2 0.5093749999999999 0.2 0.003125 0.103125 0.003125 0.103125 0.6546875000000001 0.11875 0.6546875000000001