5 0.25 0.8875 0.2515625 0.8859375 0.26875 0.8859375 0.2703125 0.8875 0.2953125 0.8875 0.3 0.8921874999999999 0.3 0.8968750000000001 0.3015625 0.8984375 0.3015625 0.9930555555555556 0.396875 0.9930555555555556 0.396875 0.784375 0.39375 0.78125 0.390625 0.78125 0.3890625 0.7796875000000001 0.2046875 0.7796875000000001 0.2046875 0.8859375 0.20625 0.8875 0.209375 0.8875 0.2109375 0.8890625000000001 0.2125 0.8875 0.25 0.8875
5 0.6015625 0.6656249999999999 0.6015625 0.559375 0.2015625 0.559375 0.2015625 0.6656249999999999 0.4296875 0.6656249999999999 0.43125 0.6640625 0.4421875 0.6640625 0.44375 0.6656249999999999 0.6015625 0.6656249999999999
2 0.5953125 0.5234375 0.5953125 0.4203125 0.503125 0.4203125 0.503125 0.5234375 0.5953125 0.5234375
6 0.4984375 0.746875 0.4984375 0.6484375 0.4015625 0.6484375 0.4015625 0.746875 0.4984375 0.746875
5 0.696875 0.9930555555555556 0.696875 0.5531250000000001 0.6046875 0.5531250000000001 0.6046875 0.9930555555555556 0.696875 0.9930555555555556
8 0.203125 0.32343750000000004 0.203125 0.21875 0.1046875 0.21875 0.1046875 0.32343750000000004 0.203125 0.32343750000000004
6 0.690625 0.0796875 0.690625 0.0015625 0.609375 0.0015625 0.609375 0.0796875 0.690625 0.0796875
6 0.2078125 0.08124999999999999 0.209375 0.08281250000000001 0.2875 0.08281250000000001 0.2875 0.0015625 0.2078125 0.0015625 0.2078125 0.08124999999999999
5 0.1 0.5687500000000001 0.1015625 0.5703125 0.1015625 0.590625 0.1 0.5921875000000001 0.1 0.7109375 0.0984375 0.7124999999999999 0.0984375 0.7265625 0.1 0.7281249999999999 0.1 0.76875 0.1015625 0.7703125 0.1015625 0.7718750000000001 0.1046875 0.7749999999999999 0.10625 0.7749999999999999 0.1078125 0.7765625 0.1578125 0.7765625 0.159375 0.778125 0.196875 0.778125 0.2 0.78125 0.2 0.6328125 0.1984375 0.6312500000000001 0.1984375 0.596875 0.2 0.5953124999999999 0.2 0.5453125000000001 0.1984375 0.54375 0.1984375 0.49843750000000003 0.196875 0.49687499999999996 0.196875 0.48906249999999996 0.1953125 0.48750000000000004 0.1953125 0.45937500000000003 0.19375 0.45781249999999996 0.19375 0.45468749999999997 0.1921875 0.453125 0.1921875 0.45156250000000003 0.190625 0.44999999999999996 0.1890625 0.44999999999999996 0.1859375 0.44687499999999997 0.1828125 0.44687499999999997 0.18125 0.4453125 0.16875 0.4453125 0.1671875 0.44375 0.11875 0.44375 0.1171875 0.4453125 0.1046875 0.4453125 0.103125 0.44375 0.1015625 0.44375 0.0984375 0.44062500000000004 0.0984375 0.42500000000000004 0.1 0.4234375 0.1 0.21875 0.0984375 0.21718749999999998 0.0984375 0.1921875 0.1 0.190625 0.1 0.1296875 0.0984375 0.128125 0.0984375 0.04375 0.096875 0.0421875 0.096875 0.03125 0.0953125 0.029687500000000002 0.0953125 0.009375000000000001 0.09375 0.0078125 0.09375 0.00625 0.0953125 0.004687500000000001 0.0953125 0.003125 0.00625 0.003125 0.00625 0.5562499999999999 0.0078125 0.5578125 0.04375 0.5578125 0.0453125 0.5562499999999999 0.09375 0.5562499999999999 0.1 0.5625 0.1 0.5687500000000001
5 0.2375 0.78125 0.2359375 0.7796875000000001 0.234375 0.7796875000000001 0.2328125 0.78125 0.2171875 0.78125 0.215625 0.7796875000000001 0.2078125 0.7796875000000001 0.20625 0.78125 0.203125 0.78125 0.2015625 0.7828124999999999 0.2015625 0.8359375 0.2 0.8374999999999999 0.2 0.85625 0.1984375 0.8578125000000001 0.1984375 0.878125 0.20625 0.8859375 0.2078125 0.8859375 0.209375 0.8875 0.2359375 0.8875 0.2375 0.8859375 0.2953125 0.8859375 0.296875 0.8875 0.2984375 0.8875 0.3 0.8890625000000001 0.3 0.890625 0.3015625 0.8921874999999999 0.3015625 0.9406249999999999 0.3 0.9421875000000001 0.3 0.9671875000000001 0.2984375 0.96875 0.2984375 0.9828125000000001 0.3 0.984375 0.3 0.9906250000000001 0.396875 0.9906250000000001 0.396875 0.9874999999999999 0.3984375 0.9859374999999999 0.3984375 0.9109375000000001 0.396875 0.9093749999999999 0.396875 0.8453124999999999 0.3953125 0.84375 0.3953125 0.8374999999999999 0.39375 0.8359375 0.39375 0.83125 0.3921875 0.8296874999999999 0.3921875 0.828125 0.390625 0.8265625000000001 0.390625 0.825 0.3890625 0.8234375 0.3859375 0.8234375 0.3859375 0.825 0.384375 0.8265625000000001 0.384375 0.828125 0.3828125 0.8296874999999999 0.38125 0.8296874999999999 0.378125 0.8328125 0.3734375 0.8328125 0.371875 0.8343750000000001 0.3703125 0.8343750000000001 0.36875 0.8359375 0.3640625 0.8359375 0.3625 0.8374999999999999 0.3328125 0.8374999999999999 0.33125 0.8359375 0.3203125 0.8359375 0.315625 0.83125 0.3140625 0.83125 0.309375 0.8265625000000001 0.309375 0.8187500000000001 0.3109375 0.8171875 0.3109375 0.8125 0.3125 0.8109375000000001 0.3125 0.8078125 0.3140625 0.8062499999999999 0.3140625 0.8046875 0.3203125 0.7984374999999999 0.3296875 0.7984374999999999 0.3328125 0.7953125000000001 0.334375 0.7953125000000001 0.3359375 0.79375 0.3390625 0.79375 0.340625 0.7921875 0.371875 0.7921875 0.3734375 0.79375 0.375 0.7921875 0.378125 0.7921875 0.3828125 0.796875 0.3875 0.796875 0.3890625 0.7953125000000001 0.3890625 0.7921875 0.390625 0.7906249999999999 0.384375 0.784375 0.3828125 0.784375 0.38125 0.7828124999999999 0.36875 0.7828124999999999 0.3671875 0.78125 0.2859375 0.78125 0.284375 0.7796875000000001 0.28125 0.7796875000000001 0.2796875 0.78125 0.26875 0.78125 0.2671875 0.7796875000000001 0.2453125 0.7796875000000001 0.24375 0.78125 0.2375 0.78125
5 0.09821250000000001 0.5555555555555556 0.00625 0.5555555555555556 0.00893125 0.9930555555555556 0.30580625 0.9920625 0.3080375 0.8854166666666666 0.20089375 0.8854166666666666 0.20089375 0.7762916666666667 0.10268124999999999 0.7663680555555555 0.09821250000000001 0.5555555555555556