5 0.396875 0.6031249999999999 0.396875 0.3921875 0.2015625 0.3921875 0.2015625 0.6031249999999999 0.396875 0.6031249999999999
5 0.0984375 0.27031249999999996 0.0984375 0.060937500000000006 0.0015625 0.060937500000000006 0.0015625 0.27031249999999996 0.0984375 0.27031249999999996
2 0.4078125 0.5265625 0.496875 0.5265625 0.496875 0.4140625 0.40625 0.4140625 0.40625 0.5249999999999999 0.4078125 0.5265625
5 0.6984375 0.9437500000000001 0.7015625 0.9406249999999999 0.7015625 0.7234375 0.6 0.7234375 0.6 0.9437500000000001 0.6984375 0.9437500000000001
5 0.2046875 0.16249999999999998 0.2046875 0.1609375 0.20625 0.159375 0.20625 0.0875 0.2046875 0.0859375 0.2046875 0.07343749999999999 0.20625 0.071875 0.20625 0.057812499999999996 0.1 0.057812499999999996 0.1 0.16249999999999998 0.2046875 0.16249999999999998
5 0.6921875 0.27031249999999996 0.69375 0.26875000000000004 0.69375 0.0625 0.6015625 0.0625 0.6015625 0.27031249999999996 0.6921875 0.27031249999999996
5 0.33125 0.1640625 0.3328125 0.16249999999999998 0.3359375 0.16249999999999998 0.3375 0.1609375 0.3609375 0.1609375 0.3625 0.16249999999999998 0.3671875 0.16249999999999998 0.36875 0.1640625 0.5890625 0.1640625 0.590625 0.16249999999999998 0.5953125 0.16249999999999998 0.596875 0.1609375 0.596875 0.056249999999999994 0.296875 0.056249999999999994 0.296875 0.1640625 0.33125 0.1640625
6 0.115625 0.59375 0.1171875 0.5921875000000001 0.184375 0.5921875000000001 0.1859375 0.590625 0.1859375 0.48750000000000004 0.1109375 0.48750000000000004 0.1109375 0.59375 0.115625 0.59375
1 0.2921875 0.140625 0.2921875 0.0640625 0.209375 0.0640625 0.209375 0.140625 0.2921875 0.140625
8 0.3234375 0.9406249999999999 0.3234375 0.8374999999999999 0.0734375 0.8374999999999999 0.0734375 0.9406249999999999 0.3234375 0.9406249999999999
6 0.3796875 0.26093750000000004 0.38125 0.26249999999999996 0.3890625 0.26249999999999996 0.390625 0.26093750000000004 0.3953125 0.26093750000000004 0.396875 0.259375 0.396875 0.1515625 0.303125 0.1515625 0.303125 0.26093750000000004 0.3796875 0.26093750000000004
5 0 0 0.0022312499999999997 0.05704166666666667 0.6986625 0.049604166666666664 0.7075875 0.9499027777777778 0.0044624999999999995 0.9424583333333333 0 0.9930555555555556 0.99375 0.9930555555555556 0.99375 0 0 0