5 0.396875 0.4390625 0.396875 0.34062499999999996 0.203125 0.34062499999999996 0.203125 0.4390625 0.396875 0.4390625
5 0.7953125 0.4390625 0.7953125 0.34062499999999996 0.603125 0.34062499999999996 0.603125 0.4390625 0.7953125 0.4390625
6 0.6875 0.0953125 0.6875 0.0015625 0.6109375 0.0015625 0.6109375 0.0953125 0.6875 0.0953125
5 0.7953125 0.334375 0.7953125 0.003125 0.703125 0.003125 0.703125 0.334375 0.7953125 0.334375
8 0.625 0.5531250000000001 0.625 0.453125 0.3859375 0.453125 0.3859375 0.5531250000000001 0.625 0.5531250000000001
2 0.509375 0.5234375 0.5953125 0.5234375 0.5953125 0.4296875 0.50625 0.4296875 0.50625 0.4453125 0.5078125 0.44687499999999997 0.5078125 0.5140625000000001 0.50625 0.515625 0.50625 0.5203125 0.509375 0.5234375
5 0.2953125 0.33281249999999996 0.2953125 0.003125 0.2 0.003125 0.2 0.33281249999999996 0.2953125 0.33281249999999996
5 0.0984375 0.5531250000000001 0.1 0.5546875 0.1953125 0.5546875 0.1953125 0.3375 0.0984375 0.3375 0.0984375 0.5531250000000001
5 0.9015625 0.34062499999999996 0.803125 0.34062499999999996 0.803125 0.5531250000000001 0.8046875 0.5546875 0.80625 0.5546875 0.8078125 0.5562499999999999 0.9015625 0.5562499999999999 0.9015625 0.34062499999999996
8 0.4984375 0.21875 0.4984375 0.11249999999999999 0.403125 0.11249999999999999 0.403125 0.21875 0.4984375 0.21875
5 1 0.003125 0.9015625 0.003125 0.9015625 0.046875 0.903125 0.048437499999999994 0.903125 0.09062500000000001 0.9015625 0.0921875 0.9015625 0.36250000000000004 0.903125 0.36406249999999996 0.903125 0.45156250000000003 0.9015625 0.453125 0.9015625 0.48750000000000004 0.903125 0.48906249999999996 0.903125 0.49062500000000003 0.9015625 0.4921875 0.9015625 0.5562499999999999 0.8984375 0.559375 0.8921875 0.559375 0.890625 0.5609375000000001 0.8875 0.5609375000000001 0.8859375 0.559375 0.8625 0.559375 0.8609375 0.5609375000000001 0.8453125 0.5609375000000001 0.84375 0.559375 0.8203125 0.559375 0.81875 0.5578125 0.778125 0.5578125 0.7765625 0.5562499999999999 0.5953125 0.5562499999999999 0.59375 0.5578125 0.425 0.5578125 0.4234375 0.5562499999999999 0.3796875 0.5562499999999999 0.378125 0.5578125 0.2765625 0.5578125 0.275 0.5562499999999999 0.2421875 0.5562499999999999 0.240625 0.5578125 0.2390625 0.5562499999999999 0.221875 0.5562499999999999 0.2203125 0.5578125 0.159375 0.5578125 0.1578125 0.559375 0.1125 0.559375 0.1109375 0.5578125 0.1078125 0.5578125 0.1015625 0.5515625 0.1015625 0.5484374999999999 0.1 0.546875 0.1 0.47812499999999997 0.1015625 0.4765625 0.1015625 0.47500000000000003 0.1 0.47343749999999996 0.1 0.43125 0.0984375 0.4296875 0.0984375 0.3734375 0.096875 0.37187499999999996 0.096875 0.35468750000000004 0.0984375 0.353125 0.0984375 0.334375 0.1 0.33281249999999996 0.1 0.040624999999999994 0.1015625 0.0390625 0.1015625 0.028124999999999997 0.1 0.026562500000000003 0.1 0.003125 0.0078125 0.003125 0.00625 0.9930555555555556 1 0.9930555555555556 1 0.003125