5 0.3203125 0.428125 0.321875 0.42656249999999996 0.3234375 0.42656249999999996 0.325 0.42500000000000004 0.3265625 0.42500000000000004 0.328125 0.4234375 0.36875 0.4234375 0.3703125 0.42500000000000004 0.371875 0.42500000000000004 0.375 0.428125 0.3765625 0.428125 0.3796875 0.43125 0.3796875 0.43281250000000004 0.38125 0.43437499999999996 0.38125 0.4359375 0.3828125 0.4375 0.3828125 0.4390625 0.3953125 0.45156250000000003 0.396875 0.45156250000000003 0.3984375 0.44999999999999996 0.4 0.44999999999999996 0.4015625 0.44843750000000004 0.4046875 0.44843750000000004 0.40625 0.44687499999999997 0.4078125 0.44687499999999997 0.4109375 0.44375 0.4109375 0.44218749999999996 0.4125 0.44062500000000004 0.4125 0.4390625 0.4140625 0.4375 0.4140625 0.43437499999999996 0.415625 0.43281250000000004 0.415625 0.43125 0.4171875 0.4296875 0.4171875 0.428125 0.4203125 0.42500000000000004 0.421875 0.42500000000000004 0.4234375 0.4234375 0.4578125 0.4234375 0.459375 0.421875 0.4640625 0.421875 0.465625 0.4203125 0.46875 0.4203125 0.4703125 0.421875 0.471875 0.4203125 0.4796875 0.4203125 0.48125 0.421875 0.4828125 0.421875 0.4859375 0.42500000000000004 0.4859375 0.4375 0.4875 0.4390625 0.4875 0.44062500000000004 0.4953125 0.44843750000000004 0.496875 0.44843750000000004 0.5015625 0.453125 0.5015625 0.45781249999999996 0.5921875 0.45781249999999996 0.5921875 0.3359375 0.30625 0.3359375 0.30625 0.4296875 0.3171875 0.4296875 0.31875 0.428125 0.3203125 0.428125
5 0.9999687500000001 0.001840277777777778 0.6991562499999999 0.001840277777777778 0.6991562499999999 0.9999652777777778 0.9999687500000001 0.9999652777777778 0.9999687500000001 0.001840277777777778
5 0.6921875 0.6734722222222222 0.3078125 0.6734722222222222 0.3078125 0.8859722222222222 0.6921875 0.8859722222222222 0.6921875 0.6734722222222222
5 0.09378125000000001 0.6719097222222222 0.0015937500000000001 0.6719097222222222 0.0015937500000000001 0.8875347222222223 0.09378125000000001 0.8875347222222223 0.09378125000000001 0.6719097222222222
1 0.09378125000000001 0.11090277777777778 0.0015937500000000001 0.11090277777777778 0.0015937500000000001 0.259375 0.09378125000000001 0.259375 0.09378125000000001 0.11090277777777778
1 0.28909375000000004 0.0015625 0.10628125 0.0015625 0.10628125 0.10468749999999999 0.28909375000000004 0.10468749999999999 0.28909375000000004 0.0015625
5 0.0984375 0.009375000000000001 0.0015625 0.009375000000000001 0.0015625 0.10784722222222222 0.0984375 0.10784722222222222 0.0984375 0.009375000000000001
5 0.690625 0.00625 0.3125 0.00625 0.3125 0.22027777777777777 0.690625 0.22027777777777777 0.690625 0.00625
6 0.3 0.20156249999999998 0.196875 0.20156249999999998 0.196875 0.3046875 0.3 0.3046875 0.3 0.20156249999999998
7 0.4890625 0.3218402777777778 0.4109375 0.3218402777777778 0.4109375 0.3984375 0.4890625 0.3984375 0.4890625 0.3218402777777778
6 0.3953125 0.4234375 0.3046875 0.4234375 0.3046875 0.5280902777777778 0.3953125 0.5280902777777778 0.3953125 0.4234375
2 0.490625 0.4202777777777778 0.40625 0.4202777777777778 0.40625 0.5265277777777777 0.490625 0.5265277777777777 0.490625 0.4202777777777778