5 0.86160625 0.03224305555555555 0.8950875 0.009923611111111112 0.79464375 0 0.7901812500000001 0.07688194444444445 0.85714375 0.07440277777777778 0.86160625 0.03224305555555555
8 0.715625 0 0.715625 0.07343749999999999 0.765625 0.07343749999999999 0.7671875 0.07500000000000001 0.784375 0.07500000000000001 0.784375 0 0.715625 0
2 0.5921875 0.5265625 0.5921875 0.421875 0.5078125 0.421875 0.5078125 0.5265625 0.5921875 0.5265625
1 0.3953125 0.078125 0.3953125 0.0015625 0.3046875 0.0015625 0.3046875 0.078125 0.3953125 0.078125
6 0.7046875 0.70625 0.7078125 0.7093750000000001 0.7953125 0.7093750000000001 0.7953125 0.6000000000000001 0.7046875 0.6000000000000001 0.7046875 0.70625
10 0.2984375 0.5234375 0.2984375 0.47343749999999996 0.00625 0.47343749999999996 0.00625 0.5234375 0.2984375 0.5234375
10 0.296875 0.0796875 0.296875 0.029687500000000002 0.00625 0.029687500000000002 0.00625 0.0796875 0.296875 0.0796875
5 0.9984375 0.6343749999999999 0.9984375 0.5265625 0.909375 0.5265625 0.909375 0.6343749999999999 0.9984375 0.6343749999999999
5 0.315625 0.0859375 0.3140625 0.084375 0.309375 0.084375 0.3078125 0.0859375 0.3046875 0.0859375 0.3015625 0.08906249999999999 0.3015625 0.23281249999999998 0.3 0.234375 0.3 0.24843749999999998 0.3015625 0.25 0.3015625 0.25312500000000004 0.3 0.25468749999999996 0.3 0.26249999999999996 0.3015625 0.2640625 0.3015625 0.265625 0.3 0.2671875 0.3 0.2734375 0.3015625 0.275 0.3015625 0.5249999999999999 0.3 0.5265625 0.3 0.5296875000000001 0.3015625 0.53125 0.3015625 0.5921875000000001 0.3 0.59375 0.3 0.60625 0.3015625 0.6078125000000001 0.3015625 0.784375 0.3 0.7859375 0.3 0.8031250000000001 0.3015625 0.8046875 0.3015625 0.8531249999999999 0.3 0.8546875 0.3 0.85625 0.2953125 0.8609374999999999 0.275 0.8609374999999999 0.2734375 0.859375 0.2234375 0.859375 0.221875 0.8578125000000001 0.19375 0.8578125000000001 0.1921875 0.859375 0.1421875 0.859375 0.140625 0.8609374999999999 0.134375 0.8609374999999999 0.1328125 0.859375 0.0390625 0.859375 0.0375 0.8578125000000001 0.0109375 0.8578125000000001 0.009375 0.859375 0.0078125 0.8578125000000001 0.00625 0.8578125000000001 0.00625 0.9703124999999999 0.0265625 0.9703124999999999 0.028125 0.96875 0.39375 0.96875 0.3953125 0.9671875000000001 0.396875 0.9671875000000001 0.396875 0.0859375 0.3921875 0.08124999999999999 0.3875 0.08124999999999999 0.3859375 0.08281250000000001 0.3296875 0.08281250000000001 0.328125 0.084375 0.325 0.084375 0.3234375 0.0859375 0.315625 0.0859375
5 0.5125 0.020312499999999997 0.515625 0.020312499999999997 0.5171875 0.021875 0.51875 0.021875 0.521875 0.025 0.5234375 0.025 0.525 0.026562500000000003 0.525 0.028124999999999997 0.5265625 0.029687500000000002 0.5265625 0.032812499999999994 0.528125 0.034375 0.528125 0.037500000000000006 0.5296875 0.0390625 0.5296875 0.04375 0.528125 0.045312500000000006 0.528125 0.053125000000000006 0.5296875 0.0546875 0.5296875 0.059375000000000004 0.53125 0.060937500000000006 0.53125 0.0640625 0.5328125 0.06562499999999999 0.5328125 0.06875 0.534375 0.0703125 0.534375 0.071875 0.5359375 0.071875 0.5375 0.07343749999999999 0.6921875 0.07343749999999999 0.69375 0.07500000000000001 0.7015625 0.07500000000000001 0.703125 0.07343749999999999 0.7046875 0.07343749999999999 0.70625 0.071875 0.70625 0.003125 0.503125 0.003125 0.503125 0.015625 0.5046875 0.0171875 0.50625 0.0171875 0.5078125 0.018750000000000003 0.5109375 0.018750000000000003 0.5125 0.020312499999999997
5 0.9984375 0.0015625 0.903125 0.0015625 0.903125 0.0765625 0.9046875 0.078125 0.90625 0.078125 0.9078125 0.0796875 0.9984375 0.0796875 0.9984375 0.0015625