5 0.859375 0.234375 0.8578125 0.23593750000000002 0.8390625 0.23593750000000002 0.8375 0.234375 0.7953125 0.234375 0.79375 0.23593750000000002 0.7671875 0.23593750000000002 0.765625 0.234375 0.7484375 0.234375 0.746875 0.23593750000000002 0.7171875 0.23593750000000002 0.715625 0.234375 0.69375 0.234375 0.6921875 0.23593750000000002 0.6421875 0.23593750000000002 0.640625 0.23750000000000002 0.6234375 0.23750000000000002 0.6234375 0.45468749999999997 0.6265625 0.45781249999999996 0.6265625 0.4609375 0.628125 0.46249999999999997 0.628125 0.46406250000000004 0.6296875 0.46562499999999996 0.6296875 0.46875 0.63125 0.47031249999999997 0.63125 0.5 0.6328125 0.5015624999999999 0.6328125 0.6046875 0.63125 0.60625 0.63125 0.628125 0.6296875 0.6296875 0.6296875 0.640625 0.628125 0.6421874999999999 0.628125 0.659375 0.63125 0.6625000000000001 0.63125 0.6640625 0.6328125 0.6656249999999999 0.6328125 0.6671875 0.634375 0.6671875 0.6390625 0.671875 0.8046875 0.671875 0.80625 0.6703125000000001 0.80625 0.5765625000000001 0.8109375 0.5718749999999999 0.8140625 0.5718749999999999 0.815625 0.5703125 0.8171875 0.5703125 0.81875 0.5718749999999999 0.853125 0.5718749999999999 0.8546875 0.5703125 0.8640625 0.5703125 0.865625 0.5718749999999999 0.8703125 0.5718749999999999 0.871875 0.5703125 0.88125 0.5703125 0.8828125 0.5687500000000001 0.8859375 0.5687500000000001 0.8890625 0.5718749999999999 0.890625 0.5718749999999999 0.8953125 0.5765625000000001 0.8953125 0.6625000000000001 0.89375 0.6640625 0.8953125 0.6656249999999999 0.8953125 0.6703125000000001 0.896875 0.671875 0.9671875 0.671875 0.9671875 0.6703125000000001 0.96875 0.66875 0.96875 0.6640625 0.9703125 0.6625000000000001 0.9703125 0.65625 0.96875 0.6546875000000001 0.96875 0.47968750000000004 0.9703125 0.47812499999999997 0.9703125 0.46875 0.9734375 0.46562499999999996 0.9734375 0.46406250000000004 0.975 0.46249999999999997 0.975 0.4609375 0.9796875 0.45625000000000004 0.9796875 0.23750000000000002 0.975 0.23750000000000002 0.9734375 0.23593750000000002 0.953125 0.23593750000000002 0.9515625 0.234375 0.9375 0.234375 0.9359375 0.23593750000000002 0.9 0.23593750000000002 0.8984375 0.234375 0.896875 0.23593750000000002 0.8609375 0.23593750000000002 0.859375 0.234375
5 0.2703125 0.23593750000000002 0.26875 0.234375 0.1953125 0.234375 0.19375 0.23593750000000002 0.16875 0.23593750000000002 0.1671875 0.234375 0.1578125 0.234375 0.15625 0.23593750000000002 0.1421875 0.23593750000000002 0.140625 0.23750000000000002 0.128125 0.23750000000000002 0.1265625 0.23593750000000002 0.0953125 0.23593750000000002 0.09375 0.23750000000000002 0.05625 0.23750000000000002 0.0546875 0.23593750000000002 0.0515625 0.23593750000000002 0.05 0.23750000000000002 0.021875 0.23750000000000002 0.021875 0.453125 0.025 0.45625000000000004 0.025 0.45937500000000003 0.0265625 0.4609375 0.0265625 0.46406250000000004 0.028125 0.46562499999999996 0.028125 0.47031249999999997 0.0296875 0.47187500000000004 0.0296875 0.47812499999999997 0.03125 0.47968750000000004 0.03125 0.5359375 0.0296875 0.5375000000000001 0.0296875 0.6156250000000001 0.028125 0.6171875 0.028125 0.6609375 0.0296875 0.6625000000000001 0.0296875 0.6640625 0.034375 0.66875 0.0359375 0.66875 0.0375 0.6703125000000001 0.36875 0.6703125000000001 0.36875 0.66875 0.3703125 0.6671875 0.3703125 0.6125 0.36875 0.6109374999999999 0.36875 0.48750000000000004 0.3703125 0.48593749999999997 0.3703125 0.47500000000000003 0.371875 0.47343749999999996 0.371875 0.47031249999999997 0.3734375 0.46875 0.3734375 0.46562499999999996 0.375 0.46406250000000004 0.375 0.46249999999999997 0.3765625 0.4609375 0.3765625 0.23593750000000002 0.36875 0.23593750000000002 0.3671875 0.234375 0.3296875 0.234375 0.328125 0.23593750000000002 0.31875 0.23593750000000002 0.3171875 0.234375 0.2796875 0.234375 0.278125 0.23593750000000002 0.2703125 0.23593750000000002
5 0.99375 0.2265625 0.99375 0.13437500000000002 0.609375 0.13437500000000002 0.609375 0.2265625 0.99375 0.2265625
5 0.3921875 0.13437500000000002 0.00625 0.13437500000000002 0.00625 0.140625 0.0078125 0.14218750000000002 0.0078125 0.2265625 0.009375 0.22812500000000002 0.3921875 0.22812500000000002 0.3921875 0.13437500000000002
5 0.0078125 0.890625 0.009375 0.8921874999999999 0.1921875 0.8921874999999999 0.1921875 0.8031250000000001 0.0078125 0.8031250000000001 0.0078125 0.890625
5 0.628125 0.8937499999999999 0.63125 0.8937499999999999 0.6328125 0.8921874999999999 0.665625 0.8921874999999999 0.6671875 0.8937499999999999 0.7796875 0.8937499999999999 0.78125 0.8921874999999999 0.7875 0.8921874999999999 0.7890625 0.8937499999999999 0.7921875 0.8937499999999999 0.7921875 0.8015625 0.60625 0.8015625 0.60625 0.83125 0.6078125 0.8328125 0.6078125 0.890625 0.609375 0.8921874999999999 0.6265625 0.8921874999999999 0.628125 0.8937499999999999
1 0.296875 0.8953125000000001 0.296875 0.7953125000000001 0.2015625 0.7953125000000001 0.2015625 0.8953125000000001 0.296875 0.8953125000000001
1 0.896875 0.8968750000000001 0.896875 0.7953125000000001 0.8015625 0.7953125000000001 0.8015625 0.8968750000000001 0.896875 0.8968750000000001
5 0.3921875 0.8921874999999999 0.39375 0.8937499999999999 0.39375 0.8031250000000001 0.3046875 0.8031250000000001 0.3046875 0.8921874999999999 0.321875 0.8921874999999999 0.3234375 0.8937499999999999 0.371875 0.8937499999999999 0.3734375 0.8921874999999999 0.3921875 0.8921874999999999
5 0.90625 0.8937499999999999 0.9078125 0.8953125000000001 0.99375 0.8953125000000001 0.99375 0.8062499999999999 0.90625 0.8062499999999999 0.90625 0.8937499999999999
2 0.50625 0.428125 0.50625 0.5171874999999999 0.5078125 0.51875 0.5078125 0.5203125 0.59375 0.5203125 0.59375 0.428125 0.50625 0.428125
8 0.8859375 0.6703125000000001 0.8859375 0.58125 0.8140625 0.58125 0.8140625 0.6703125000000001 0.8859375 0.6703125000000001