5 0.996875 0.684375 0.996875 0.47812499999999997 0.6046875 0.47812499999999997 0.6046875 0.684375 0.996875 0.684375
2 0.59375 0.5218750000000001 0.59375 0.4203125 0.5046875 0.4203125 0.5046875 0.5218750000000001 0.59375 0.5218750000000001
5 0.3953125 0.684375 0.3953125 0.47812499999999997 0.00625 0.47812499999999997 0.00625 0.684375 0.3953125 0.684375
6 0.8109375 0.2265625 0.8109375 0.3296875 0.8875 0.3296875 0.8890625 0.33125000000000004 0.890625 0.33125000000000004 0.890625 0.2265625 0.8109375 0.2265625
6 0.3875 0.22343749999999998 0.3875 0.12031249999999999 0.3109375 0.12031249999999999 0.3109375 0.22343749999999998 0.3875 0.22343749999999998
8 0.4 0.690625 0.4015625 0.6921875 0.6 0.6921875 0.6 0.5953124999999999 0.4 0.5953124999999999 0.4 0.690625
5 0.0875 0.13906249999999998 0.0890625 0.1375 0.09375 0.1375 0.0953125 0.13906249999999998 0.1640625 0.13906249999999998 0.165625 0.1375 0.1828125 0.1375 0.184375 0.13906249999999998 0.2640625 0.13906249999999998 0.265625 0.1375 0.2703125 0.1375 0.271875 0.1359375 0.2890625 0.1359375 0.290625 0.1375 0.2953125 0.1375 0.296875 0.13906249999999998 0.3 0.13906249999999998 0.3015625 0.1375 0.3109375 0.1375 0.3125 0.1359375 0.315625 0.1359375 0.3171875 0.13437500000000002 0.328125 0.13437500000000002 0.3296875 0.1328125 0.3328125 0.1328125 0.334375 0.13124999999999998 0.3453125 0.13124999999999998 0.346875 0.1296875 0.3484375 0.1296875 0.35 0.13124999999999998 0.3625 0.13124999999999998 0.3640625 0.1328125 0.3671875 0.1328125 0.36875 0.13437500000000002 0.371875 0.13437500000000002 0.3734375 0.1359375 0.4015625 0.1359375 0.403125 0.1375 0.4046875 0.1375 0.40625 0.1359375 0.41875 0.1359375 0.4203125 0.13437500000000002 0.428125 0.13437500000000002 0.4296875 0.1359375 0.4328125 0.1359375 0.434375 0.1375 0.4421875 0.1375 0.44375 0.13906249999999998 0.478125 0.13906249999999998 0.4796875 0.1375 0.484375 0.1375 0.4859375 0.13906249999999998 0.8671875 0.13906249999999998 0.86875 0.1375 0.896875 0.1375 0.8984375 0.13906249999999998 0.9078125 0.13906249999999998 0.909375 0.1375 0.9296875 0.1375 0.93125 0.1359375 0.9484375 0.1359375 0.95 0.1375 0.9578125 0.1375 0.959375 0.13906249999999998 0.9953125 0.13906249999999998 0.9953125 0.0359375 0.0078125 0.0359375 0.0078125 0.13906249999999998 0.075 0.13906249999999998 0.0765625 0.1375 0.0828125 0.1375 0.084375 0.13906249999999998 0.0875 0.13906249999999998
8 0.7984375 0.028124999999999997 0.7984375 0.0015625 0.703125 0.0015625 0.703125 0.028124999999999997 0.7984375 0.028124999999999997
5 0.996875 0.9930555555555556 0.996875 0.7 0.00625 0.7 0.00625 0.9930555555555556 0.996875 0.9930555555555556
8 0.5984375 0.026562500000000003 0.5984375 0.0015625 0.5015625 0.0015625 0.5015625 0.026562500000000003 0.5984375 0.026562500000000003
5 0.3015625 0.0015625 0.3015625 0.025 0.3046875 0.025 0.30625 0.026562500000000003 0.3984375 0.026562500000000003 0.3984375 0.0015625 0.3015625 0.0015625
8 0.3 0.0015625 0.3 0.025 0.303125 0.025 0.3046875 0.026562500000000003 0.3984375 0.026562500000000003 0.3984375 0.0015625 0.3 0.0015625