7 0.7109375 0.546875 0.7109375 0.621875 0.7890625 0.621875 0.7890625 0.546875 0.7109375 0.546875
1 0.00625 0.3375 0.00625 0.47968750000000004 0.1953125 0.47968750000000004 0.1953125 0.3375 0.00625 0.3375
5 0.609375 0.23281249999999998 0.609375 0.4375 0.9921875 0.4375 0.9921875 0.23281249999999998 0.609375 0.23281249999999998
1 0.2078125 0.33281249999999996 0.2078125 0.48281250000000003 0.39375 0.48281250000000003 0.39375 0.33281249999999996 0.2078125 0.33281249999999996
5 0.78125 0.70625 0.7828125 0.7046874999999999 0.7921875 0.7046874999999999 0.79375 0.70625 0.815625 0.70625 0.8171875 0.7078125 0.8328125 0.7078125 0.834375 0.70625 0.840625 0.70625 0.8421875 0.7046874999999999 0.89375 0.7046874999999999 0.89375 0.5562499999999999 0.6078125 0.5562499999999999 0.6078125 0.7078125 0.690625 0.7078125 0.6921875 0.70625 0.78125 0.70625
6 0.5984375 0.428125 0.503125 0.428125 0.503125 0.5249999999999999 0.596875 0.5249999999999999 0.5984375 0.5234375 0.5984375 0.428125
2 0.4109375 0.42500000000000004 0.4109375 0.5234375 0.490625 0.5234375 0.490625 0.42500000000000004 0.4109375 0.42500000000000004
1 0.4078125 0.22499999999999998 0.4078125 0.32499999999999996 0.5890625 0.32499999999999996 0.5890625 0.22499999999999998 0.4078125 0.22499999999999998
5 0.00625 0.23281249999999998 0.00625 0.328125 0.3984375 0.328125 0.3984375 0.23281249999999998 0.00625 0.23281249999999998
5 0.60625 0.8999999999999999 0.60625 0.9930555555555556 0.9921875 0.9930555555555556 0.9921875 0.8999999999999999 0.60625 0.8999999999999999
5 0.0015625 0.8984375 0.0015625 0.9930555555555556 0.390625 0.9930555555555556 0.390625 0.8984375 0.0015625 0.8984375
5 0.99375 0.006284722222222223 0.003125 0.006284722222222223 0.003125 0.22343749999999998 0.99375 0.22343749999999998 0.99375 0.006284722222222223