5 0.00625 0 0.00625 0.109125 0.8013375 0.109125 0.79910625 0.9930555555555556 1 0.9930555555555556 1 0 0.00625 0
5 0.00621875 0.16875 0.19840625 0.16875 0.19840625 0.11249999999999999 0.00621875 0.11249999999999999 0.00621875 0.16875
5 0.6015312500000001 0.16875 0.7968437500000001 0.16875 0.7968437500000001 0.11249999999999999 0.6015312500000001 0.11249999999999999 0.6015312500000001 0.16875
5 0.20090625 0.3323263888888889 0.60046875 0.3323263888888889 0.60046875 0.11406250000000001 0.20090625 0.11406250000000001 0.20090625 0.3323263888888889
1 0.60715625 0.7837152777777778 0.69646875 0.7837152777777778 0.69646875 0.6671180555555556 0.60715625 0.6671180555555556 0.60715625 0.7837152777777778
5 0.60265625 0.3323263888888889 0.79909375 0.3323263888888889 0.79909375 0.16864583333333333 0.60265625 0.16864583333333333 0.60265625 0.3323263888888889
5 0 0.3298611111111111 0.19640625 0.3298611111111111 0.19640625 0.1711111111111111 0 0.1711111111111111 0 0.3298611111111111
5 0.00625 0.6640625 0.396875 0.6640625 0.396875 0.44690972222222225 0.00625 0.44690972222222225 0.00625 0.6640625
6 0.40621875 0.5280902777777778 0.49528125 0.5280902777777778 0.49528125 0.41718750000000004 0.40621875 0.41718750000000004 0.40621875 0.5280902777777778
2 0.5077812500000001 0.5280902777777778 0.5937187500000001 0.5280902777777778 0.5937187500000001 0.41718750000000004 0.5077812500000001 0.41718750000000004 0.5077812500000001 0.5280902777777778
6 0.7078125 0.7484375000000001 0.7890625 0.7484375000000001 0.7890625 0.6343402777777778 0.7078125 0.6343402777777778 0.7078125 0.7484375000000001
8 0.2828125 0.9930555555555556 0.5140625 0.9930555555555556 0.5140625 0.8937499999999999 0.2828125 0.8937499999999999 0.2828125 0.9930555555555556
5 0.60265625 0.6051736111111111 0.79909375 0.6051736111111111 0.79909375 0.44149305555555557 0.60265625 0.44149305555555557 0.60265625 0.6051736111111111
5 0.60715625 0.6721180555555555 0.69196875 0.6721180555555555 0.69196875 0.6126041666666667 0.60715625 0.6126041666666667 0.60715625 0.6721180555555555
5 0.6026875 0.8804513888888889 0.6941875 0.8804513888888889 0.6941875 0.7862152777777778 0.6026875 0.7862152777777778 0.6026875 0.8804513888888889
5 0.69415625 0.8904166666666666 0.79909375 0.8904166666666666 0.79909375 0.78375 0.69415625 0.78375 0.69415625 0.8904166666666666
6 0.203125 0.7499652777777778 0.296875 0.7499652777777778 0.296875 0.6390625000000001 0.203125 0.6390625000000001 0.203125 0.7499652777777778