2 0.59375 0.528125 0.59375 0.4140625 0.5078125 0.4140625 0.5078125 0.528125 0.59375 0.528125
6 0.6890625 0.6421874999999999 0.6890625 0.53125 0.5984375 0.53125 0.6 0.5328124999999999 0.6 0.5375000000000001 0.5984375 0.5390625 0.5984375 0.640625 0.6 0.6421874999999999 0.6890625 0.6421874999999999
5 0.996875 0.21875 0.996875 0.11406250000000001 0.70625 0.11406250000000001 0.70625 0.21875 0.996875 0.21875
1 0.696875 0.2 0.696875 0.11562499999999999 0.6015625 0.11562499999999999 0.6015625 0.2 0.68125 0.2 0.6828125 0.1984375 0.6859375 0.1984375 0.6875 0.2 0.696875 0.2
6 0.6875 0.528125 0.6875 0.415625 0.6078125 0.415625 0.6078125 0.528125 0.6875 0.528125
6 0.796875 0.303125 0.796875 0.2 0.7015625 0.2 0.7015625 0.303125 0.796875 0.303125
8 0.9984375 0.9930555555555556 0.9984375 0.8812500000000001 0.88125 0.8812500000000001 0.88125 0.9930555555555556 0.9984375 0.9930555555555556
5 0.5015625 0.215625 0.503125 0.21718749999999998 0.5953125 0.21718749999999998 0.5953125 0.11249999999999999 0.5015625 0.11249999999999999 0.5015625 0.215625
1 0.9484375 0.503125 0.9484375 0.3921875 0.85 0.3921875 0.85 0.503125 0.9484375 0.503125
6 0.99846875 0.19086805555555555 0.9060312500000001 0.19086805555555555 0.9060312500000001 0.3046875 0.99846875 0.3046875 0.99846875 0.19086805555555555
5 0.00625 0.012402777777777778 0.00625 0.9930555555555556 0.5 0.9930555555555556 0.50223125 0.11160416666666667 0.9955375 0.10664583333333333 1 0 0.00625 0.012402777777777778