5 0.12050000000000001 0.44395833333333334 0.2165 0.44395833333333334 0.2165 0.34229166666666666 0.12050000000000001 0.34229166666666666 0.12050000000000001 0.44395833333333334
5 0.12278125 0.22569444444444445 0.33259375 0.22569444444444445 0.33259375 0.10416666666666667 0.12278125 0.10416666666666667 0.12278125 0.22569444444444445
8 0.1078125 0.8937499999999999 0.1078125 0.9930555555555556 0.3390625 0.9930555555555556 0.3390625 0.8937499999999999 0.1078125 0.8937499999999999
5 1 0.0024791666666666664 0.00625 0 0.00625 0.10416666666666667 0.6205375 0.109125 0.62276875 0.9930555555555556 1 0.9930555555555556 1 0.0024791666666666664
6 0.225 0.3062847222222222 0.321875 0.3062847222222222 0.321875 0.19690972222222222 0.225 0.19690972222222222 0.225 0.3062847222222222
6 0.5125 0.6609375 0.590625 0.6609375 0.590625 0.5562847222222222 0.5125 0.5562847222222222 0.5125 0.6609375
5 0.42809375000000005 0.9930902777777777 0.62653125 0.9930902777777777 0.62653125 0.7796875000000001 0.42809375000000005 0.7796875000000001 0.42809375000000005 0.9930902777777777
5 0.52903125 0.44395833333333334 0.61834375 0.44395833333333334 0.61834375 0.11159722222222222 0.52903125 0.11159722222222222 0.52903125 0.44395833333333334
9 0.21878125 0.4464583333333334 0.31921875 0.4464583333333334 0.31921875 0.33979166666666666 0.21878125 0.33979166666666666 0.21878125 0.4464583333333334
5 0.3214375 0.4463888888888889 0.5223125 0.4463888888888889 0.5223125 0.3447222222222222 0.3214375 0.3447222222222222 0.3214375 0.4463888888888889
5 0.33484375 0.33979166666666666 0.52678125 0.33979166666666666 0.52678125 0.11159722222222222 0.33484375 0.11159722222222222 0.33484375 0.33979166666666666
5 0.0268125 0.43899305555555557 0.12056249999999999 0.43899305555555557 0.12056249999999999 0.0992013888888889 0.0268125 0.0992013888888889 0.0268125 0.43899305555555557
2 0.509375 0.4234375 0.509375 0.528125 0.59375 0.528125 0.59375 0.4234375 0.509375 0.4234375
6 0.13368750000000001 0.5280902777777778 0.21181250000000001 0.5280902777777778 0.21181250000000001 0.4124652777777778 0.13368750000000001 0.4124652777777778 0.13368750000000001 0.5280902777777778
5 0.0225 1 0.0225 0.7703819444444444 0 0.7703819444444444 0 1 0.0225 1