0 0 0 0 0.8829166666666667 1 0.8829166666666667 1 0 0 0
2 0.4875 0.5218750000000001 0.4875 0.5203125 0.4890625 0.51875 0.4890625 0.4203125 0.4078125 0.4203125 0.4078125 0.5218750000000001 0.4875 0.5218750000000001
8 0.7234375 0.6421874999999999 0.7234375 0.5562499999999999 0.653125 0.5562499999999999 0.653125 0.6421874999999999 0.7234375 0.6421874999999999
5 0.04375 0.021875 0.0421875 0.0234375 0.0421875 0.028124999999999997 0.040625 0.029687500000000002 0.040625 0.04375 0.0390625 0.045312500000000006 0.0390625 0.06875 0.0375 0.0703125 0.0375 0.11875000000000001 0.0359375 0.12031249999999999 0.0359375 0.14218750000000002 0.034375 0.14375 0.034375 0.1515625 0.0359375 0.153125 0.0359375 0.184375 0.034375 0.18593749999999998 0.034375 0.2109375 0.0359375 0.21250000000000002 0.0359375 0.2421875 0.034375 0.24375000000000002 0.034375 0.26875000000000004 0.0359375 0.27031249999999996 0.0359375 0.29218750000000004 0.034375 0.29374999999999996 0.034375 0.30937499999999996 0.0328125 0.3109375 0.0328125 0.31718749999999996 0.034375 0.31875 0.034375 0.3609375 0.0328125 0.36250000000000004 0.0328125 0.37187499999999996 0.034375 0.3734375 0.034375 0.415625 0.0328125 0.41718750000000004 0.0328125 0.43281250000000004 0.034375 0.43437499999999996 0.034375 0.44843750000000004 0.0359375 0.44999999999999996 0.0359375 0.45156250000000003 0.034375 0.453125 0.034375 0.47031249999999997 0.0328125 0.47187500000000004 0.0328125 0.484375 0.034375 0.48593749999999997 0.034375 0.49843750000000003 0.0359375 0.5 0.0359375 0.51875 0.034375 0.5203125 0.034375 0.53125 0.0328125 0.5328124999999999 0.0328125 0.5406249999999999 0.034375 0.5421875 0.034375 0.5562499999999999 0.0359375 0.5578125 0.0359375 0.5671875 0.034375 0.5687500000000001 0.034375 0.6015625 0.0359375 0.6031249999999999 0.0359375 0.640625 0.034375 0.6421874999999999 0.034375 0.6484375 0.0359375 0.6499999999999999 0.0359375 0.6921875 0.034375 0.6937500000000001 0.034375 0.7046874999999999 0.0359375 0.70625 0.0359375 0.7671874999999999 0.034375 0.76875 0.034375 0.7703125 0.03125 0.7734375 0.0296875 0.7734375 0.028125 0.7749999999999999 0.025 0.7749999999999999 0.0234375 0.7765625 0.0109375 0.7765625 0.009375 0.778125 0.0046875 0.778125 0.003125 0.7796875000000001 0.003125 0.8875 0.1390625 0.8875 0.1390625 0.14218750000000002 0.1375 0.140625 0.1375 0.1296875 0.1359375 0.128125 0.1359375 0.11406250000000001 0.134375 0.11249999999999999 0.134375 0.1078125 0.1328125 0.10625000000000001 0.1328125 0.10468749999999999 0.13125 0.103125 0.13125 0.1015625 0.1265625 0.09687499999999999 0.1265625 0.0953125 0.125 0.09375 0.125 0.08906249999999999 0.11875 0.08281250000000001 0.11875 0.08124999999999999 0.1140625 0.0765625 0.1140625 0.07500000000000001 0.109375 0.0703125 0.1078125 0.0703125 0.0875 0.05 0.0859375 0.05 0.0734375 0.037500000000000006 0.071875 0.037500000000000006 0.06875 0.034375 0.06875 0.032812499999999994 0.0671875 0.03125 0.0671875 0.029687500000000002 0.065625 0.028124999999999997 0.065625 0.026562500000000003 0.059375 0.020312499999999997 0.0578125 0.020312499999999997 0.05625 0.018750000000000003 0.0546875 0.018750000000000003 0.053125 0.0171875 0.0453125 0.0171875 0.04375 0.018750000000000003 0.04375 0.021875
1 0.3359375 0.21718749999999998 0.3375 0.215625 0.3375 0.12031249999999999 0.2375 0.12031249999999999 0.2375 0.21718749999999998 0.3359375 0.21718749999999998
5 0.8332499999999999 0.8844097222222222 0.946875 0.8844097222222222 0.946875 0.6687847222222223 0.8332499999999999 0.6687847222222223 0.8332499999999999 0.8844097222222222
5 0.9464062500000001 0.8804861111111112 0.9999687500000001 0.8804861111111112 0.9999687500000001 0.6696527777777779 0.9464062500000001 0.6696527777777779 0.9464062500000001 0.8804861111111112
5 0.74778125 0.8804513888888889 0.83259375 0.8804513888888889 0.83259375 0.6770486111111111 0.74778125 0.6770486111111111 0.74778125 0.8804513888888889
5 0.99375 1 0.99375 0.8903819444444445 0 0.8903819444444445 0 1 0.99375 1
5 0.346 0.8878819444444445 0.53125 0.8878819444444445 0.53125 0.7762847222222222 0.346 0.7762847222222222 0.346 0.8878819444444445
5 0.5401812500000001 0.7762916666666667 0.5401812500000001 0.8953402777777778 0.74776875 0.8928541666666666 0.7433062500000001 0.6696458333333334 0.34375 0.6622013888888889 0.34375 0.7837291666666667 0.5401812500000001 0.7762916666666667
5 0.24106875 0.8878958333333333 0.23214375 0.7713263888888888 0.3482125 0.7738125 0.34598125 0.6572430555555555 0.14285625 0.6795625 0.14731875 0.890375 0.24106875 0.8878958333333333
5 0.23215625 0.8879166666666667 0.34596875 0.8879166666666667 0.34596875 0.7688888888888888 0.23215625 0.7688888888888888 0.23215625 0.8879166666666667