5 0.29375 0.7703125 0.2953125 0.76875 0.3046875 0.76875 0.30625 0.7703125 0.3984375 0.7703125 0.3984375 0.5625 0.20625 0.5625 0.20625 0.7703125 0.25 0.7703125 0.2515625 0.76875 0.271875 0.76875 0.2734375 0.7703125 0.29375 0.7703125
5 0.59375 0.7703125 0.59375 0.559375 0.403125 0.559375 0.403125 0.7703125 0.5171875 0.7703125 0.51875 0.76875 0.553125 0.76875 0.5546875 0.7703125 0.59375 0.7703125
5 0.8703125 0.16249999999999998 0.8796875 0.16249999999999998 0.88125 0.1640625 0.8859375 0.1640625 0.8875 0.16562500000000002 0.890625 0.16562500000000002 0.8953125 0.17031249999999998 0.8953125 0.2140625 0.8984375 0.21718749999999998 0.9984375 0.21718749999999998 0.9984375 0.11875000000000001 0.80625 0.11875000000000001 0.80625 0.16875 0.809375 0.16562500000000002 0.8625 0.16562500000000002 0.8640625 0.1640625 0.86875 0.1640625 0.8703125 0.16249999999999998
5 0.75625 0.9890625000000001 0.75625 0.9906250000000001 0.765625 0.9906250000000001 0.76875 0.9874999999999999 0.7734375 0.9874999999999999 0.775 0.9890625000000001 0.7765625 0.9890625000000001 0.778125 0.9906250000000001 0.8015625 0.9906250000000001 0.8015625 0.7859375 0.703125 0.7859375 0.703125 0.984375 0.7046875 0.9859374999999999 0.740625 0.9859374999999999 0.7421875 0.9874999999999999 0.7546875 0.9874999999999999 0.75625 0.9890625000000001
2 0.5890625 0.5171874999999999 0.5890625 0.42500000000000004 0.509375 0.42500000000000004 0.509375 0.5171874999999999 0.5125 0.5171874999999999 0.5140625 0.51875 0.521875 0.51875 0.5234375 0.5171874999999999 0.5890625 0.5171874999999999
5 0.3953125 0.33125000000000004 0.575 0.33125000000000004 0.5765625 0.3296875 0.7953125 0.3296875 0.7953125 0.17343750000000002 0.2015625 0.17343750000000002 0.2015625 0.3265625 0.203125 0.328125 0.2046875 0.328125 0.20625 0.3296875 0.39375 0.3296875 0.3953125 0.33125000000000004
6 0.49375 0.5234375 0.49375 0.428125 0.40625 0.428125 0.40625 0.5234375 0.49375 0.5234375
5 0.89375 0.9930555555555556 0.89375 0.1640625 0.8078125 0.1640625 0.8078125 0.9930555555555556 0.89375 0.9930555555555556
5 0.2 0.21718749999999998 0.2 0.16875 0.8058062500000001 0.1636875 0.8058062500000001 0.12400694444444443 0.00625 0.12152777777777778 0.00625 0.16120833333333331 0.08705625 0.1686527777777778 0.0984375 0.21718749999999998 0.2 0.21718749999999998
5 0.0921875 0.9930555555555556 0.0921875 0.15781250000000002 0.00625 0.15781250000000002 0.00625 0.9930555555555556 0.0921875 0.9930555555555556
5 0.996875 0.11249999999999999 0.996875 0.0015625 0.00625 0.0015625 0.00625 0.11249999999999999 0.996875 0.11249999999999999