8 0.9125 0.0796875 0.9125 0.17031249999999998 0.984375 0.17031249999999998 0.984375 0.0796875 0.9125 0.0796875
2 0.40625 0.42656249999999996 0.40625 0.5234375 0.49375 0.5234375 0.49375 0.42656249999999996 0.40625 0.42656249999999996
5 0.80625 0.7484375000000001 0.80625 0.8374999999999999 0.8921875 0.8374999999999999 0.89375 0.8359375 0.990625 0.8359375 0.990625 0.7484375000000001 0.80625 0.7484375000000001
5 0.5015625 0.8515625 0.5015625 0.9930555555555556 0.5984375 0.9930555555555556 0.5984375 0.8515625 0.5015625 0.8515625
5 0.8984375 0.9930555555555556 0.8984375 0.9453125 0.9 0.9437500000000001 0.9 0.8640625 0.8984375 0.8625 0.8984375 0.859375 0.9 0.8578125000000001 0.9 0.8515625 0.8015625 0.8515625 0.8015625 0.9930555555555556 0.8984375 0.9930555555555556
1 0.7046875 0.515625 0.7046875 0.6203125 0.7984375 0.6203125 0.7984375 0.515625 0.7046875 0.515625
10 0.003125 0.35 0.003125 0.3984375 0.096875 0.3984375 0.096875 0.35 0.003125 0.35
5 0.83125 0 0.83125 0.004687500000000001 0.8296875 0.00625 0.8296875 0.018750000000000003 0.828125 0.020312499999999997 0.828125 0.025 0.8296875 0.026562500000000003 0.828125 0.028124999999999997 0.828125 0.1609375 0.83125 0.1640625 0.83125 0.16562500000000002 0.8328125 0.1671875 0.8375 0.1671875 0.8390625 0.16875 0.8421875 0.16875 0.84375 0.17031249999999998 0.9046875 0.17031249999999998 0.9046875 0.0765625 0.9078125 0.07343749999999999 0.909375 0.07343749999999999 0.9109375 0.071875 0.91875 0.071875 0.9203125 0.07343749999999999 0.9734375 0.07343749999999999 0.975 0.071875 0.978125 0.071875 0.9796875 0.0703125 0.98125 0.0703125 0.9828125 0.06875 0.984375 0.06875 0.9890625 0.07343749999999999 0.990625 0.07343749999999999 0.9921875 0.071875 0.99375 0.071875 0.99375 0 0.83125 0
10 0.2046875 0.35 0.2046875 0.396875 0.4953125 0.396875 0.4953125 0.35 0.2046875 0.35
10 0.60625 0.3515625 0.60625 0.396875 0.9921875 0.396875 0.9921875 0.3515625 0.60625 0.3515625
5 0.59534375 0.7484375000000001 0.00315625 0.7484375000000001 0.00315625 0.8390625 0.59534375 0.8390625 0.59534375 0.7484375000000001