5 0.00625 0.1984375 0.00625 0.41093749999999996 0.2921875 0.41093749999999996 0.2953125 0.4078125 0.2953125 0.1984375 0.00625 0.1984375
5 0.2953125 0.7406250000000001 0.2953125 0.528125 0.0046875 0.528125 0.0046875 0.7406250000000001 0.2953125 0.7406250000000001
2 0.4953125 0.5218750000000001 0.4953125 0.42500000000000004 0.4078125 0.42500000000000004 0.4078125 0.5218750000000001 0.4953125 0.5218750000000001
6 0.390625 0.5109375 0.390625 0.4046875 0.3078125 0.4046875 0.3078125 0.5109375 0.390625 0.5109375
5 0.8921875 0.40937500000000004 0.8921875 0.1953125 0.503125 0.1953125 0.503125 0.40937500000000004 0.8921875 0.40937500000000004
5 0.8984375 0.0765625 0.8984375 0.0015625 0.6015625 0.0015625 0.6015625 0.0765625 0.8984375 0.0765625
5 0.1 0.078125 0.1 0.0015625 0.0015625 0.0015625 0.0015625 0.078125 0.1 0.078125
5 0.890625 0.7406250000000001 0.890625 0.528125 0.503125 0.528125 0.503125 0.7406250000000001 0.890625 0.7406250000000001
6 0.815625 0.40625 0.815625 0.5093749999999999 0.8875 0.5093749999999999 0.8890625 0.5078125 0.8890625 0.40625 0.815625 0.40625
8 0.196875 0.08124999999999999 0.196875 0.0015625 0.103125 0.0015625 0.103125 0.08124999999999999 0.196875 0.08124999999999999
5 0.4984375 0.078125 0.4984375 0.0015625 0.2 0.0015625 0.2 0.078125 0.4984375 0.078125
8 0.5953125 0.08124999999999999 0.5953125 0.0015625 0.5015625 0.0015625 0.5015625 0.08124999999999999 0.5953125 0.08124999999999999
5 0.90401875 0 0.8950875 0.7490069444444445 0 0.7465277777777778 0 0.9930555555555556 0.99375 0.9930555555555556 0.99375 0 0.90401875 0