5 0.0078125 0.6796875 0.0078125 0.8859375 0.25625 0.8859375 0.25625 0.6796875 0.0078125 0.6796875
5 0.4703125 0.671875 0.4703125 0.8843749999999999 0.8546875 0.8843749999999999 0.8546875 0.671875 0.4703125 0.671875
1 0.665625 0.11875000000000001 0.665625 0.259375 0.8546875 0.259375 0.8546875 0.11875000000000001 0.665625 0.11875000000000001
1 0.6578125 0.22968750000000002 0.6578125 0.11249999999999999 0.4703125 0.11249999999999999 0.4703125 0.259375 0.65625 0.259375 0.65625 0.23124999999999998 0.6578125 0.22968750000000002
7 0.0859375 0.32343750000000004 0.0859375 0.3984375 0.1625 0.3984375 0.1625 0.32343750000000004 0.0859375 0.32343750000000004
5 0.0078125 0.334375 0.0078125 0.48593749999999997 0.253125 0.48593749999999997 0.253125 0.334375 0.0078125 0.334375
5 0.0078125 0.009375000000000001 0.0078125 0.21718749999999998 0.253125 0.21718749999999998 0.253125 0.009375000000000001 0.0078125 0.009375000000000001
6 0.2765625 0.20468750000000002 0.2765625 0.30000000000000004 0.375 0.30000000000000004 0.375 0.20468750000000002 0.2765625 0.20468750000000002
6 0.68125 0.8578125000000001 0.68125 0.9703124999999999 0.7703125 0.9703124999999999 0.7703125 0.8578125000000001 0.68125 0.8578125000000001
2 0.5109375 0.421875 0.5109375 0.5234375 0.59375 0.5234375 0.59375 0.421875 0.5109375 0.421875
1 0.271875 0.003125 0.271875 0.10468749999999999 0.4578125 0.10468749999999999 0.4578125 0.003125 0.271875 0.003125
5 0.4671875 0.0078125 0.4671875 0.109375 0.859375 0.109375 0.859375 0.0078125 0.4671875 0.0078125
5 0.8603125 0.9994791666666667 0.9975625000000001 0.9994791666666667 0.9975625000000001 0.002743055555555556 0.8603125 0.002743055555555556 0.8603125 0.9994791666666667