2 0.4953125 0.5234375 0.4953125 0.4203125 0.40625 0.4203125 0.40625 0.5234375 0.4953125 0.5234375
6 0.396875 0.0796875 0.396875 0.0015625 0.3015625 0.0015625 0.3015625 0.0796875 0.396875 0.0796875
6 0.6078125 0.0796875 0.6921875 0.0796875 0.69375 0.078125 0.69375 0.0015625 0.60625 0.0015625 0.60625 0.08124999999999999 0.6078125 0.0796875
6 0.9890625 0.6359375 0.9890625 0.5546875 0.9875 0.5531250000000001 0.9875 0.5296875000000001 0.9125 0.5296875000000001 0.9125 0.6359375 0.9890625 0.6359375
6 0.3890625 0.5234375 0.3890625 0.421875 0.3125 0.421875 0.3125 0.5234375 0.3890625 0.5234375
6 0.690625 0.6359375 0.690625 0.5328124999999999 0.609375 0.5328124999999999 0.609375 0.6359375 0.690625 0.6359375
6 0.396875 0.8578125000000001 0.3984375 0.85625 0.3984375 0.7562500000000001 0.3125 0.7562500000000001 0.3125 0.8578125000000001 0.396875 0.8578125000000001
6 0.9890625 0.9671875000000001 0.9890625 0.8625 0.909375 0.8625 0.909375 0.9671875000000001 0.9890625 0.9671875000000001
5 0.7105 0.9999652777777778 0.794 0.9999652777777778 0.794 0.8887847222222223 0.7105 0.8887847222222223 0.7105 0.9999652777777778
5 0.8104687500000001 0.9955555555555556 0.88728125 0.9955555555555556 0.88728125 0.8872222222222222 0.8104687500000001 0.8872222222222222 0.8104687500000001 0.9955555555555556
5 0.803125 0.8928819444444444 0.896875 0.8928819444444444 0.896875 0.33906250000000004 0.803125 0.33906250000000004 0.803125 0.8928819444444444
5 0.698625 0.8864236111111111 0.79775 0.8864236111111111 0.79775 0.33815972222222224 0.698625 0.33815972222222224 0.698625 0.8864236111111111
5 0.2046875 0.8863888888888889 0.2984375 0.8863888888888889 0.2984375 0.33902777777777776 0.2046875 0.33902777777777776 0.2046875 0.8863888888888889
5 0.1078125 0.8913541666666666 0.2015625 0.8913541666666666 0.2015625 0.3405902777777778 0.1078125 0.3405902777777778 0.1078125 0.8913541666666666
5 0.1105 0.9980208333333334 0.194 0.9980208333333334 0.194 0.8822569444444445 0.1105 0.8822569444444445 0.1105 0.9980208333333334
5 0.2961875 1 0.2961875 0.8829166666666667 0.2098125 0.8829166666666667 0.2098125 1 0.2961875 1
5 0.003125 0.9930208333333334 0.098875 0.9930208333333334 0.098875 0.0030902777777777777 0.003125 0.0030902777777777777 0.003125 0.9930208333333334
5 0.10153125 0.22430555555555554 0.89484375 0.22430555555555554 0.89484375 0.12277777777777778 0.10153125 0.12277777777777778 0.10153125 0.22430555555555554