0 0.09583125 0.8888888888888888 0.5025000000000001 0.8898125000000001 0.49916875000000005 0.6685208333333333 0.6975 0.6638888888888889 0.69666875 0.44536805555555553 0.29916875 0.44814583333333335 0.29666875 0.6638888888888889 0.1025 0.6638888888888889 0.09583125 0.8888888888888888
2 0.296875 0.303125 0.296875 0.1984375 0.2046875 0.1984375 0.2046875 0.3046875 0.29375 0.3046875 0.2953125 0.303125 0.296875 0.303125
5 0.10003124999999999 0.003159722222222222 0.0015937500000000001 0.003159722222222222 0.0015937500000000001 0.4390625 0.10003124999999999 0.4390625 0.10003124999999999 0.003159722222222222
0 0.99378125 0.003125 0.89534375 0.003125 0.89534375 0.221875 0.99378125 0.221875 0.99378125 0.003125
6 0.29534375 0.19847222222222222 0.20315625 0.19847222222222222 0.20315625 0.3047222222222222 0.29534375 0.3047222222222222 0.29534375 0.19847222222222222
2 0.49375 0.41715277777777776 0.409375 0.41715277777777776 0.409375 0.5234027777777778 0.49375 0.5234027777777778 0.49375 0.41715277777777776
1 0.696875 0.334375 0.603125 0.334375 0.603125 0.44062500000000004 0.696875 0.44062500000000004 0.696875 0.334375
10 0.99378125 0.390625 0.70471875 0.390625 0.70471875 0.44062500000000004 0.99378125 0.44062500000000004 0.99378125 0.390625
10 0.2953125 0.3890625 0.0984375 0.3890625 0.0984375 0.44218749999999996 0.2953125 0.44218749999999996 0.2953125 0.3890625
5 0.09690625 0.4484722222222222 0.0015937500000000001 0.4484722222222222 0.0015937500000000001 0.9930555555555556 0.09690625 0.9930555555555556 0.09690625 0.4484722222222222
5 0.69221875 0.8906597222222222 0.09690625 0.8906597222222222 0.09690625 0.9930902777777777 0.69221875 0.9930902777777777 0.69221875 0.8906597222222222
5 0.99378125 0.8905902777777778 0.90159375 0.8905902777777778 0.90159375 0.9921875 0.99378125 0.9921875 0.99378125 0.8905902777777778
0 0.99378125 0.6625347222222222 0.8984687499999999 0.6625347222222222 0.8984687499999999 0.8859375 0.99378125 0.8859375 0.99378125 0.6625347222222222
0 0.90003125 0.8906597222222222 0.69846875 0.8906597222222222 0.69846875 0.9930902777777777 0.90003125 0.9930902777777777 0.90003125 0.8906597222222222