12 0.0078125 0.6703125000000001 0.0078125 0.9930555555555556 0.996875 0.9930555555555556 0.996875 0.6703125000000001 0.0078125 0.6703125000000001
7 0.2109375 0.54375 0.2109375 0.621875 0.2890625 0.621875 0.2890625 0.54375 0.2109375 0.54375
5 0.0078125 0.23124999999999998 0.0078125 0.4375 0.3921875 0.4375 0.3921875 0.23124999999999998 0.0078125 0.23124999999999998
1 0.8046875 0.3375 0.8046875 0.47968750000000004 0.9921875 0.47968750000000004 0.9921875 0.3375 0.8046875 0.3375
1 0.60625 0.33281249999999996 0.60625 0.48281250000000003 0.7921875 0.48281250000000003 0.7921875 0.33281249999999996 0.60625 0.33281249999999996
2 0.5890625 0.421875 0.5078125 0.421875 0.5078125 0.5218750000000001 0.509375 0.5234375 0.5890625 0.5234375 0.5890625 0.421875
5 0.009375 0.22343749999999998 0.68125 0.22343749999999998 0.6828125 0.221875 0.7421875 0.221875 0.74375 0.22343749999999998 0.790625 0.22343749999999998 0.7921875 0.221875 0.8546875 0.221875 0.85625 0.22031250000000002 0.8828125 0.22031250000000002 0.884375 0.21875 0.9671875 0.21875 0.96875 0.22031250000000002 0.9828125 0.22031250000000002 0.984375 0.21875 0.996875 0.21875 0.996875 0.00625 0.00625 0.00625 0.00625 0.22031250000000002 0.00625 0.221875 0.0078125 0.221875 0.009375 0.22343749999999998
6 0.4125 0.42500000000000004 0.4125 0.5234375 0.4890625 0.5234375 0.4890625 0.42500000000000004 0.4125 0.42500000000000004
1 0.4109375 0.22499999999999998 0.4109375 0.328125 0.5921875 0.328125 0.5921875 0.22499999999999998 0.4109375 0.22499999999999998
5 0.603125 0.23124999999999998 0.603125 0.328125 0.99375 0.328125 0.99375 0.23124999999999998 0.603125 0.23124999999999998
5 0.103125 0.5578125 0.103125 0.6828125 0.3953125 0.6828125 0.3953125 0.5578125 0.103125 0.5578125