0 0.09598124999999999 0.9930555555555556 0.09598124999999999 0.5580347222222222 0.7098187499999999 0.5530763888888889 0.70535625 0.9930555555555556 0.7924125 0.9930555555555556 0.8013375 0.33234027777777775 0.996875 0.3296875 0.996875 0.11406250000000001 0.70535625 0.11160416666666667 0.70089375 0.3372986111111111 0.00625 0.3497013888888889 0.00625 0.9930555555555556 0.09598124999999999 0.9930555555555556
5 1 0.00003472222222222222 0.6005 0.00003472222222222222 0.6005 0.10913194444444445 1 0.10913194444444445 1 0.00003472222222222222
5 0.5000312499999999 0.1165625 0.59821875 0.1165625 0.59821875 0.01732638888888889 0.5000312499999999 0.01732638888888889 0.5000312499999999 0.1165625
5 0.60040625 0.32989583333333333 0.70534375 0.32989583333333333 0.70534375 0.10913194444444445 0.60040625 0.10913194444444445 0.60040625 0.32989583333333333
5 0.596 0.9945138888888889 0.703125 0.9945138888888889 0.703125 0.560486111111111 0.596 0.560486111111111 0.596 0.9945138888888889
5 0.1984375 1 0.1984375 0.5781597222222222 0.1046875 0.5781597222222222 0.1046875 1 0.1984375 1
5 0.59291875 0.3397847222222222 0.5906875 0.12152777777777778 0.1956 0.11656944444444445 0.19783125 0.0024791666666666664 0.00541875 0 0.00541875 0.3397847222222222 0.59291875 0.3397847222222222
5 0.1919375 0.1165625 0.3013125 0.1165625 0.3013125 0.02232638888888889 0.1919375 0.02232638888888889 0.1919375 0.1165625
7 0.299125 0 0.299125 0.06944444444444445 0.375 0.06944444444444445 0.375 0 0.299125 0
5 0.59596875 1 0.59596875 0.5580555555555555 0.20090625 0.5580555555555555 0.20090625 1 0.59596875 1
2 0.50625 0.5078125 0.590625 0.5078125 0.590625 0.42496527777777776 0.50625 0.42496527777777776 0.50625 0.5078125