5 0.99375 0.44222222222222224 0.80625 0.44222222222222224 0.80625 0.59375 0.99375 0.59375 0.99375 0.44222222222222224
5 0.99378125 0.11562499999999999 0.80784375 0.11562499999999999 0.80784375 0.328125 0.99378125 0.328125 0.99378125 0.11562499999999999
1 0.7890937499999999 0.11253472222222222 0.60628125 0.11253472222222222 0.60628125 0.2156597222222222 0.7890937499999999 0.2156597222222222 0.7890937499999999 0.11253472222222222
1 0.59534375 0.221875 0.40940624999999997 0.221875 0.40940624999999997 0.3703472222222222 0.59534375 0.3703472222222222 0.59534375 0.221875
1 0.396875 0.2281597222222222 0.20625 0.2281597222222222 0.20625 0.3687847222222222 0.396875 0.3687847222222222 0.396875 0.2281597222222222
5 0.59534375 0.12031249999999999 0.20003125000000002 0.12031249999999999 0.20003125000000002 0.22190972222222222 0.59534375 0.22190972222222222 0.59534375 0.12031249999999999
5 0.59221875 0.7843402777777777 0.20940625000000002 0.7843402777777777 0.20940625000000002 0.9930208333333334 0.59221875 0.9930208333333334 0.59221875 0.7843402777777777
5 0.9915312500000001 0.7859722222222223 0.8055937500000001 0.7859722222222223 0.8055937500000001 0.9930555555555556 0.9915312500000001 0.9930555555555556 0.9915312500000001 0.7859722222222223
7 0.8890625 0.43281250000000004 0.8109375 0.43281250000000004 0.8109375 0.5109375 0.8890625 0.5109375 0.8890625 0.43281250000000004
7 0.9890625 0.43281250000000004 0.9109375 0.43281250000000004 0.9109375 0.5109375 0.9890625 0.5109375 0.9890625 0.43281250000000004
6 0.7969062499999999 0.3140625 0.69846875 0.3140625 0.69846875 0.4156597222222222 0.7969062499999999 0.4156597222222222 0.7969062499999999 0.3140625
6 0.696875 0.4202777777777778 0.6 0.4202777777777778 0.6 0.5265277777777777 0.696875 0.5265277777777777 0.696875 0.4202777777777778
2 0.49846874999999996 0.4187152777777778 0.40003124999999995 0.4187152777777778 0.40003124999999995 0.5280902777777778 0.49846874999999996 0.5280902777777778 0.49846874999999996 0.4187152777777778
5 0.99375 0.11656944444444445 0.99375 0 0.003125 0.0078125 0.003125 0.9921875 0.196875 0.9921875 0.19643125 0.11160416666666667 0.99375 0.11656944444444445