5 0.7984375 0.0015625 0.7984375 0.10468749999999999 0.8015625 0.10468749999999999 0.803125 0.10625000000000001 0.9984375 0.10625000000000001 0.9984375 0.0015625 0.7984375 0.0015625
9 0.89375 0.33125000000000004 0.8953125 0.33281249999999996 0.9921875 0.33281249999999996 0.9921875 0.23124999999999998 0.8953125 0.23124999999999998 0.8953125 0.2640625 0.89375 0.265625 0.89375 0.3125 0.8921875 0.3140625 0.8921875 0.33125000000000004 0.89375 0.33125000000000004
8 0.9984375 0.8843749999999999 0.9984375 0.784375 0.78125 0.784375 0.78125 0.8843749999999999 0.9984375 0.8843749999999999
6 0.9953125 0.18906250000000002 0.9953125 0.08906249999999999 0.903125 0.08906249999999999 0.903125 0.18906250000000002 0.9953125 0.18906250000000002
2 0.5953125 0.5265625 0.5953125 0.4203125 0.503125 0.4203125 0.503125 0.5265625 0.5953125 0.5265625
5 0.7 0.221875 0.7 0.00625 0.5078125 0.00625 0.5078125 0.221875 0.7 0.221875
5 0.6984375 0.8843749999999999 0.6984375 0.66875 0.496875 0.66875 0.496875 0.8843749999999999 0.6984375 0.8843749999999999
6 0.1921875 0.30156249999999996 0.1921875 0.2 0.1078125 0.2 0.1078125 0.30156249999999996 0.1921875 0.30156249999999996
5 0.7953125 0.328125 0.7953125 0.003125 0.703125 0.003125 0.703125 0.328125 0.7953125 0.328125
6 0.2015625 0.6359375 0.203125 0.6375 0.2984375 0.6375 0.2984375 0.53125 0.2015625 0.53125 0.2015625 0.6359375
5 0.8 0.23124999999999998 0.8 0.3296875 0.8015625 0.3296875 0.803125 0.33125000000000004 0.890625 0.33125000000000004 0.890625 0.23124999999999998 0.8 0.23124999999999998
5 0.5 0.10625000000000001 0.5 0.0015625 0.3 0.0015625 0.3 0.10625000000000001 0.5 0.10625000000000001
5 0.2953125 0.3296875 0.2953125 0.2265625 0.203125 0.2265625 0.203125 0.3296875 0.2953125 0.3296875
5 0.1015625 0.8859375 0.1015625 0.66875 0.00625 0.66875 0.00625 0.8859375 0.1015625 0.8859375
5 0.5578125 0.33281249999999996 0.559375 0.33125000000000004 0.5796875 0.33125000000000004 0.58125 0.33281249999999996 0.5875 0.33281249999999996 0.5890625 0.33125000000000004 0.6984375 0.33125000000000004 0.7 0.3296875 0.703125 0.3296875 0.703125 0.234375 0.3 0.234375 0.3 0.3296875 0.3015625 0.3296875 0.303125 0.33125000000000004 0.38125 0.33125000000000004 0.3828125 0.33281249999999996 0.5578125 0.33281249999999996
5 0.2 0.10625000000000001 0.2 0.0015625 0.1 0.0015625 0.1 0.10625000000000001 0.2 0.10625000000000001
5 0.096875 0.33125000000000004 0.096875 0.22499999999999998 0.00625 0.22499999999999998 0.00625 0.33125000000000004 0.096875 0.33125000000000004
6 0.7015625 0.4203125 0.7015625 0.5015624999999999 0.7 0.503125 0.7 0.5265625 0.7984375 0.5265625 0.7984375 0.4203125 0.7015625 0.4203125
8 0.296875 0.1109375 0.296875 0.0015625 0.2046875 0.0015625 0.2046875 0.1109375 0.296875 0.1109375
8 0.096875 0.1109375 0.096875 0.003125 0.00625 0.003125 0.00625 0.1109375 0.096875 0.1109375
5 1 0.8854166666666666 0 0.8854166666666666 0 1 1 1 1 0.8854166666666666