2 0.4046875 0.5296875000000001 0.490625 0.5296875000000001 0.4921875 0.528125 0.4921875 0.5234375 0.49375 0.5218750000000001 0.49375 0.5203125 0.4921875 0.51875 0.4921875 0.43437499999999996 0.49375 0.43281250000000004 0.49375 0.4125 0.4046875 0.4125 0.4046875 0.5296875000000001
0 0.4984375 0.5062500000000001 0.496875 0.5078125 0.496875 0.515625 0.4953125 0.5171874999999999 0.4953125 0.5375000000000001 0.49375 0.5390625 0.4953125 0.5406249999999999 0.4953125 0.54375 0.496875 0.5453125000000001 0.496875 0.5609375000000001 0.4984375 0.5625 0.4984375 0.6031249999999999 0.496875 0.6046875 0.496875 0.6187499999999999 0.4984375 0.6203125 0.4984375 0.64375 0.5 0.6453125 0.5 0.653125 0.4984375 0.6546875000000001 0.4984375 0.659375 0.496875 0.6609375 0.4953125 0.6609375 0.49375 0.6625000000000001 0.490625 0.6625000000000001 0.4890625 0.6640625 0.46875 0.6640625 0.4671875 0.6625000000000001 0.4484375 0.6625000000000001 0.446875 0.6640625 0.4203125 0.6640625 0.41875 0.6625000000000001 0.3984375 0.6625000000000001 0.396875 0.6640625 0.378125 0.6640625 0.3765625 0.6625000000000001 0.375 0.6640625 0.3703125 0.6640625 0.36875 0.6625000000000001 0.35 0.6625000000000001 0.3484375 0.6640625 0.3359375 0.6640625 0.334375 0.6656249999999999 0.31875 0.6656249999999999 0.3171875 0.6640625 0.3015625 0.6640625 0.3 0.6656249999999999 0.3 0.6671875 0.2984375 0.66875 0.2984375 0.6703125000000001 0.296875 0.671875 0.296875 0.6734374999999999 0.29375 0.6765625 0.29375 0.7 0.2921875 0.7015625000000001 0.2921875 0.7921875 0.29375 0.79375 0.29375 0.8500000000000001 0.2953125 0.8515625 0.2953125 0.8609374999999999 0.296875 0.8625 0.296875 0.8687499999999999 0.2953125 0.8703125 0.2953125 0.8796875 0.2921875 0.8828125 0.2921875 0.8890625000000001 0.3109375 0.8890625000000001 0.3125 0.8875 0.31875 0.8875 0.3203125 0.8859375 0.365625 0.8859375 0.3671875 0.8875 0.39375 0.8875 0.3953125 0.8859375 0.41875 0.8859375 0.4203125 0.8875 0.49375 0.8875 0.4953125 0.8859375 0.5171875 0.8859375 0.51875 0.8875 0.6359375 0.8875 0.6375 0.8890625000000001 0.646875 0.8890625000000001 0.6484375 0.8875 0.6921875 0.8875 0.69375 0.8859375 0.696875 0.8859375 0.6984375 0.8843749999999999 0.6984375 0.8796875 0.7 0.878125 0.7 0.8765624999999999 0.6984375 0.875 0.6984375 0.8296874999999999 0.7 0.828125 0.7 0.809375 0.6984375 0.8078125 0.6984375 0.7296875 0.7 0.7281249999999999 0.7 0.7234375 0.6984375 0.721875 0.6984375 0.6703125000000001 0.7015625 0.6671875 0.890625 0.6671875 0.8953125 0.6625000000000001 0.8953125 0.44218749999999996 0.7578125 0.44218749999999996 0.75625 0.44375 0.71875 0.44375 0.7171875 0.44218749999999996 0.553125 0.44218749999999996 0.5515625 0.44375 0.525 0.44375 0.5234375 0.44218749999999996 0.509375 0.44218749999999996 0.5078125 0.44375 0.50625 0.44375 0.5015625 0.44843750000000004 0.5015625 0.44999999999999996 0.5 0.45156250000000003 0.5 0.45625000000000004 0.4984375 0.45781249999999996 0.4984375 0.47187500000000004 0.5 0.47343749999999996 0.5 0.4921875 0.4984375 0.49374999999999997 0.4984375 0.5062500000000001
10 0.4421875 0.428125 0.44375 0.4296875 0.4625 0.4296875 0.4640625 0.428125 0.465625 0.428125 0.4671875 0.4296875 0.471875 0.4296875 0.4734375 0.43125 0.4765625 0.43125 0.4828125 0.4375 0.484375 0.4375 0.4859375 0.4390625 0.4875 0.4390625 0.4890625 0.44062500000000004 0.490625 0.44062500000000004 0.4921875 0.44218749999999996 0.890625 0.44218749999999996 0.890625 0.3890625 0.10625 0.3890625 0.10625 0.44218749999999996 0.4078125 0.44218749999999996 0.409375 0.44062500000000004 0.4109375 0.44062500000000004 0.415625 0.4359375 0.4171875 0.4359375 0.421875 0.43125 0.4234375 0.43125 0.425 0.4296875 0.4359375 0.4296875 0.4375 0.428125 0.4421875 0.428125
0 0.696875 0.0015277777777777779 0.29375 0.0015277777777777779 0.29375 0.22027777777777777 0.696875 0.22027777777777777 0.696875 0.0015277777777777779
1 0.096875 0.334375 0.003125 0.334375 0.003125 0.44062500000000004 0.096875 0.44062500000000004 0.096875 0.334375
0 0.0984375 0.4453125 0.0015625 0.4453125 0.0015625 0.6671875 0.0984375 0.6671875 0.0984375 0.4453125
5 0.89690625 0.8906597222222222 0.30159375 0.8906597222222222 0.30159375 0.9930902777777777 0.89690625 0.9930902777777777 0.89690625 0.8906597222222222
5 0.99378125 0.004687500000000001 0.90159375 0.004687500000000001 0.90159375 0.44059027777777776 0.99378125 0.44059027777777776 0.99378125 0.004687500000000001
5 0.99375 0.44538194444444446 0.9 0.44538194444444446 0.9 0.9930902777777777 0.99375 0.9930902777777777 0.99375 0.44538194444444446
5 0.09375 0.8906597222222222 0.003125 0.8906597222222222 0.003125 0.9930902777777777 0.09375 0.9930902777777777 0.09375 0.8906597222222222
0 0.0984375 0.890625 0.0984375 0.9930555555555556 0.3 0.9930555555555556 0.3 0.890625 0.0984375 0.890625