5 0.3984375 0.7671874999999999 0.3984375 0.5640624999999999 0.2046875 0.5640624999999999 0.2046875 0.7671874999999999 0.3984375 0.7671874999999999
6 0.3890625 0.5093749999999999 0.3890625 0.40312499999999996 0.3109375 0.40312499999999996 0.3109375 0.5093749999999999 0.3890625 0.5093749999999999
2 0.49375 0.5203125 0.49375 0.4296875 0.4078125 0.4296875 0.4078125 0.5203125 0.49375 0.5203125
6 0.6953125 0.4390625 0.6953125 0.3421875 0.603125 0.3421875 0.603125 0.4390625 0.6953125 0.4390625
6 0.396875 0.8421875000000001 0.3984375 0.840625 0.3984375 0.7609375 0.309375 0.7609375 0.309375 0.8421875000000001 0.396875 0.8421875000000001
5 0.29910625 0.22073611111111113 0.3013375 0.1636875 0.3984375 0.16249999999999998 0.3984375 0.11875000000000001 0.2015625 0.11875000000000001 0.20089375 0.22073611111111113 0.29910625 0.22073611111111113
6 0.2953125 0.5109375 0.296875 0.5093749999999999 0.296875 0.4046875 0.2078125 0.4046875 0.2078125 0.5109375 0.2953125 0.5109375
8 0.9033749999999999 0 0.9033749999999999 0.10625000000000001 1 0.10625000000000001 1 0 0.9033749999999999 0
8 0.404 0 0.404 0.10666666666666666 0.49775 0.10666666666666666 0.49775 0 0.404 0
5 0.3035625 0.3298611111111111 0.3950625 0.3298611111111111 0.3950625 0.1761111111111111 0.3035625 0.1761111111111111 0.3035625 0.3298611111111111
5 0.39959375 0.3373263888888889 0.49778124999999995 0.3373263888888889 0.49778124999999995 0.1190625 0.39959375 0.1190625 0.39959375 0.3373263888888889
5 0.5 0.3273611111111111 0.596 0.3273611111111111 0.596 0.1711111111111111 0.5 0.1711111111111111 0.5 0.3273611111111111
5 0.7968437500000001 1 0.7968437500000001 0.8928819444444444 0.19640625 0.8928819444444444 0.19640625 1 0.7968437500000001 1
5 0 0 0 0.9930555555555556 0.19419375 0.9930555555555556 0.203125 0.11409027777777776 0.39955625 0.11409027777777776 0.4017875 0 0 0
5 0.72098125 0 0.72098125 0.11656944444444445 0.4955375 0.11656944444444445 0.50223125 0.1686527777777778 0.6004437499999999 0.1686527777777778 0.5982125 0.21825694444444443 0.72098125 0.21825694444444443 0.7232125 0.7762916666666667 0.78125 0.7787708333333333 0.7767875 0 0.72098125 0