5 0.6015625 0.53125 0.6046875 0.534375 0.7984375 0.534375 0.7984375 0.321875 0.6015625 0.321875 0.6015625 0.53125
5 0.4046875 0.0015625 0.4046875 0.09375 0.409375 0.09375 0.4109375 0.0953125 0.703125 0.0953125 0.703125 0.0015625 0.4046875 0.0015625
1 0.790625 0.07343749999999999 0.790625 0.0015625 0.709375 0.0015625 0.709375 0.07343749999999999 0.790625 0.07343749999999999
2 0.5921875 0.528125 0.5921875 0.41874999999999996 0.503125 0.41874999999999996 0.503125 0.528125 0.5921875 0.528125
5 0.309375 0 0.309375 0.20156249999999998 0.3984375 0.20156249999999998 0.3984375 0 0.309375 0
5 0.9015625 0.0421875 0.9015625 0.07343749999999999 0.9 0.07500000000000001 0.9 0.14687499999999998 0.9015625 0.1484375 0.9015625 0.203125 0.996875 0.203125 0.996875 0.0015625 0.9 0.0015625 0.9 0.03125 0.9015625 0.032812499999999994 0.9015625 0.037500000000000006 0.9 0.0390625 0.9 0.040624999999999994 0.9015625 0.0421875
8 0.675 0.7640625000000001 0.675 0.871875 0.6765625 0.871875 0.678125 0.8734375000000001 0.925 0.8734375000000001 0.925 0.7640625000000001 0.675 0.7640625000000001
5 0.3 0.653125 0.3 0.8734375000000001 0.3015625 0.8734375000000001 0.303125 0.875 0.4 0.875 0.4 0.653125 0.3 0.653125
5 0.796875 0 0.796875 0.09062500000000001 0.7984375 0.0921875 0.803125 0.0921875 0.8046875 0.09375 0.89375 0.09375 0.8953125 0.0921875 0.896875 0.0921875 0.896875 0 0.796875 0
5 0.00625 0 0.00625 0.9930555555555556 1 0.9930555555555556 1 0.8779791666666666 0.7921875 0.875 0.790625 0.8765624999999999 0.7796875 0.8765624999999999 0.778125 0.875 0.584375 0.875 0.5828125 0.8765624999999999 0.3609375 0.8765624999999999 0.359375 0.878125 0.3109375 0.878125 0.309375 0.8765624999999999 0.30625 0.8765624999999999 0.303125 0.8734375000000001 0.303125 0.871875 0.3015625 0.8703125 0.3015625 0.8671875 0.3 0.8656250000000001 0.3 0.7921875 0.3015625 0.7906249999999999 0.3015625 0.7890625 0.3 0.7875000000000001 0.3 0.6859375000000001 0.2984375 0.684375 0.2984375 0.6812499999999999 0.3 0.6796875 0.3 0.6484375 0.3015625 0.6468750000000001 0.3015625 0.5828125 0.303125 0.58125 0.303125 0.5562499999999999 0.3015625 0.5546875 0.3015625 0.5296875000000001 0.303125 0.528125 0.303125 0.49687499999999996 0.3015625 0.49531250000000004 0.3015625 0.48124999999999996 0.303125 0.47968750000000004 0.303125 0.328125 0.3015625 0.3265625 0.3015625 0.29374999999999996 0.303125 0.29218750000000004 0.303125 0.28593749999999996 0.3015625 0.28437500000000004 0.3015625 0.2265625 0.3 0.22499999999999998 0.3 0.21875 0.3015625 0.21718749999999998 0.3015625 0.19687500000000002 0.303125 0.1953125 0.303125 0.17812499999999998 0.3046875 0.1765625 0.303125 0.175 0.303125 0.16875 0.3046875 0.1671875 0.3046875 0.11406250000000001 0.303125 0.11249999999999999 0.303125 0.10468749999999999 0.3046875 0.103125 0.3046875 0.1015625 0.303125 0.1 0.303125 0.09375 0.3046875 0.0921875 0.3046875 0.0703125 0.30625 0.06875 0.30625 0.046875 0.3078125 0.045312500000000006 0.3078125 0 0.00625 0
6 0.8905937500000001 0.4096875 0.81090625 0.4096875 0.81090625 0.5187847222222222 0.8905937500000001 0.5187847222222222 0.8905937500000001 0.4096875