5 0.00625 0.59375 0.19375 0.59375 0.19375 0.44222222222222224 0.00625 0.44222222222222224 0.00625 0.59375
5 0.00621875 0.328125 0.19215625 0.328125 0.19215625 0.11562499999999999 0.00621875 0.11562499999999999 0.00621875 0.328125
1 0.21090625 0.2156597222222222 0.39371875 0.2156597222222222 0.39371875 0.11253472222222222 0.21090625 0.11253472222222222 0.21090625 0.2156597222222222
1 0.40465625000000005 0.3703472222222222 0.59059375 0.3703472222222222 0.59059375 0.221875 0.40465625000000005 0.221875 0.40465625000000005 0.3703472222222222
1 0.603125 0.3687847222222222 0.79375 0.3687847222222222 0.79375 0.2281597222222222 0.603125 0.2281597222222222 0.603125 0.3687847222222222
5 0.40465625000000005 0.22190972222222222 0.79996875 0.22190972222222222 0.79996875 0.12031249999999999 0.40465625000000005 0.12031249999999999 0.40465625000000005 0.22190972222222222
5 0.40778125000000004 0.9930208333333334 0.79059375 0.9930208333333334 0.79059375 0.7843402777777777 0.40778125000000004 0.7843402777777777 0.40778125000000004 0.9930208333333334
5 0.00846875 0.9930555555555556 0.19440625 0.9930555555555556 0.19440625 0.7859722222222223 0.00846875 0.7859722222222223 0.00846875 0.9930555555555556
7 0.1109375 0.5109375 0.1890625 0.5109375 0.1890625 0.43281250000000004 0.1109375 0.43281250000000004 0.1109375 0.5109375
7 0.0109375 0.5109375 0.0890625 0.5109375 0.0890625 0.43281250000000004 0.0109375 0.43281250000000004 0.0109375 0.5109375
6 0.20309375 0.4156597222222222 0.30153125 0.4156597222222222 0.30153125 0.3140625 0.20309375 0.3140625 0.20309375 0.4156597222222222
6 0.303125 0.5265277777777777 0.4 0.5265277777777777 0.4 0.4202777777777778 0.303125 0.4202777777777778 0.303125 0.5265277777777777
2 0.50153125 0.5280902777777778 0.59996875 0.5280902777777778 0.59996875 0.4187152777777778 0.50153125 0.4187152777777778 0.50153125 0.5280902777777778
5 0.996875 0.9921875 0.996875 0.0078125 0.00625 0 0.00625 0.11656944444444445 0.8035687499999999 0.11160416666666667 0.803125 0.9921875 0.996875 0.9921875