5 0.3984375 0.029687500000000002 0.3984375 0.13437500000000002 0.5 0.13437500000000002 0.5 0.029687500000000002 0.3984375 0.029687500000000002
8 0.395125 0.02482638888888889 0.299125 0.02482638888888889 0.299125 0.1389236111111111 0.395125 0.1389236111111111 0.395125 0.02482638888888889
8 0.60265625 0.029756944444444447 0.50446875 0.029756944444444447 0.50446875 0.14135416666666667 0.60265625 0.14135416666666667 0.60265625 0.029756944444444447
5 0.7031562499999999 0.02232638888888889 0.60046875 0.02232638888888889 0.60046875 0.13392361111111112 0.7031562499999999 0.13392361111111112 0.7031562499999999 0.02232638888888889
5 0.30803125 0.01982638888888889 0.10046875 0.01982638888888889 0.10046875 0.13392361111111112 0.30803125 0.13392361111111112 0.30803125 0.01982638888888889
5 0.09825 0.029756944444444447 0.00225 0.029756944444444447 0.00225 0.24802083333333336 0.09825 0.24802083333333336 0.09825 0.029756944444444447
5 0 0.3571875 0.299125 0.3571875 0.299125 0.2579513888888889 0 0.2579513888888889 0 0.3571875
5 0.705375 0.2603819444444444 0.59825 0.2603819444444444 0.59825 0.35711805555555554 0.705375 0.35711805555555554 0.705375 0.2603819444444444
5 0.39509375 0.2603819444444444 0.30578125 0.2603819444444444 0.30578125 0.35961805555555554 0.39509375 0.35961805555555554 0.39509375 0.2603819444444444
5 0.60046875 0.2579513888888889 0.5000312499999999 0.2579513888888889 0.5000312499999999 0.3571875 0.60046875 0.3571875 0.60046875 0.2579513888888889
6 0.49375 0.2134375 0.40625 0.2134375 0.40625 0.31809027777777776 0.49375 0.31809027777777776 0.49375 0.2134375
2 0.49690625 0.4234375 0.40471874999999996 0.4234375 0.40471874999999996 0.5250347222222222 0.49690625 0.5250347222222222 0.49690625 0.4234375
6 0.39690625 0.6521875 0.30471875000000004 0.6521875 0.30471875000000004 0.7600347222222221 0.39690625 0.7600347222222221 0.39690625 0.6521875
5 0.103125 0.7 0.00625 0.7 0.00625 0.9109722222222223 0.103125 0.9109722222222223 0.103125 0.7
5 0.7031562499999999 0.7025 0.50159375 0.7025 0.50159375 0.9165277777777777 0.7031562499999999 0.9165277777777777 0.7031562499999999 0.7025
1 0.69865625 0.3620833333333333 0.5937187500000001 0.3620833333333333 0.5937187500000001 0.5331944444444444 0.69865625 0.5331944444444444 0.69865625 0.3620833333333333
5 0 0.9930555555555556 0.99375 0.9930555555555556 0.99375 0.0024791666666666664 0 0 0.0022312499999999997 0.02728472222222222 0.6964312500000001 0.022319444444444444 0.70089375 0.9226180555555555 0 0.9201388888888888 0 0.9930555555555556