0 0 0.9930555555555556 0.14998125 0.9930555555555556 0.14998125 0.7233125 0 0.7223888888888889 0 0.9930555555555556
5 0.69415625 0.5675694444444445 0.40584375 0.5675694444444445 0.40584375 0.6592361111111111 0.69415625 0.6592361111111111 0.69415625 0.5675694444444445
5 0.99753125 0.5685069444444444 0.8108437500000001 0.5685069444444444 0.8108437500000001 0.6610763888888889 0.99753125 0.6610763888888889 0.99753125 0.5685069444444444
5 0.09334375 0.1268402777777778 0.00665625 0.1268402777777778 0.00665625 0.22038194444444445 0.09334375 0.22038194444444445 0.09334375 0.1268402777777778
8 0.68665625 0.3417013888888889 0.61584375 0.3417013888888889 0.61584375 0.43704861111111115 0.68665625 0.43704861111111115 0.68665625 0.3417013888888889
1 0.7991875 0.5537152777777777 0.7016875 0.5537152777777777 0.7016875 0.6657291666666666 0.7991875 0.6657291666666666 0.7991875 0.5537152777777777
1 0.20249999999999999 0.10927083333333333 0.1075 0.10927083333333333 0.1075 0.22225694444444447 0.20249999999999999 0.22225694444444447 0.20249999999999999 0.10927083333333333
2 0.4966875 0.41756944444444444 0.4141875 0.41756944444444444 0.4141875 0.5286805555555555 0.4966875 0.5286805555555555 0.4966875 0.41756944444444444
6 0.59996875 0.7509027777777777 0.50328125 0.7509027777777777 0.50328125 0.8675694444444445 0.59996875 0.8675694444444445 0.59996875 0.7509027777777777
5 0.96666875 0.27963194444444445 0.99375 0.2629652777777778 0.99375 0.058333333333333334 0.905 0.003701388888888889 0.49666875 0.004631944444444445 0.4 0.05277777777777778 0.4025 0.2648125 0.43083125000000005 0.28055555555555556 0.43333125 0.4212986111111111 0.47333125000000004 0.42314583333333333 0.47833125 0.4388888888888889 0.60666875 0.44259027777777776 0.60748125 0.33888888888888885 0.60666875 0.3379652777777778 0.6925 0.3351875 0.69666875 0.4379652777777778 0.9658312499999999 0.4379652777777778 0.96666875 0.27963194444444445
4 0.15331875 0.9930555555555556 0.19915 0.9930555555555556 0.19915 0.6675902777777778 0.00081875 0.6685208333333333 0 0.7214652777777778 0.15248124999999998 0.7205347222222223 0.15331875 0.9930555555555556