5 0.4796875 0.4375 0.48125 0.4390625 0.4875 0.4390625 0.4890625 0.44062500000000004 0.5984375 0.44062500000000004 0.5984375 0.34062499999999996 0.0046875 0.34062499999999996 0.0046875 0.44062500000000004 0.4328125 0.44062500000000004 0.434375 0.4390625 0.4515625 0.4390625 0.453125 0.4375 0.4609375 0.4375 0.4625 0.4359375 0.4703125 0.4359375 0.471875 0.4375 0.4796875 0.4375
5 0.596875 0.21718749999999998 0.596875 0.0015625 0.00625 0.0015625 0.00625 0.21718749999999998 0.596875 0.21718749999999998
2 0.40625 0.42500000000000004 0.40625 0.5203125 0.4875 0.5203125 0.4890625 0.51875 0.4890625 0.42500000000000004 0.40625 0.42500000000000004
6 0.7046875 0.08906249999999999 0.7046875 0.18906250000000002 0.7921875 0.18906250000000002 0.79375 0.1875 0.79375 0.08906249999999999 0.7046875 0.08906249999999999
6 0.303125 0.1921875 0.303125 0.30156249999999996 0.39375 0.30156249999999996 0.3953125 0.30000000000000004 0.3953125 0.1921875 0.303125 0.1921875
6 0.6125 0.75 0.6125 0.8578125000000001 0.6875 0.8578125000000001 0.6890625 0.85625 0.6890625 0.75 0.6125 0.75
5 0.99375 0.10625000000000001 0.99375 0.0015625 0.8 0.0015625 0.8 0.10625000000000001 0.99375 0.10625000000000001
6 0.3890625 0.85625 0.3890625 0.7562500000000001 0.309375 0.7562500000000001 0.309375 0.8578125000000001 0.3859375 0.8578125000000001 0.3875 0.85625 0.3890625 0.85625
5 0.5 0.9930555555555556 0.5 0.5609375000000001 0.403125 0.5609375000000001 0.403125 0.9930555555555556 0.5 0.9930555555555556
5 0.596875 0.9930555555555556 0.596875 0.5609375000000001 0.503125 0.5609375000000001 0.503125 0.9930555555555556 0.596875 0.9930555555555556
1 0.7953125 0.1 0.7953125 0.0015625 0.7046875 0.0015625 0.7046875 0.1 0.7953125 0.1
5 0.59821875 0 0.59821875 0.10666666666666666 0.7031562499999999 0.10666666666666666 0.7031562499999999 0 0.59821875 0