5 0.8983125 0.5582986111111111 0.6041875 0.5582986111111111 0.6041875 0.6672569444444444 0.8983125 0.6672569444444444 0.8983125 0.5582986111111111
12 0.0015625 0.6703125000000001 0.0015625 0.9921875 0.99375 0.9921875 0.99375 0.6703125000000001 0.0015625 0.6703125000000001
7 0.7109375 0.54375 0.7109375 0.621875 0.7890625 0.621875 0.7890625 0.54375 0.7109375 0.54375
1 0.0078125 0.3375 0.0078125 0.47968750000000004 0.1953125 0.47968750000000004 0.1953125 0.3375 0.0078125 0.3375
1 0.2078125 0.33281249999999996 0.2078125 0.48281250000000003 0.3921875 0.48281250000000003 0.3921875 0.33281249999999996 0.2078125 0.33281249999999996
5 0.609375 0.23281249999999998 0.609375 0.4375 0.9921875 0.4375 0.9921875 0.23281249999999998 0.609375 0.23281249999999998
2 0.4109375 0.421875 0.4109375 0.5218750000000001 0.4921875 0.5218750000000001 0.4921875 0.421875 0.4109375 0.421875
6 0.509375 0.42500000000000004 0.509375 0.5234375 0.584375 0.5234375 0.5859375 0.5218750000000001 0.5875 0.5218750000000001 0.5875 0.42500000000000004 0.509375 0.42500000000000004
6 0.403125 0.53125 0.403125 0.6343749999999999 0.496875 0.6343749999999999 0.496875 0.53125 0.403125 0.53125
1 0.4078125 0.22499999999999998 0.4078125 0.3265625 0.5890625 0.3265625 0.5890625 0.22499999999999998 0.4078125 0.22499999999999998
5 0.00625 0.23281249999999998 0.00625 0.328125 0.396875 0.328125 0.396875 0.23281249999999998 0.00625 0.23281249999999998
5 0.99375 0.006284722222222223 0.003125 0.006284722222222223 0.003125 0.22343749999999998 0.99375 0.22343749999999998 0.99375 0.006284722222222223