5 0.79371875 0.221875 0.9921562500000001 0.221875 0.9921562500000001 0.009375000000000001 0.79371875 0.009375000000000001 0.79371875 0.221875
5 0.2924375 0.22343749999999998 0.4890625 0.22343749999999998 0.4890625 0.006284722222222223 0.2924375 0.006284722222222223 0.2924375 0.22343749999999998
5 0.0859375 0.109375 0.2828125 0.109375 0.2828125 0.003125 0.0859375 0.003125 0.0859375 0.109375
5 0.084375 0.33281249999999996 0.4875 0.33281249999999996 0.4875 0.23440972222222223 0.084375 0.23440972222222223 0.084375 0.33281249999999996
5 0.00003125 0.3298611111111111 0.08259375 0.3298611111111111 0.08259375 0.22569444444444445 0.00003125 0.22569444444444445 0.00003125 0.3298611111111111
8 0.00621875 0.10784722222222222 0.08590624999999999 0.10784722222222222 0.08590624999999999 0.0015972222222222223 0.00621875 0.0015972222222222223 0.00621875 0.10784722222222222
5 0.48903125000000003 0.3265972222222222 0.58434375 0.3265972222222222 0.58434375 0.003125 0.48903125000000003 0.003125 0.48903125000000003 0.3265972222222222
5 0.58746875 0.10468749999999999 0.7890312500000001 0.10468749999999999 0.7890312500000001 0.0030902777777777777 0.58746875 0.0030902777777777777 0.58746875 0.10468749999999999
6 0.70465625 0.18906250000000002 0.79371875 0.18906250000000002 0.79371875 0.08746527777777778 0.70465625 0.08746527777777778 0.70465625 0.18906250000000002
5 0.78434375 0.33284722222222224 0.9921562500000001 0.33284722222222224 0.9921562500000001 0.234375 0.78434375 0.234375 0.78434375 0.33284722222222224
5 0.5859062500000001 0.33125000000000004 0.6874687500000001 0.33125000000000004 0.6874687500000001 0.2327777777777778 0.5859062500000001 0.2327777777777778 0.5859062500000001 0.33125000000000004
9 0.6875 0.33479166666666665 0.78125 0.33479166666666665 0.78125 0.233125 0.6875 0.233125 0.6875 0.33479166666666665
6 0.61090625 0.4140625 0.6874687500000001 0.4140625 0.6874687500000001 0.3062152777777778 0.61090625 0.3062152777777778 0.61090625 0.4140625
6 0.97496875 0.5375000000000001 0.99840625 0.5375000000000001 0.99840625 0.4484722222222222 0.97496875 0.4484722222222222 0.97496875 0.5375000000000001
2 0.5086875 0.5265625 0.5899375 0.5265625 0.5899375 0.42496527777777776 0.5086875 0.42496527777777776 0.5086875 0.5265625
6 0.00625 0.7534375 0.096875 0.7534375 0.096875 0.6410069444444445 0.00625 0.6410069444444445 0.00625 0.7534375
5 0.28434375 0.8843749999999999 0.48590625000000004 0.8843749999999999 0.48590625000000004 0.671875 0.28434375 0.671875 0.28434375 0.8843749999999999
8 0.575 0.8843749999999999 0.80625 0.8843749999999999 0.80625 0.784375 0.575 0.784375 0.575 0.8843749999999999
5 0.8827812500000001 0.8828125 0.99371875 0.8828125 0.99371875 0.6734374999999999 0.8827812500000001 0.6734374999999999 0.8827812500000001 0.8828125
5 0.9977499999999999 1 0.9977499999999999 0.8923611111111112 0 0.8923611111111112 0 1 0.9977499999999999 1