6 0.684375 0.3578125 0.684375 0.2515625 0.6125 0.2515625 0.6125 0.3578125 0.684375 0.3578125
6 0.1921875 0.46562499999999996 0.19375 0.46406250000000004 0.19375 0.46249999999999997 0.1953125 0.4609375 0.1953125 0.36875 0.10625 0.36875 0.10625 0.46562499999999996 0.1921875 0.46562499999999996
6 0.590625 0.6921875 0.590625 0.596875 0.5890625 0.5953124999999999 0.5890625 0.59375 0.5875 0.5921875000000001 0.5875 0.5859375 0.5078125 0.5859375 0.5078125 0.6921875 0.590625 0.6921875
2 0.490625 0.5203125 0.490625 0.4296875 0.40625 0.4296875 0.40625 0.5203125 0.490625 0.5203125
5 0.6078125 0.4921875 0.609375 0.49374999999999997 0.69375 0.49374999999999997 0.6953125 0.4921875 0.7109375 0.4921875 0.7125 0.49374999999999997 0.790625 0.49374999999999997 0.7921875 0.4921875 0.79375 0.4921875 0.79375 0.39531249999999996 0.6046875 0.39531249999999996 0.6046875 0.4921875 0.6078125 0.4921875
5 0.5921875 0.49687499999999996 0.59375 0.49531250000000004 0.5953125 0.49531250000000004 0.596875 0.49374999999999997 0.5984375 0.49374999999999997 0.5984375 0.4921875 0.6 0.49062500000000003 0.6 0.47812499999999997 0.5984375 0.4765625 0.6 0.47500000000000003 0.6 0.265625 0.5984375 0.2640625 0.5984375 0.26249999999999996 0.6 0.26093750000000004 0.6 0.19374999999999998 0.5984375 0.1921875 0.5984375 0.18906250000000002 0.6 0.1875 0.6 0.1796875 0.5984375 0.17812499999999998 0.5984375 0.1640625 0.6 0.16249999999999998 0.6 0.153125 0.5984375 0.1515625 0.5984375 0.14218750000000002 0.6 0.140625 0.6 0.1078125 0.503125 0.1078125 0.503125 0.49687499999999996 0.5921875 0.49687499999999996
8 0.4171875 0.9390624999999999 0.4171875 0.83125 0.1765625 0.83125 0.1765625 0.9390624999999999 0.4171875 0.9390624999999999
5 0.690625 0.828125 0.690625 0.73125 0.6140625 0.73125 0.6140625 0.828125 0.690625 0.828125
5 0 0 0.0008312500000000001 0.0515625 0.00395625 0.0515625 0.00551875 0.053125000000000006 0.31801875 0.053125000000000006 0.31958125000000004 0.0515625 0.36958125000000003 0.0515625 0.37114375 0.05 0.37270625 0.0515625 0.38208125000000004 0.0515625 0.38364375 0.05 0.38520625000000003 0.05 0.38676875 0.0515625 0.39458125 0.0515625 0.39614375 0.05 0.39770625000000004 0.05 0.39926875 0.0515625 0.56333125 0.0515625 0.56489375 0.053125000000000006 0.59458125 0.053125000000000006 0.59614375 0.0515625 0.69770625 0.0515625 0.69926875 0.05 0.79458125 0.05 0.7961437499999999 0.0515625 0.79926875 0.0515625 0.8008312500000001 0.053125000000000006 0.8008312500000001 0.0546875 0.80239375 0.056249999999999994 0.80239375 0.060937500000000006 0.8008312500000001 0.0625 0.8008312500000001 0.159375 0.79926875 0.1609375 0.79926875 0.171875 0.8008312500000001 0.17343750000000002 0.8008312500000001 0.375 0.79926875 0.3765625 0.79926875 0.3890625 0.79770625 0.390625 0.79770625 0.4046875 0.7961437499999999 0.40625 0.7961437499999999 0.5 0.79458125 0.5015624999999999 0.7961437499999999 0.503125 0.7961437499999999 0.5062500000000001 0.79926875 0.5093749999999999 0.79926875 0.5203125 0.8008312500000001 0.5218750000000001 0.8008312500000001 0.5234375 0.79926875 0.5249999999999999 0.79926875 0.528125 0.8008312500000001 0.5296875000000001 0.8008312500000001 0.9328124999999999 0.80239375 0.9343750000000001 0.80239375 0.9406249999999999 0.8008312500000001 0.9421875000000001 0.79926875 0.9421875000000001 0.79770625 0.9437500000000001 0.7961437499999999 0.9437500000000001 0.79458125 0.9453125 0.76020625 0.9453125 0.75864375 0.9437500000000001 0.7570812499999999 0.9453125 0.71958125 0.9453125 0.7180187499999999 0.9437500000000001 0.58051875 0.9437500000000001 0.57895625 0.9453125 0.5617687499999999 0.9453125 0.56020625 0.9437500000000001 0.48208124999999996 0.9437500000000001 0.48051875 0.9453125 0.45083124999999996 0.9453125 0.44926875 0.9437500000000001 0.43051874999999995 0.9437500000000001 0.42895625 0.9453125 0.42739374999999996 0.9453125 0.42583125 0.9437500000000001 0.41958124999999996 0.9437500000000001 0.41801875 0.9453125 0.39301875000000003 0.9453125 0.39145625 0.9468749999999999 0.38833125 0.9468749999999999 0.38676875 0.9453125 0.26333125 0.9453125 0.26176875 0.9437500000000001 0.0008312500000000001 0.9437500000000001 0 0.9930555555555556 0.99375 0.9930555555555556 0.99375 0 0 0
5 0.49916875000000005 0.10833333333333334 0.60166875 0.10647916666666667 0.6008312499999999 0.16296527777777778 0.8 0.16296527777777778 0.8016687499999999 0.04814583333333333 0 0.056479166666666664 0.0008312500000000001 0.1611111111111111 0.49749999999999994 0.1638888888888889 0.49916875000000005 0.10833333333333334
5 0.7058125000000001 0.9407291666666667 0.8008124999999999 0.9407291666666667 0.8008124999999999 0.8305208333333334 0.7058125000000001 0.8305208333333334 0.7058125000000001 0.9407291666666667
1 0.05334375 0.6166666666666667 0.19915624999999998 0.6166666666666667 0.19915624999999998 0.49444444444444446 0.05334375 0.49444444444444446 0.05334375 0.6166666666666667
1 0.05496875 0.7176041666666666 0.19415625 0.7176041666666666 0.19415625 0.6167013888888889 0.05496875 0.6167013888888889 0.05496875 0.7176041666666666
1 0.25584375000000004 0.38336805555555553 0.39503125 0.38336805555555553 0.39503125 0.29260416666666667 0.25584375000000004 0.29260416666666667 0.25584375000000004 0.38336805555555553
1 0.25084375 0.27871527777777777 0.39665625000000004 0.27871527777777777 0.39665625000000004 0.16947916666666668 0.25084375 0.16947916666666668 0.25084375 0.27871527777777777
1 0.0033437500000000004 0.27871527777777777 0.14915625 0.27871527777777777 0.14915625 0.16392361111111112 0.0033437500000000004 0.16392361111111112 0.0033437500000000004 0.27871527777777777
1 0.05746875 0.3823958333333333 0.20165625 0.3823958333333333 0.20165625 0.28427083333333336 0.05746875 0.28427083333333336 0.05746875 0.3823958333333333