5 0.3765625 0.7671874999999999 0.378125 0.76875 0.565625 0.76875 0.5671875 0.7671874999999999 0.56875 0.7671874999999999 0.5703125 0.765625 0.571875 0.765625 0.571875 0.5531250000000001 0.3765625 0.5531250000000001 0.3765625 0.7671874999999999
5 0.2734375 0.4390625 0.2734375 0.23124999999999998 0.0796875 0.23124999999999998 0.0796875 0.4390625 0.2734375 0.4390625
2 0.40625 0.5234375 0.4703125 0.5234375 0.471875 0.5249999999999999 0.4890625 0.5249999999999999 0.490625 0.5234375 0.490625 0.421875 0.4046875 0.421875 0.4046875 0.5249999999999999 0.40625 0.5234375
1 0.4671875 0.30781250000000004 0.4671875 0.22968750000000002 0.3828125 0.22968750000000002 0.3828125 0.30781250000000004 0.4671875 0.30781250000000004
5 0.2734375 0.21875 0.2734375 0.33281249999999996 0.3828125 0.33281249999999996 0.384375 0.33125000000000004 0.384375 0.21875 0.2734375 0.21875
5 0.0734375 0.8890625000000001 0.0734375 0.9930555555555556 0.1734375 0.9930555555555556 0.175 0.9921875 0.175 0.8890625000000001 0.0734375 0.8890625000000001
5 0.878125 0.9930555555555556 0.878125 0.8890625000000001 0.775 0.8890625000000001 0.775 0.9930555555555556 0.878125 0.9930555555555556
5 0.73125 0.33125000000000004 0.7703125 0.33125000000000004 0.7734375 0.328125 0.7734375 0.21875 0.4671875 0.21875 0.4671875 0.33281249999999996 0.7296875 0.33281249999999996 0.73125 0.33125000000000004
5 0.86875 0.4375 0.86875 0.23124999999999998 0.7765625 0.23124999999999998 0.7765625 0.4375 0.86875 0.4375
6 0.5671875 0.7703125 0.5671875 0.7718750000000001 0.565625 0.7734375 0.565625 0.840625 0.6609375 0.840625 0.6609375 0.7562500000000001 0.565625 0.7562500000000001 0.565625 0.76875 0.5671875 0.7703125
6 0.6625 0.6421874999999999 0.6625 0.5421875 0.6609375 0.5406249999999999 0.6609375 0.53125 0.659375 0.5296875000000001 0.659375 0.528125 0.5734375 0.528125 0.5734375 0.6421874999999999 0.6625 0.6421874999999999
5 0.0078125 0 0.0078125 0.9906250000000001 0.071875 0.9906250000000001 0.071875 0.9859374999999999 0.0734375 0.984375 0.0734375 0.7734375 0.075 0.7718750000000001 0.075 0.45937500000000003 0.0734375 0.45781249999999996 0.0734375 0.44687499999999997 0.075 0.4453125 0.075 0.43437499999999996 0.0765625 0.43281250000000004 0.0765625 0.41718750000000004 0.078125 0.415625 0.078125 0.35624999999999996 0.0765625 0.35468750000000004 0.0765625 0.3046875 0.075 0.303125 0.075 0.2890625 0.0765625 0.2875 0.0765625 0.271875 0.075 0.27031249999999996 0.075 0.26249999999999996 0.0765625 0.26093750000000004 0.0765625 0.23124999999999998 0.078125 0.22968750000000002 0.078125 0.22812500000000002 0.0828125 0.22343749999999998 0.134375 0.22343749999999998 0.1359375 0.221875 0.1546875 0.221875 0.15625 0.22031250000000002 0.1625 0.22031250000000002 0.1640625 0.21875 0.203125 0.21875 0.2046875 0.22031250000000002 0.2296875 0.22031250000000002 0.23125 0.221875 0.2625 0.221875 0.2640625 0.22031250000000002 0.26875 0.22031250000000002 0.2703125 0.21875 0.2796875 0.21875 0.28125 0.22031250000000002 0.284375 0.22031250000000002 0.2859375 0.221875 0.340625 0.221875 0.3421875 0.22343749999999998 0.35625 0.22343749999999998 0.3578125 0.221875 0.3734375 0.221875 0.375 0.22031250000000002 0.3765625 0.22031250000000002 0.378125 0.21875 0.3828125 0.21875 0.384375 0.21718749999999998 0.3953125 0.21718749999999998 0.396875 0.21875 0.4109375 0.21875 0.4125 0.22031250000000002 0.440625 0.22031250000000002 0.4421875 0.21875 0.45625 0.21875 0.4578125 0.22031250000000002 0.4640625 0.22031250000000002 0.465625 0.21875 0.46875 0.21875 0.4703125 0.21718749999999998 0.4734375 0.21718749999999998 0.475 0.21875 0.4796875 0.21875 0.4828125 0.221875 0.5171875 0.221875 0.51875 0.22343749999999998 0.5453125 0.22343749999999998 0.546875 0.221875 0.565625 0.221875 0.5671875 0.22031250000000002 0.575 0.22031250000000002 0.5765625 0.21875 0.5875 0.21875 0.5890625 0.21718749999999998 0.603125 0.21718749999999998 0.6046875 0.21875 0.64375 0.21875 0.6453125 0.22031250000000002 0.6640625 0.22031250000000002 0.665625 0.21875 0.7046875 0.21875 0.70625 0.22031250000000002 0.7203125 0.22031250000000002 0.721875 0.221875 0.759375 0.221875 0.7609375 0.22031250000000002 0.7671875 0.22031250000000002 0.76875 0.21875 0.771875 0.21875 0.7734375 0.21718749999999998 0.7796875 0.21718749999999998 0.78125 0.21875 0.7859375 0.21875 0.7875 0.22031250000000002 0.7890625 0.22031250000000002 0.790625 0.221875 0.8296875 0.221875 0.83125 0.22343749999999998 0.865625 0.22343749999999998 0.8671875 0.22499999999999998 0.86875 0.22499999999999998 0.871875 0.22812500000000002 0.871875 0.22968750000000002 0.8734375 0.23124999999999998 0.8734375 0.24062499999999998 0.871875 0.2421875 0.871875 0.33281249999999996 0.8703125 0.334375 0.8703125 0.34375 0.871875 0.3453125 0.871875 0.4234375 0.8734375 0.42500000000000004 0.8734375 0.4359375 0.875 0.4375 0.875 0.5562499999999999 0.8734375 0.5578125 0.8734375 0.765625 0.875 0.7671874999999999 0.875 0.9093749999999999 0.8765625 0.9109375000000001 0.8765625 0.921875 0.875 0.9234374999999999 0.875 0.9859374999999999 0.8765625 0.9874999999999999 0.8765625 0.9906250000000001 0.9671875 0.9906250000000001 0.9671875 0 0.0078125 0
1 0.4703125 0.5375000000000001 0.4703125 0.6312500000000001 0.471875 0.6296875 0.5453125 0.6296875 0.5453125 0.5375000000000001 0.4703125 0.5375000000000001