5 0.305 0.4416319444444444 0.49749999999999994 0.4416319444444444 0.49749999999999994 0.3879513888888889 0.305 0.3879513888888889 0.305 0.4416319444444444
5 0.30246875 0.3907291666666667 0.49915624999999997 0.3907291666666667 0.49915624999999997 0.2221875 0.30246875 0.2221875 0.30246875 0.3907291666666667
6 0.1125 0.3125 0.1125 0.4078125 0.1859375 0.4078125 0.1875 0.40625 0.1875 0.3125 0.1125 0.3125
5 0.9015625 0.8859375 0.9015625 0.6734374999999999 0.8015625 0.6734374999999999 0.8015625 0.8859375 0.9015625 0.8859375
2 0.40625 0.42500000000000004 0.40625 0.5203125 0.4921875 0.5203125 0.4953125 0.5171874999999999 0.4953125 0.42500000000000004 0.40625 0.42500000000000004
5 0.096875 0.37031250000000004 0.096875 0.22968750000000002 0.003125 0.22968750000000002 0.003125 0.37031250000000004 0.096875 0.37031250000000004
7 0.7890625 0.3984375 0.7890625 0.32499999999999996 0.709375 0.32499999999999996 0.709375 0.3984375 0.7890625 0.3984375
8 0.521875 0.8859375 0.521875 0.7671874999999999 0.2796875 0.7671874999999999 0.2796875 0.8859375 0.521875 0.8859375
4 0.6983125 0.5305902777777778 0.8033125 0.5305902777777778 0.8033125 0.4148263888888889 0.6983125 0.4148263888888889 0.6983125 0.5305902777777778
5 0.0025 0 0.0025 0.10777777777777778 0.899375 0.10777777777777778 0.899375 0 0.0025 0
5 0.90166875 0 0.9 0.8879652777777778 0 0.8898125000000001 0 0.9930555555555556 0.99375 0.9930555555555556 0.99375 0 0.90166875 0
1 0.35584375 0.38885416666666667 0.44415625 0.38885416666666667 0.44415625 0.33239583333333333 0.35584375 0.33239583333333333 0.35584375 0.38885416666666667