5 0.06875 0.66875 0.0703125 0.6671875 0.0875 0.6671875 0.0890625 0.66875 0.090625 0.66875 0.09375 0.671875 0.09375 0.6734374999999999 0.0953125 0.675 0.0953125 0.7671874999999999 0.096875 0.76875 0.309375 0.76875 0.3109375 0.7671874999999999 0.4671875 0.7671874999999999 0.475 0.7593749999999999 0.475 0.7453125 0.4765625 0.7437499999999999 0.4765625 0.715625 0.478125 0.7140625 0.478125 0.7093750000000001 0.4796875 0.7078125 0.4796875 0.7015625000000001 0.48125 0.7 0.48125 0.6875 0.4796875 0.6859375000000001 0.4796875 0.684375 0.478125 0.6828125 0.478125 0.6781250000000001 0.4765625 0.6765625 0.4765625 0.6671875 0.475 0.6656249999999999 0.475 0.6156250000000001 0.4765625 0.6140625 0.4765625 0.6125 0.478125 0.6109374999999999 0.478125 0.609375 0.4796875 0.6078125000000001 0.48125 0.6078125000000001 0.484375 0.6046875 0.490625 0.6046875 0.4921875 0.6031249999999999 0.4953125 0.6031249999999999 0.4953125 0.37812500000000004 0.49375 0.3765625 0.4921875 0.3765625 0.490625 0.375 0.4890625 0.375 0.4875 0.3734375 0.4859375 0.3734375 0.4828125 0.37031250000000004 0.48125 0.37031250000000004 0.4796875 0.36875 0.4765625 0.36875 0.475 0.3671875 0.4734375 0.3671875 0.4703125 0.36406249999999996 0.46875 0.36406249999999996 0.4671875 0.36250000000000004 0.4640625 0.36250000000000004 0.4625 0.3609375 0.4609375 0.3609375 0.4578125 0.3578125 0.45625 0.3578125 0.4546875 0.35624999999999996 0.4515625 0.35624999999999996 0.45 0.35468750000000004 0.4484375 0.35468750000000004 0.4453125 0.3515625 0.44375 0.3515625 0.4421875 0.35 0.4375 0.35 0.4359375 0.34843749999999996 0.434375 0.34843749999999996 0.4296875 0.34375 0.425 0.34375 0.4234375 0.3421875 0.421875 0.3421875 0.4171875 0.3375 0.00625 0.3375 0.00625 0.6765625 0.0140625 0.66875 0.015625 0.66875 0.0171875 0.6671875 0.05625 0.6671875 0.0578125 0.66875 0.06875 0.66875
8 0.015625 0.6765625 0.015625 0.7671874999999999 0.034375 0.7671874999999999 0.0359375 0.76875 0.084375 0.76875 0.084375 0.6765625 0.015625 0.6765625
1 0.5015625 0.0015625 0.5015625 0.10468749999999999 0.503125 0.10625000000000001 0.503125 0.1078125 0.5953125 0.1078125 0.5953125 0.0015625 0.5015625 0.0015625
1 0.5015625 0.7718750000000001 0.503125 0.7734375 0.5953125 0.7734375 0.5953125 0.6671875 0.5015625 0.6671875 0.5015625 0.7718750000000001
2 0.509375 0.428125 0.509375 0.5234375 0.58125 0.5234375 0.5828125 0.5249999999999999 0.5890625 0.5249999999999999 0.5890625 0.428125 0.509375 0.428125
8 0.3859375 0.103125 0.3859375 0.009375000000000001 0.315625 0.009375000000000001 0.315625 0.103125 0.3859375 0.103125
5 0.6953125 0.76875 0.6953125 0.6765625 0.6046875 0.6765625 0.6046875 0.76875 0.60625 0.76875 0.6078125 0.7703125 0.6921875 0.7703125 0.69375 0.76875 0.6953125 0.76875
5 0.3953125 0.020312499999999997 0.3953125 0.103125 0.46875 0.103125 0.4703125 0.1015625 0.4703125 0.0015625 0.396875 0.0015625 0.396875 0.004687500000000001 0.3984375 0.00625 0.3984375 0.0125 0.396875 0.014062499999999999 0.396875 0.018750000000000003 0.3953125 0.020312499999999997
0 0.996875 0.9930555555555556 0.996875 0.0015625 0.753125 0.0015625 0.753125 0.9930555555555556 0.996875 0.9930555555555556
5 0.1295 0 0.1295 0.10416666666666667 0.299125 0.10416666666666667 0.299125 0 0.1295 0
4 0.703125 0 0.703125 1 0.75 1 0.75 0 0.703125 0