5 0.00625 0.24375000000000002 0.00625 0.3359375 0.05 0.3359375 0.0515625 0.3375 0.303125 0.3375 0.303125 0.24375000000000002 0.00625 0.24375000000000002
2 0.590625 0.5171874999999999 0.5921875 0.51875 0.59375 0.51875 0.59375 0.421875 0.5046875 0.421875 0.5046875 0.5171874999999999 0.5078125 0.5171874999999999 0.509375 0.51875 0.5171875 0.51875 0.51875 0.5171874999999999 0.590625 0.5171874999999999
8 0.5 0.203125 0.5 0.22812500000000002 0.5015625 0.22968750000000002 0.5015625 0.23281249999999998 0.596875 0.23281249999999998 0.596875 0.128125 0.5015625 0.128125 0.5015625 0.1828125 0.5 0.184375 0.5 0.1921875 0.5015625 0.19374999999999998 0.5015625 0.20156249999999998 0.5 0.203125
5 0.2953125 0.5734375 0.2953125 0.40625 0.203125 0.40625 0.203125 0.5734375 0.2953125 0.5734375
5 0.7984375 0.7859375 0.7984375 0.5765625000000001 0.7046875 0.5765625000000001 0.7046875 0.7859375 0.7984375 0.7859375
5 0.796875 0.5718749999999999 0.796875 0.4078125 0.703125 0.4078125 0.703125 0.5718749999999999 0.796875 0.5718749999999999
5 0.303125 0 0.303125 0.45468749999999997 0.3265625 0.45468749999999997 0.328125 0.45625000000000004 0.3953125 0.45625000000000004 0.3953125 0 0.303125 0
5 0.996875 0.7921875 0.996875 0.6828125 0.8984375 0.6828125 0.8984375 0.7921875 0.996875 0.7921875
5 0.9984375 0.8953125000000001 0.9984375 0.8 0.896875 0.8 0.896875 0.8953125000000001 0.9984375 0.8953125000000001
5 0.5953125 0.12031249999999999 0.5953125 0.0015625 0.4015625 0.0015625 0.4015625 0.12031249999999999 0.5953125 0.12031249999999999
5 0.3 0.40156250000000004 0.3 0.35468750000000004 0.1109375 0.35468750000000004 0.1109375 0.40156250000000004 0.3 0.40156250000000004
5 0.8921875 0.8968750000000001 0.8921875 0.40156250000000004 0.8046875 0.40156250000000004 0.8046875 0.8968750000000001 0.8921875 0.8968750000000001
5 0.190625 0.9930555555555556 0.190625 0.4 0.1078125 0.4 0.1078125 0.9930555555555556 0.190625 0.9930555555555556
5 0.2953125 0.7859375 0.2953125 0.6875 0.2 0.6875 0.2 0.7859375 0.2953125 0.7859375
5 0.1046875 0.9930555555555556 0.1046875 0.34687500000000004 0.0078125 0.34687500000000004 0.0078125 0.9930555555555556 0.1046875 0.9930555555555556
5 0.2953125 0.7859375 0.2953125 0.58125 0.2015625 0.58125 0.2015625 0.7859375 0.2953125 0.7859375
10 0.9921875 0.215625 0.9921875 0.11875000000000001 0.9 0.11875000000000001 0.9 0.215625 0.9921875 0.215625
5 0.8953125 0.015625 0.7046875 0.015625 0.7046875 0.3484027777777778 0.8953125 0.3484027777777778 0.8953125 0.015625
5 0.6004437499999999 0.45634722222222224 0.6986625 0.45634722222222224 0.6986625 0.40426388888888887 0.890625 0.4017847222222222 0.88839375 0.35218055555555555 0.6004437499999999 0.3546597222222222 0.6004437499999999 0.45634722222222224