5 0.69996875 0.23121527777777778 0.30153125 0.23121527777777778 0.30153125 0.33281249999999996 0.69996875 0.33281249999999996 0.69996875 0.23121527777777778
5 0.1015625 0.8843749999999999 0.1015625 0.6703125000000001 0.0078125 0.6703125000000001 0.0078125 0.8843749999999999 0.1015625 0.8843749999999999
8 0.99375 0.8843749999999999 0.99375 0.7875000000000001 0.7828125 0.7875000000000001 0.7828125 0.8843749999999999 0.99375 0.8843749999999999
5 0.6984375 0.8843749999999999 0.6984375 0.6671875 0.496875 0.6671875 0.496875 0.8843749999999999 0.6984375 0.8843749999999999
5 0.703125 0.2265625 0.703125 0.009375000000000001 0.5078125 0.009375000000000001 0.5078125 0.2265625 0.703125 0.2265625
5 0.996875 0.10468749999999999 0.996875 0.0015625 0.7984375 0.0015625 0.7984375 0.10468749999999999 0.996875 0.10468749999999999
8 0.296875 0.109375 0.296875 0.0015625 0.203125 0.0015625 0.203125 0.109375 0.296875 0.109375
5 0.0078125 0.328125 0.009375 0.3296875 0.096875 0.3296875 0.096875 0.2265625 0.0078125 0.2265625 0.0078125 0.328125
6 0.4890625 0.41093749999999996 0.4890625 0.30937499999999996 0.4109375 0.30937499999999996 0.4109375 0.41093749999999996 0.4890625 0.41093749999999996
5 0.2953125 0.3265625 0.2953125 0.22812500000000002 0.203125 0.22812500000000002 0.203125 0.3265625 0.2953125 0.3265625
5 0.7015625 0 0.7015625 0.328125 0.7953125 0.328125 0.7953125 0 0.7015625 0
2 0.5890625 0.5203125 0.5890625 0.421875 0.509375 0.421875 0.509375 0.5203125 0.5890625 0.5203125
5 0.7984375 0.33125000000000004 0.8 0.33281249999999996 0.8875 0.33281249999999996 0.8875 0.23124999999999998 0.7984375 0.23124999999999998 0.7984375 0.33125000000000004
6 0.2015625 0.6343749999999999 0.203125 0.6359375 0.2984375 0.6359375 0.2984375 0.5390625 0.2015625 0.5390625 0.2015625 0.6343749999999999
8 0.096875 0.1078125 0.096875 0.0015625 0.0078125 0.0015625 0.0078125 0.1078125 0.096875 0.1078125
6 0.9015625 0.184375 0.903125 0.18593749999999998 0.99375 0.18593749999999998 0.99375 0.08906249999999999 0.9015625 0.08906249999999999 0.9015625 0.184375
9 0.89375 0.3046875 0.89375 0.328125 0.9921875 0.328125 0.9921875 0.23124999999999998 0.8953125 0.23124999999999998 0.8953125 0.24062499999999998 0.89375 0.2421875 0.89375 0.26875000000000004 0.8953125 0.27031249999999996 0.8953125 0.303125 0.89375 0.3046875
6 0.109375 0.20156249999999998 0.109375 0.2984375 0.1109375 0.2984375 0.1140625 0.30156249999999996 0.1921875 0.30156249999999996 0.1921875 0.20156249999999998 0.109375 0.20156249999999998
5 1 0.8829375 0.00625 0.8937499999999999 0.00625 0.9930555555555556 1 0.9930555555555556 1 0.8829375
5 0.2015625 0.0015625 0.0984375 0.0015625 0.0984375 0.10621527777777778 0.2015625 0.10621527777777778 0.2015625 0.0015625
5 0.5038125 0.0015625 0.3006875 0.0015625 0.3006875 0.10621527777777778 0.5038125 0.10621527777777778 0.5038125 0.0015625