1 0.6015625 0.11562499999999999 0.6015625 0.259375 0.79375 0.259375 0.79375 0.11562499999999999 0.6015625 0.11562499999999999
1 0.5921875 0.259375 0.5921875 0.11249999999999999 0.4046875 0.11249999999999999 0.4046875 0.2515625 0.40625 0.25312500000000004 0.40625 0.259375 0.5921875 0.259375
2 0.5015625 0.41874999999999996 0.5015625 0.528125 0.6 0.528125 0.6 0.41874999999999996 0.5015625 0.41874999999999996
5 0.00625 0.6734374999999999 0.00625 0.8875 0.1953125 0.8875 0.1953125 0.6734374999999999 0.00625 0.6734374999999999
1 0.209375 0.0015625 0.209375 0.10625000000000001 0.3953125 0.10625000000000001 0.3953125 0.0015625 0.209375 0.0015625
6 0.2015625 0.20156249999999998 0.2015625 0.3046875 0.3 0.3046875 0.3 0.20156249999999998 0.2015625 0.20156249999999998
5 0.00625 0.3296875 0.00625 0.484375 0.1921875 0.484375 0.1921875 0.3296875 0.00625 0.3296875
5 1 0.002777777777777778 0.80084375 0.002777777777777778 0.80084375 1 1 1 1 0.002777777777777778
5 0.4 0.1109375 0.8 0.1109375 0.8 0.006284722222222223 0.4 0.006284722222222223 0.4 0.1109375
6 0.60465625 0.9734722222222223 0.69684375 0.9734722222222223 0.69684375 0.85625 0.60465625 0.85625 0.60465625 0.9734722222222223
5 0.40621875 0.886875 0.79528125 0.886875 0.79528125 0.674375 0.40621875 0.674375 0.40621875 0.886875
7 0.0109375 0.4015972222222222 0.0890625 0.4015972222222222 0.0890625 0.3203472222222222 0.0109375 0.3203472222222222 0.0109375 0.4015972222222222
7 0.11090625000000001 0.4015972222222222 0.19059375 0.4015972222222222 0.19059375 0.3203472222222222 0.11090625000000001 0.3203472222222222 0.11090625000000001 0.4015972222222222
6 0.303125 0.41718750000000004 0.4 0.41718750000000004 0.4 0.3093402777777778 0.303125 0.3093402777777778 0.303125 0.41718750000000004
5 0.00621875 0.21875 0.19215625 0.21875 0.19215625 0.007777777777777778 0.00621875 0.007777777777777778 0.00621875 0.21875