2 0.4921875 0.5218750000000001 0.4921875 0.4234375 0.4109375 0.4234375 0.4109375 0.5218750000000001 0.4921875 0.5218750000000001
8 0.7046875 0.8875 0.79375 0.8875 0.7953125 0.8859375 0.796875 0.8859375 0.7984375 0.8843749999999999 0.7984375 0.8796875 0.8 0.878125 0.8 0.8015625 0.7984375 0.8 0.7984375 0.7890625 0.8 0.7875000000000001 0.8 0.78125 0.70625 0.78125 0.7046875 0.7828124999999999 0.7046875 0.8875
5 0.5953125 0.7734375 0.5953125 0.6734374999999999 0.215625 0.6734374999999999 0.215625 0.7734375 0.5953125 0.7734375
5 0.5046875 0.78125 0.5046875 0.8875 0.5984375 0.8875 0.5984375 0.78125 0.596875 0.7796875000000001 0.5921875 0.7796875000000001 0.590625 0.78125 0.5875 0.78125 0.5859375 0.7796875000000001 0.5796875 0.7796875000000001 0.578125 0.78125 0.5046875 0.78125
6 0.596875 0.0796875 0.596875 0.0015625 0.5046875 0.0015625 0.5046875 0.0796875 0.596875 0.0796875
5 0.10268124999999999 0.6597222222222222 0.10044375000000001 0.9871041666666667 0.8995562500000001 0.9920625 0.90625 0.6696458333333334 0.7075875 0.6671597222222222 0.6986625 0.7614097222222223 0.8035687499999999 0.7589305555555556 0.79910625 0.8878958333333333 0.20089375 0.8878958333333333 0.20535625 0.6622013888888889 0.10268124999999999 0.6597222222222222
5 0 0.9881597222222221 0.1 0.9881597222222221 0.1 0.0037847222222222223 0 0.0037847222222222223 0 0.9881597222222221
5 0.89509375 0 0.89509375 1 1 1 1 0 0.89509375 0
5 0.10628125 0.213125 0.20159375000000002 0.213125 0.20159375000000002 0.000625 0.10628125 0.000625 0.10628125 0.213125
5 0.8035625 0.2182638888888889 0.8950625000000001 0.2182638888888889 0.8950625000000001 0.007430555555555556 0.8035625 0.007430555555555556 0.8035625 0.2182638888888889
5 0.2125 0.221875 0.79375 0.221875 0.79375 0.11562499999999999 0.2125 0.11562499999999999 0.2125 0.221875
8 0.7879375 0.5679513888888889 0.8995625 0.5679513888888889 0.8995625 0.3174652777777778 0.7879375 0.3174652777777778 0.7879375 0.5679513888888889
8 0.09371874999999999 0.5704166666666667 0.21428124999999998 0.5704166666666667 0.21428124999999998 0.3273611111111111 0.09371874999999999 0.3273611111111111 0.09371874999999999 0.5704166666666667