2 0.5890625 0.5218750000000001 0.5890625 0.4234375 0.5078125 0.4234375 0.5078125 0.5218750000000001 0.5890625 0.5218750000000001
8 0.2015625 0.8796875 0.2015625 0.8843749999999999 0.203125 0.8859375 0.2046875 0.8859375 0.20625 0.8875 0.2953125 0.8875 0.2953125 0.7828124999999999 0.29375 0.78125 0.2 0.78125 0.2 0.7875000000000001 0.2015625 0.7890625 0.2015625 0.8 0.2 0.8015625 0.2 0.878125 0.2015625 0.8796875
5 0.784375 0.7734375 0.784375 0.6734374999999999 0.4046875 0.6734374999999999 0.4046875 0.7734375 0.784375 0.7734375
5 0.4015625 0.8875 0.4953125 0.8875 0.4953125 0.78125 0.421875 0.78125 0.4203125 0.7796875000000001 0.4140625 0.7796875000000001 0.4125 0.78125 0.409375 0.78125 0.4078125 0.7796875000000001 0.403125 0.7796875000000001 0.4015625 0.78125 0.4015625 0.8875
6 0.4953125 0.0796875 0.4953125 0.0015625 0.403125 0.0015625 0.403125 0.0796875 0.4953125 0.0796875
5 0.8995562500000001 0.9871041666666667 0.8973187499999999 0.6597222222222222 0.79464375 0.6622013888888889 0.79910625 0.8878958333333333 0.20089375 0.8878958333333333 0.19643125 0.7589305555555556 0.3013375 0.7614097222222223 0.2924125 0.6671597222222222 0.09375 0.6696458333333334 0.10044375000000001 0.9920625 0.8995562500000001 0.9871041666666667
5 1 0.0037847222222222223 0.9 0.0037847222222222223 0.9 0.9881597222222221 1 0.9881597222222221 1 0.0037847222222222223
5 0 0 0 1 0.10490625 1 0.10490625 0 0 0
5 0.89371875 0.000625 0.79840625 0.000625 0.79840625 0.213125 0.89371875 0.213125 0.89371875 0.000625
5 0.1964375 0.007430555555555556 0.10493749999999999 0.007430555555555556 0.10493749999999999 0.2182638888888889 0.1964375 0.2182638888888889 0.1964375 0.007430555555555556
5 0.7875 0.11562499999999999 0.20625 0.11562499999999999 0.20625 0.221875 0.7875 0.221875 0.7875 0.11562499999999999
8 0.2120625 0.3174652777777778 0.1004375 0.3174652777777778 0.1004375 0.5679513888888889 0.2120625 0.5679513888888889 0.2120625 0.3174652777777778
8 0.9062812499999999 0.3273611111111111 0.78571875 0.3273611111111111 0.78571875 0.5704166666666667 0.9062812499999999 0.5704166666666667 0.9062812499999999 0.3273611111111111