5 0.79534375 0.4390625 0.50628125 0.4390625 0.50628125 0.5969097222222222 0.79534375 0.5969097222222222 0.79534375 0.4390625
5 0.89221875 0.7843402777777777 0.50628125 0.7843402777777777 0.50628125 0.9930208333333334 0.89221875 0.9930208333333334 0.89221875 0.7843402777777777
5 0.29378125 0.7796875000000001 0.0015937500000000001 0.7796875000000001 0.0015937500000000001 0.9930902777777777 0.29378125 0.9930902777777777 0.29378125 0.7796875000000001
1 0.29534375 0.221875 0.10628125 0.221875 0.10628125 0.3703472222222222 0.29534375 0.3703472222222222 0.29534375 0.221875
1 0 0.36875 0.096875 0.36875 0.096875 0.22972222222222222 0 0.22972222222222222 0 0.36875
1 0.48909375 0.11253472222222222 0.30628125 0.11253472222222222 0.30628125 0.21718749999999998 0.48909375 0.21718749999999998 0.48909375 0.11253472222222222
5 0.2984375 0.11871527777777777 0.0015625 0.11871527777777777 0.0015625 0.2218402777777778 0.2984375 0.2218402777777778 0.2984375 0.11871527777777777
5 0.8906562499999999 0.11559027777777778 0.5078437499999999 0.11559027777777778 0.5078437499999999 0.33121527777777776 0.8906562499999999 0.33121527777777776 0.8906562499999999 0.11559027777777778
6 0.5000312499999999 0.3140625 0.39846875000000004 0.3140625 0.39846875000000004 0.4234375 0.5000312499999999 0.4234375 0.5000312499999999 0.3140625
6 0.3953125 0.4202777777777778 0.3015625 0.4202777777777778 0.3015625 0.5265277777777777 0.3953125 0.5265277777777777 0.3953125 0.4202777777777778
2 0.49221875 0.41718750000000004 0.40628125 0.41718750000000004 0.40628125 0.5280902777777778 0.49221875 0.5280902777777778 0.49221875 0.41718750000000004
7 0.5890625 0.4312847222222222 0.5109375 0.4312847222222222 0.5109375 0.5109375 0.5890625 0.5109375 0.5890625 0.4312847222222222
7 0.6890625 0.43125 0.6109375 0.43125 0.6109375 0.5125 0.6890625 0.5125 0.6890625 0.43125
7 0.78753125 0.4312847222222222 0.7109687499999999 0.4312847222222222 0.7109687499999999 0.5109375 0.78753125 0.5109375 0.78753125 0.4312847222222222
5 0.0008312500000000001 0 0 0.1111111111111111 0.8966687500000001 0.10555555555555556 0.8949999999999999 0.9930555555555556 0.99375 0.9930555555555556 0.99375 0 0.0008312500000000001 0