6 0.596875 0.8578125000000001 0.596875 0.753125 0.503125 0.753125 0.503125 0.8578125000000001 0.596875 0.8578125000000001
7 0.1890625 0.396875 0.1890625 0.321875 0.1109375 0.321875 0.1109375 0.396875 0.1890625 0.396875
2 0.4109375 0.421875 0.4109375 0.5203125 0.4875 0.5203125 0.4890625 0.51875 0.4890625 0.421875 0.4109375 0.421875
8 0.6015625 0.334375 0.6015625 0.44218749999999996 0.696875 0.44218749999999996 0.6984375 0.44062500000000004 0.6984375 0.334375 0.6015625 0.334375
5 0.99375 0.215625 0.99375 0.11875000000000001 0.8984375 0.11875000000000001 0.8984375 0.215625 0.99375 0.215625
5 0.99375 0.9930555555555556 0.99375 0.3421875 0.8953125 0.3421875 0.8953125 0.9930555555555556 0.99375 0.9930555555555556
5 0.1984375 0.44062500000000004 0.1984375 0.44218749999999996 0.196875 0.44375 0.1953125 0.44375 0.19375 0.4453125 0.15625 0.4453125 0.1546875 0.44375 0.1484375 0.44375 0.146875 0.4453125 0.1453125 0.44375 0.0078125 0.44375 0.00625 0.4453125 0.00625 0.5484374999999999 0.3015625 0.5484374999999999 0.3015625 0.334375 0.209375 0.334375 0.2078125 0.3359375 0.20625 0.3359375 0.20625 0.3375 0.203125 0.34062499999999996 0.203125 0.3421875 0.2015625 0.34375 0.2015625 0.3890625 0.2 0.390625 0.2 0.4390625 0.1984375 0.44062500000000004
5 0.99375 0.1171875 0.99375 0.003125 0.0046875 0.003125 0.0046875 0.1171875 0.99375 0.1171875
5 0.30465624999999996 0.5538888888888889 0.39684375 0.5538888888888889 0.39684375 0.16875 0.30465624999999996 0.16875 0.30465624999999996 0.5538888888888889
5 0.00625 0.21871527777777777 0.3 0.21871527777777777 0.3 0.12184027777777778 0.00625 0.12184027777777778 0.00625 0.21871527777777777
5 0.8960000000000001 1 0.8960000000000001 0.15944444444444444 0.8085000000000001 0.15944444444444444 0.8085000000000001 1 0.8960000000000001 1
5 0.4017875 0.1636875 0.39731875 0.21577083333333336 0.81026875 0.22321527777777778 0.81026875 0.1636875 0.8995562500000001 0.1636875 0.8995562500000001 0.12152777777777778 0.3080375 0.12152777777777778 0.31026875 0.16120833333333331 0.4017875 0.1636875
5 0 0.9930555555555556 0.09375 0.9930555555555556 0.10044375000000001 0.8829375 0.296875 0.8854166666666666 0.296875 0.7713263888888888 0 0.7762916666666667 0 0.9930555555555556