5 0.70003125 0.05628472222222222 0.49846874999999996 0.05628472222222222 0.49846874999999996 0.1609375 0.70003125 0.1609375 0.70003125 0.05628472222222222
5 0.8015625 0.7281249999999999 0.8015625 0.9390624999999999 0.99375 0.9390624999999999 0.99375 0.7281249999999999 0.8015625 0.7281249999999999
5 0.1984375 0.7234375 0.1984375 0.9390624999999999 0.3984375 0.9390624999999999 0.3984375 0.7234375 0.1984375 0.7234375
5 0.703125 0.056249999999999994 0.703125 0.3828125 0.796875 0.3828125 0.796875 0.056249999999999994 0.703125 0.056249999999999994
9 0.50625 0.2875 0.50625 0.38749999999999996 0.60625 0.38749999999999996 0.60625 0.30781250000000004 0.6046875 0.30625 0.6046875 0.2875 0.50625 0.2875
8 0.7171875 0.9375 0.7171875 0.8390625 0.4828125 0.8390625 0.4828125 0.9406249999999999 0.7125 0.9406249999999999 0.7140625 0.9390624999999999 0.715625 0.9390624999999999 0.7171875 0.9375
5 0.2984375 0.059375000000000004 0.2984375 0.27812499999999996 0.4890625 0.27812499999999996 0.4890625 0.059375000000000004 0.2984375 0.059375000000000004
5 0.99375 0.27812499999999996 0.99375 0.060937500000000006 0.8 0.060937500000000006 0.8 0.27812499999999996 0.8015625 0.27812499999999996 0.803125 0.27656250000000004 0.8046875 0.27812499999999996 0.99375 0.27812499999999996
5 0.2984375 0.2890625 0.2984375 0.384375 0.503125 0.384375 0.503125 0.2890625 0.2984375 0.2890625
5 0.8 0.2890625 0.8 0.38593750000000004 0.99375 0.38593750000000004 0.99375 0.2890625 0.8 0.2890625
6 0.503125 0.1359375 0.503125 0.23124999999999998 0.596875 0.23124999999999998 0.596875 0.1359375 0.503125 0.1359375
5 0.60625 0.2875 0.60625 0.38749999999999996 0.7 0.38749999999999996 0.7 0.2875 0.60625 0.2875
6 0.6875312499999999 0.3594097222222222 0.61409375 0.3594097222222222 0.61409375 0.4562847222222222 0.6875312499999999 0.4562847222222222 0.6875312499999999 0.3594097222222222
5 0.99375 0.9930555555555556 0.99375 0.9440138888888888 0.1983125 0.9440138888888888 0.20641875 0.05636111111111111 0.99375 0.04917361111111111 0.99375 0 0 0.0007916666666666666 0.00371875 0.9930555555555556 0.99375 0.9930555555555556
5 0.296875 0.05732638888888889 0.20625 0.05732638888888889 0.20625 0.3828125 0.296875 0.3828125 0.296875 0.05732638888888889
6 0.3125 0.5 0.234375 0.5 0.234375 0.60625 0.3125 0.60625 0.3125 0.5
2 0.4953125 0.4187152777777778 0.4046875 0.4187152777777778 0.4046875 0.5265625 0.4953125 0.5265625 0.4953125 0.4187152777777778