8 0.3828125 0.8875 0.5015625 0.8875 0.503125 0.8859375 0.53125 0.8859375 0.5328125 0.8875 0.6171875 0.8875 0.6171875 0.784375 0.3875 0.784375 0.3859375 0.7859375 0.384375 0.7859375 0.3828125 0.7875000000000001 0.3828125 0.8875
5 0.896875 0.0015277777777777779 0.7 0.0015277777777777779 0.7 0.056249999999999994 0.896875 0.056249999999999994 0.896875 0.0015277777777777779
5 0.8953125 0.059375000000000004 0.7078125 0.059375000000000004 0.7078125 0.221875 0.8953125 0.221875 0.8953125 0.059375000000000004
5 0.29846875 0.004722222222222222 0.10315624999999999 0.004722222222222222 0.10315624999999999 0.056249999999999994 0.29846875 0.056249999999999994 0.29846875 0.004722222222222222
5 0.29684374999999996 0.059513888888888894 0.10265625 0.059513888888888894 0.10265625 0.2182638888888889 0.29684374999999996 0.2182638888888889 0.29684374999999996 0.059513888888888894
5 0.69640625 0.004965277777777778 0.30134375 0.004965277777777778 0.30134375 0.22572916666666668 0.69640625 0.22572916666666668 0.69640625 0.004965277777777778
5 0.89221875 0.3368402777777778 0.50628125 0.3368402777777778 0.50628125 0.5539930555555556 0.89221875 0.5539930555555556 0.89221875 0.3368402777777778
5 0.89285625 0 0.9017875 0.890375 0.10268124999999999 0.8878958333333333 0.09598124999999999 0 0 0.004958333333333333 0.0022312499999999997 0.9930555555555556 0.99375 0.9930555555555556 0.99375 0 0.89285625 0
6 0.49534374999999997 0.3062152777777778 0.40315625 0.3062152777777778 0.40315625 0.4203125 0.49534374999999997 0.4203125 0.49534374999999997 0.3062152777777778
2 0.490625 0.4187152777777778 0.409375 0.4187152777777778 0.409375 0.5265625 0.490625 0.5265625 0.490625 0.4187152777777778
6 0.696875 0.5296875000000001 0.603125 0.5296875000000001 0.603125 0.6390625000000001 0.696875 0.6390625000000001 0.696875 0.5296875000000001
6 0.190625 0.5249999999999999 0.1125 0.5249999999999999 0.1125 0.6375 0.190625 0.6375 0.190625 0.5249999999999999
1 0.29465625 0.5555902777777777 0.20759375000000002 0.5555902777777777 0.20759375000000002 0.6671875 0.29465625 0.6671875 0.29465625 0.5555902777777777
5 0.29684374999999996 0.33975694444444443 0.10265625 0.33975694444444443 0.10265625 0.5034375 0.29684374999999996 0.5034375 0.29684374999999996 0.33975694444444443
5 0.29465625 0.5059375 0.20759375000000002 0.5059375 0.20759375000000002 0.5629513888888888 0.29465625 0.5629513888888888 0.29465625 0.5059375
5 0.3058125 0.6671527777777777 0.2098125 0.6671527777777777 0.2098125 0.7688194444444444 0.3058125 0.7688194444444444 0.3058125 0.6671527777777777
5 0.20090625 0.6771180555555555 0.10046875 0.6771180555555555 0.10046875 0.7688541666666667 0.20090625 0.7688541666666667 0.20090625 0.6771180555555555