8 0.015625 0.0796875 0.015625 0.17031249999999998 0.0875 0.17031249999999998 0.0875 0.0796875 0.015625 0.0796875
2 0.50625 0.42656249999999996 0.50625 0.5234375 0.59375 0.5234375 0.59375 0.42656249999999996 0.50625 0.42656249999999996
5 0.19375 0.8374999999999999 0.19375 0.7484375000000001 0.009375 0.7484375000000001 0.009375 0.8359375 0.10625 0.8359375 0.1078125 0.8374999999999999 0.19375 0.8374999999999999
5 0.4015625 0.8515625 0.4015625 0.9930555555555556 0.4984375 0.9930555555555556 0.4984375 0.8515625 0.4015625 0.8515625
5 0.1 0.8640625 0.1 0.9437500000000001 0.1015625 0.9453125 0.1015625 0.9930555555555556 0.1984375 0.9930555555555556 0.1984375 0.8515625 0.1 0.8515625 0.1 0.8578125000000001 0.1015625 0.859375 0.1015625 0.8625 0.1 0.8640625
1 0.2015625 0.515625 0.2015625 0.6203125 0.2953125 0.6203125 0.2953125 0.515625 0.2015625 0.515625
10 0.903125 0.35 0.903125 0.3984375 0.996875 0.3984375 0.996875 0.35 0.903125 0.35
5 0.00625 0 0.00625 0.071875 0.0078125 0.071875 0.009375 0.07343749999999999 0.0109375 0.07343749999999999 0.015625 0.06875 0.0171875 0.06875 0.01875 0.0703125 0.0203125 0.0703125 0.021875 0.071875 0.025 0.071875 0.0265625 0.07343749999999999 0.0796875 0.07343749999999999 0.08125 0.071875 0.0890625 0.071875 0.090625 0.07343749999999999 0.0921875 0.07343749999999999 0.0953125 0.0765625 0.0953125 0.17031249999999998 0.15625 0.17031249999999998 0.1578125 0.16875 0.1609375 0.16875 0.1625 0.1671875 0.1671875 0.1671875 0.16875 0.16562500000000002 0.16875 0.1640625 0.171875 0.1609375 0.171875 0.028124999999999997 0.1703125 0.026562500000000003 0.171875 0.025 0.171875 0.020312499999999997 0.1703125 0.018750000000000003 0.1703125 0.00625 0.16875 0.004687500000000001 0.16875 0 0.00625 0
10 0.5046875 0.35 0.5046875 0.396875 0.7953125 0.396875 0.7953125 0.35 0.5046875 0.35
10 0.0078125 0.3515625 0.0078125 0.396875 0.39375 0.396875 0.39375 0.3515625 0.0078125 0.3515625
5 0.40465625000000005 0.8390625 0.99684375 0.8390625 0.99684375 0.7484375000000001 0.40465625000000005 0.7484375000000001 0.40465625000000005 0.8390625