6 0.40246875 0.3046875 0.49465624999999996 0.3046875 0.49465624999999996 0.19378472222222223 0.40246875 0.19378472222222223 0.40246875 0.3046875
5 0.00621875 0.10784722222222222 0.19215625 0.10784722222222222 0.19215625 0.0015972222222222223 0.00621875 0.0015972222222222223 0.00621875 0.10784722222222222
6 0.20309375 0.6390625000000001 0.29528125 0.6390625000000001 0.29528125 0.5312152777777778 0.20309375 0.5312152777777778 0.20309375 0.6390625000000001
5 0.00621875 0.44375 0.39528125 0.44375 0.39528125 0.22499999999999998 0.00621875 0.22499999999999998 0.00621875 0.44375
2 0.51090625 0.5265625 0.59059375 0.5265625 0.59059375 0.41718750000000004 0.51090625 0.41718750000000004 0.51090625 0.5265625
6 0.70934375 0.5265625 0.7890312500000001 0.5265625 0.7890312500000001 0.4124652777777778 0.70934375 0.4124652777777778 0.70934375 0.5265625
1 0.60265625 0.5555208333333334 0.69196875 0.5555208333333334 0.69196875 0.4439236111111111 0.60265625 0.4439236111111111 0.60265625 0.5555208333333334
12 0.00625 0.9930555555555556 0.99375 0.9930555555555556 0.99375 0.66875 0.00625 0.66875 0.00625 0.9930555555555556
5 0.79996875 0.6734374999999999 0.99840625 0.6734374999999999 0.99840625 0.0030902777777777777 0.79996875 0.0030902777777777777 0.79996875 0.6734374999999999
5 0.60265625 0.38940972222222225 0.7968437500000001 0.38940972222222225 0.7968437500000001 0.22572916666666668 0.60265625 0.22572916666666668 0.60265625 0.38940972222222225
5 0.60715625 0.4414236111111111 0.68971875 0.4414236111111111 0.68971875 0.3844097222222222 0.60715625 0.3844097222222222 0.60715625 0.4414236111111111
5 0.6026875 0.6572569444444444 0.6941875 0.6572569444444444 0.6941875 0.5580208333333334 0.6026875 0.5580208333333334 0.6026875 0.6572569444444444
5 0.69865625 0.6572569444444444 0.79909375 0.6572569444444444 0.79909375 0.5580208333333334 0.69865625 0.5580208333333334 0.69865625 0.6572569444444444
5 0.596 0.10913194444444445 0.796875 0.10913194444444445 0.796875 0.00003472222222222222 0.596 0.00003472222222222222 0.596 0.10913194444444445
5 0.19865625 0.11163194444444444 0.5937187500000001 0.11163194444444444 0.5937187500000001 0.00003472222222222222 0.19865625 0.00003472222222222222 0.19865625 0.11163194444444444