5 0.51875 0.44218749999999996 0.51875 0.44062500000000004 0.521875 0.4375 0.5234375 0.4375 0.53125 0.4296875 0.53125 0.428125 0.534375 0.42500000000000004 0.5359375 0.42500000000000004 0.5375 0.4234375 0.584375 0.4234375 0.590625 0.4296875 0.590625 0.43125 0.59375 0.43437499999999996 0.59375 0.4375 0.5953125 0.4390625 0.5953125 0.44062500000000004 0.596875 0.44218749999999996 0.6 0.44218749999999996 0.6015625 0.44375 0.603125 0.44375 0.6046875 0.4453125 0.60625 0.4453125 0.6078125 0.44687499999999997 0.609375 0.44687499999999997 0.6109375 0.44843750000000004 0.628125 0.44843750000000004 0.6296875 0.44999999999999996 0.6328125 0.44999999999999996 0.634375 0.45156250000000003 0.634375 0.453125 0.6328125 0.45468749999999997 0.63125 0.45468749999999997 0.6296875 0.45625000000000004 0.6265625 0.45625000000000004 0.625 0.45781249999999996 0.6234375 0.45781249999999996 0.6203125 0.4609375 0.6203125 0.46562499999999996 0.6171875 0.46875 0.79375 0.46875 0.79375 0.334375 0.5078125 0.334375 0.5078125 0.44999999999999996 0.509375 0.44999999999999996 0.5171875 0.44218749999999996 0.51875 0.44218749999999996
12 1 0.6703125000000001 0.00625 0.6703125000000001 0.00625 0.9921875 1 0.9921875 1 0.6703125000000001
5 0.00621875 0.6703472222222222 0.40153125 0.6703472222222222 0.40153125 0.0015972222222222223 0.00621875 0.0015972222222222223 0.00621875 0.6703472222222222
2 0.50471875 0.528125 0.5974062499999999 0.528125 0.5974062499999999 0.41659722222222223 0.50471875 0.41659722222222223 0.50471875 0.528125
7 0.7109375 0.3984375 0.7890625 0.3984375 0.7890625 0.3218402777777778 0.7109375 0.3218402777777778 0.7109375 0.3984375
7 0.6109375 0.4000347222222222 0.6890625 0.4000347222222222 0.6890625 0.3219097222222222 0.6109375 0.3219097222222222 0.6109375 0.4000347222222222
7 0.51246875 0.3984375 0.58903125 0.3984375 0.58903125 0.3218402777777778 0.51246875 0.3218402777777778 0.51246875 0.3984375
5 0.40934375 0.21875 0.79215625 0.21875 0.79215625 0.007777777777777778 0.40934375 0.007777777777777778 0.40934375 0.21875
1 0.8109375 0.10468749999999999 0.9953125 0.10468749999999999 0.9953125 0.0015625 0.8109375 0.0015625 0.8109375 0.10468749999999999
6 0.80071875 0.303125 0.90228125 0.303125 0.90228125 0.203125 0.80071875 0.203125 0.80071875 0.303125
6 0.9078125 0.4156597222222222 0.9921875 0.4156597222222222 0.9921875 0.30781250000000004 0.9078125 0.30781250000000004 0.9078125 0.4156597222222222