9 0.49424999999999997 0.4437152777777778 0.596875 0.4437152777777778 0.596875 0.3405902777777778 0.49424999999999997 0.3405902777777778 0.49424999999999997 0.4437152777777778
5 0.39915625 0.44062500000000004 0.49446874999999996 0.44062500000000004 0.49446874999999996 0.3421527777777778 0.39915625 0.3421527777777778 0.39915625 0.44062500000000004
5 0.1015625 0.784375 0.1015625 0.9930555555555556 0.2984375 0.9930555555555556 0.2984375 0.784375 0.1015625 0.784375
2 0.5078125 0.41718750000000004 0.5078125 0.5265625 0.596875 0.5265625 0.596875 0.41718750000000004 0.5078125 0.41718750000000004
5 0.303125 0.1109375 0.303125 0.4390625 0.396875 0.4390625 0.396875 0.1109375 0.303125 0.1109375
5 0.7015625 0.78125 0.7015625 0.9930555555555556 0.9015625 0.9930555555555556 0.9015625 0.78125 0.7015625 0.78125
8 0.38125 0.8968750000000001 0.38125 0.9921875 0.6171875 0.9921875 0.6171875 0.8968750000000001 0.38125 0.8968750000000001
5 0.7984375 0.33125000000000004 0.8 0.33281249999999996 0.8015625 0.33281249999999996 0.8015625 0.11406250000000001 0.6109375 0.11406250000000001 0.6109375 0.33281249999999996 0.7953125 0.33281249999999996 0.796875 0.33125000000000004 0.7984375 0.33125000000000004
5 0.10625 0.11562499999999999 0.10625 0.33281249999999996 0.3015625 0.33281249999999996 0.3015625 0.11562499999999999 0.10625 0.11562499999999999
5 0.00625 0.34375 0.00625 0.44375 0.296875 0.44375 0.296875 0.34375 0.00625 0.34375
5 0.5984375 0.34375 0.5984375 0.44218749999999996 0.8015625 0.44218749999999996 0.8015625 0.34375 0.5984375 0.34375
6 0.4953125 0.5265625 0.4953125 0.41718750000000004 0.4046875 0.41718750000000004 0.4046875 0.5234375 0.40625 0.5249999999999999 0.40625 0.5265625 0.4953125 0.5265625
5 0.4453125 0.22031250000000002 0.446875 0.21875 0.4484375 0.21875 0.45 0.22031250000000002 0.603125 0.22031250000000002 0.603125 0.11406250000000001 0.4 0.11406250000000001 0.4 0.21875 0.421875 0.21875 0.4234375 0.22031250000000002 0.4453125 0.22031250000000002
6 0.5015625 0.2 0.5015625 0.30156249999999996 0.596875 0.30156249999999996 0.596875 0.2 0.5015625 0.2
6 0.865625 0.5578125 0.7890625 0.5578125 0.7890625 0.659375 0.790625 0.6609375 0.865625 0.6609375 0.865625 0.5578125
5 0.00625 0.11562499999999999 0.00625 0.21875 0.103125 0.21875 0.103125 0.11562499999999999 0.00625 0.11562499999999999
5 0.803125 0.11562499999999999 0.803125 0.4375 0.9 0.4375 0.9 0.11562499999999999 0.803125 0.11562499999999999
5 0.00709375 0 0.00625 0.10735416666666667 0.8935812500000001 0.10893055555555556 0.9016875000000001 0.9930555555555556 0.9989874999999999 0.9930555555555556 1 0 0.00709375 0