2 0.4890625 0.5171874999999999 0.4890625 0.4234375 0.40625 0.4234375 0.40625 0.5171874999999999 0.4890625 0.5171874999999999
8 0.5 0.4359375 0.5 0.334375 0.403125 0.334375 0.403125 0.4359375 0.5 0.4359375
5 0.10625 0.8921874999999999 0.10625 0.5578125 0.0015625 0.5578125 0.0015625 0.8921874999999999 0.10625 0.8921874999999999
8 0.9046875 0.1109375 0.9046875 0.0015625 0.7015625 0.0015625 0.7015625 0.1109375 0.9046875 0.1109375
5 0.19375 0.8890625000000001 0.19375 0.3359375 0.109375 0.3359375 0.109375 0.8890625000000001 0.19375 0.8890625000000001
5 0.1078125 0.9930555555555556 0.1109375 0.9930555555555556 0.6921875 0.9930555555555556 0.6921875 0.8999999999999999 0.6890625 0.8968750000000001 0.6890625 0.8953125000000001 0.1015625 0.8953125000000001 0.1015625 0.9930555555555556 0.1078125 0.9930555555555556
5 0.103125 0.9930555555555556 0.103125 0.8999999999999999 0.0015625 0.8999999999999999 0.0015625 0.9930555555555556 0.103125 0.9930555555555556
5 0.196875 0.10468749999999999 0.196875 0.0015625 0.1046875 0.0015625 0.1046875 0.10468749999999999 0.196875 0.10468749999999999
5 0.0984375 0.10468749999999999 0.0984375 0.0015625 0.003125 0.0015625 0.003125 0.10468749999999999 0.0984375 0.10468749999999999
5 0.8984687499999999 0.10621527777777778 0.99378125 0.10621527777777778 0.99378125 0.0015625 0.8984687499999999 0.0015625 0.8984687499999999 0.10621527777777778
5 0.6004375 0.8978125 0.6941875 0.8978125 0.6941875 0.004965277777777778 0.6004375 0.004965277777777778 0.6004375 0.8978125
5 1 0.10913194444444445 0.703125 0.10913194444444445 0.703125 1 1 1 1 0.10913194444444445