5 0.3296875 0.06875 0.3296875 0.08124999999999999 0.328125 0.08281250000000001 0.328125 0.0953125 0.3296875 0.09687499999999999 0.3296875 0.1453125 0.33125 0.14687499999999998 0.33125 0.1921875 0.3296875 0.19374999999999998 0.3296875 0.20625 0.328125 0.2078125 0.328125 0.23906249999999998 0.3296875 0.24062499999999998 0.3296875 0.2515625 0.33125 0.25312500000000004 0.33125 0.3046875 0.3328125 0.30625 0.3328125 0.31718749999999996 0.334375 0.31875 0.334375 0.3203125 0.8015625 0.3203125 0.80625 0.31562500000000004 0.80625 0.23124999999999998 0.8078125 0.22968750000000002 0.8078125 0.22812500000000002 0.809375 0.2265625 0.8109375 0.2265625 0.8125 0.22499999999999998 0.8140625 0.22499999999999998 0.815625 0.22343749999999998 0.8921875 0.22343749999999998 0.8953125 0.2265625 0.8953125 0.3203125 0.99375 0.3203125 0.99375 0.00625 0.3328125 0.00625 0.3328125 0.0109375 0.33125 0.0125 0.33125 0.06718750000000001 0.3296875 0.06875
2 0.5953125 0.5249999999999999 0.5953125 0.42500000000000004 0.5046875 0.42500000000000004 0.5046875 0.5234375 0.58125 0.5234375 0.5828125 0.5249999999999999 0.5953125 0.5249999999999999
8 0.815625 0.23281249999999998 0.815625 0.321875 0.8875 0.321875 0.8875 0.23281249999999998 0.815625 0.23281249999999998
10 0.00625 0.5015624999999999 0.00625 0.5484374999999999 0.0953125 0.5484374999999999 0.0953125 0.5015624999999999 0.00625 0.5015624999999999
1 0.9953125 0.8921874999999999 0.9 0.8921874999999999 0.9 0.9930555555555556 0.9015625 0.9930555555555556 0.9953125 0.9930555555555556 0.9953125 0.8921874999999999
5 0.00625 0.003125 0.00625 0.1109375 0.2984375 0.1109375 0.2984375 0.003125 0.00625 0.003125
10 0.303125 0.7265625 0.303125 0.7703125 0.4921875 0.7703125 0.4921875 0.7265625 0.303125 0.7265625
0 0.00625 0.5609375000000001 0.00625 0.9930555555555556 0.1046875 0.9930555555555556 0.1046875 0.5609375000000001 0.00625 0.5609375000000001
5 0.30625 0.8968750000000001 0.30625 0.9015624999999999 0.3078125 0.9031250000000001 0.3078125 0.9140625 0.30625 0.9156249999999999 0.30625 0.953125 0.3078125 0.9546874999999999 0.3078125 0.9906250000000001 0.890625 0.9906250000000001 0.890625 0.8968750000000001 0.6875 0.8968750000000001 0.6859375 0.8984375 0.684375 0.8984375 0.6828125 0.8968750000000001 0.30625 0.8968750000000001
10 0.609375 0.7250000000000001 0.609375 0.7718750000000001 0.996875 0.7718750000000001 0.996875 0.7250000000000001 0.609375 0.7250000000000001
5 0.103125 0.1078125 0.103125 0.9890625000000001 0.296875 0.9890625000000001 0.296875 0.1078125 0.103125 0.1078125