5 0.79753125 0.2240625 0.30084374999999997 0.2240625 0.30084374999999997 0.44538194444444446 0.79753125 0.44538194444444446 0.79753125 0.2240625
2 0.5953125 0.5234375 0.5953125 0.41874999999999996 0.5046875 0.41874999999999996 0.5046875 0.5234375 0.5953125 0.5234375
5 0.4984375 0.671875 0.2953125 0.671875 0.2953125 0.8859027777777777 0.4984375 0.8859027777777777 0.4984375 0.671875
1 0.79215625 0.5640972222222222 0.60309375 0.5640972222222222 0.60309375 0.703125 0.79215625 0.703125 0.79215625 0.5640972222222222
8 0 0.22190972222222222 0.10262500000000001 0.22190972222222222 0.10262500000000001 0.11100694444444444 0 0.11100694444444444 0 0.22190972222222222
8 0.2 0.11017361111111111 0.1025 0.11017361111111111 0.1025 0.2249652777777778 0.2 0.2249652777777778 0.2 0.11017361111111111
8 0.5991875 0.1129861111111111 0.5016875 0.1129861111111111 0.5016875 0.22409722222222225 0.5991875 0.22409722222222225 0.5991875 0.1129861111111111
8 0.39668749999999997 0.11295138888888889 0.3016875 0.11295138888888889 0.3016875 0.2249652777777778 0.39668749999999997 0.2249652777777778 0.39668749999999997 0.11295138888888889
5 0 0.11385416666666666 0.2 0.11385416666666666 0.2 0.001840277777777778 0 0.001840277777777778 0 0.11385416666666666
5 0.29834375 0 0.29834375 0.11017361111111111 0.59915625 0.11017361111111111 0.59915625 0 0.29834375 0
5 0.28083125 0.2268541666666667 0.27833125000000003 0.0009236111111111112 0.22083124999999998 0 0.22000000000000003 0.8879652777777778 0.28166875 0.8907430555555556 0.28166875 0.33147916666666666 0.3025 0.33147916666666666 0.305 0.22499999999999998 0.28083125 0.2268541666666667
5 1 0 0.6008312499999999 0.0009236111111111112 0.6 0.21759027777777776 0.79916875 0.21759027777777776 0.79583125 0.9930555555555556 1 0.9930555555555556 1 0