5 0.79415625 0.6139236111111112 0.70084375 0.6139236111111112 0.70084375 0.7787152777777778 0.79415625 0.7787152777777778 0.79415625 0.6139236111111112
5 0.7984375 0.6125 0.8015625 0.6156250000000001 0.8015625 0.6171875 0.803125 0.6187499999999999 0.803125 0.625 0.8015625 0.6265624999999999 0.8015625 0.659375 0.803125 0.6609375 0.8453125 0.6609375 0.846875 0.659375 0.8578125 0.659375 0.859375 0.6609375 0.8984375 0.6609375 0.8984375 0.5640624999999999 0.7015625 0.5640624999999999 0.7015625 0.6078125000000001 0.703125 0.609375 0.703125 0.6109374999999999 0.79375 0.6109374999999999 0.7953125 0.6125 0.7984375 0.6125
5 0.50083125 0.6666666666666666 0.49666875 0.6101875 0.59833125 0.6138888888888889 0.59833125 0.5592569444444444 0.37833125 0.5611111111111111 0.3775 0.33703472222222225 0.32 0.3342569444444445 0.31833125 0.9930555555555556 0.3775 0.9930555555555556 0.37833125 0.6638888888888889 0.50083125 0.6666666666666666
2 0.5921875 0.5203125 0.5921875 0.4234375 0.5109375 0.4234375 0.5109375 0.5203125 0.5921875 0.5203125
5 0.5171875 0.44375 0.525 0.44375 0.5265625 0.44218749999999996 0.5515625 0.44218749999999996 0.553125 0.44062500000000004 0.5546875 0.44218749999999996 0.56875 0.44218749999999996 0.5703125 0.44375 0.696875 0.44375 0.696875 0.3359375 0.4953125 0.3359375 0.4953125 0.44218749999999996 0.496875 0.44375 0.509375 0.44375 0.5109375 0.44218749999999996 0.515625 0.44218749999999996 0.5171875 0.44375
5 0.3 0.44218749999999996 0.3 0.334375 0.1015625 0.334375 0.1015625 0.44218749999999996 0.3 0.44218749999999996
6 0.4921875 0.7453125 0.4921875 0.6546875000000001 0.40625 0.6546875000000001 0.40625 0.7453125 0.4921875 0.7453125
6 0.7078125 0.9671875000000001 0.709375 0.96875 0.7890625 0.96875 0.7890625 0.8640625 0.7078125 0.8640625 0.7078125 0.9671875000000001
5 0.50625 0.7718750000000001 0.5078125 0.7734375 0.59375 0.7734375 0.59375 0.6171875 0.50625 0.6171875 0.50625 0.7718750000000001
8 0.1984375 0.55 0.1984375 0.44687499999999997 0.10625 0.44687499999999997 0.10625 0.55 0.1984375 0.55
6 0.80625 0.96875 0.8078125 0.9703124999999999 0.8921875 0.9703124999999999 0.8921875 0.8640625 0.80625 0.8640625 0.80625 0.96875
5 0.1015625 0.9109375000000001 0.1015625 0.7984374999999999 0.103125 0.796875 0.103125 0.7421875 0.1015625 0.7406250000000001 0.1015625 0.7203124999999999 0.103125 0.71875 0.103125 0.6953125 0.1015625 0.6937500000000001 0.1015625 0.5671875 0.103125 0.565625 0.103125 0.5546875 0.1015625 0.5531250000000001 0.1015625 0.5171874999999999 0.103125 0.515625 0.103125 0.4609375 0.1015625 0.45937500000000003 0.1015625 0.44062500000000004 0.1 0.4390625 0.1 0.334375 0.103125 0.33125000000000004 0.13125 0.33125000000000004 0.1328125 0.33281249999999996 0.1390625 0.33281249999999996 0.140625 0.33125000000000004 0.14375 0.33125000000000004 0.1453125 0.33281249999999996 0.15 0.33281249999999996 0.1515625 0.33125000000000004 0.1734375 0.33125000000000004 0.175 0.3296875 0.2453125 0.3296875 0.246875 0.33125000000000004 0.2484375 0.33125000000000004 0.25 0.3296875 0.2578125 0.3296875 0.259375 0.33125000000000004 0.30625 0.33125000000000004 0.3078125 0.3296875 0.49375 0.3296875 0.4953125 0.33125000000000004 0.51875 0.33125000000000004 0.5203125 0.33281249999999996 0.5375 0.33281249999999996 0.5390625 0.33125000000000004 0.5515625 0.33125000000000004 0.553125 0.3296875 0.61875 0.3296875 0.6203125 0.33125000000000004 0.696875 0.33125000000000004 0.7 0.334375 0.7 0.3375 0.7015625 0.33906250000000004 0.7 0.34062499999999996 0.7 0.34375 0.6984375 0.3453125 0.6984375 0.34843749999999996 0.7 0.35 0.7 0.40312499999999996 0.6984375 0.4046875 0.6984375 0.44218749999999996 0.696875 0.44375 0.696875 0.528125 0.6984375 0.5296875000000001 0.6984375 0.5421875 0.7 0.54375 0.7 0.5531250000000001 0.7015625 0.5546875 0.7015625 0.5562499999999999 0.7046875 0.559375 0.7171875 0.559375 0.71875 0.5609375000000001 0.7296875 0.5609375000000001 0.73125 0.559375 0.8515625 0.559375 0.853125 0.5609375000000001 0.8546875 0.559375 0.8984375 0.559375 0.9015625 0.5625 0.9015625 0.8703125 0.9 0.871875 0.9 0.9656250000000001 0.9015625 0.9671875000000001 0.9015625 0.9921875 0.990625 0.9921875 0.990625 0.0078125 0.00625 0.0078125 0.00625 0.9921875 0.1015625 0.9921875 0.1015625 0.9765625 0.103125 0.9750000000000001 0.103125 0.9125000000000001 0.1015625 0.9109375000000001
8 0.6953125 0.5562499999999999 0.6953125 0.4453125 0.60625 0.4453125 0.60625 0.5562499999999999 0.6953125 0.5562499999999999
1 0.490625 0.4390625 0.490625 0.3375 0.4109375 0.3375 0.4109375 0.4390625 0.490625 0.4390625
5 0.69753125 0.5610763888888889 0.60334375 0.5610763888888889 0.60334375 0.7796180555555555 0.69753125 0.7796180555555555 0.69753125 0.5610763888888889