5 0.29996875 0.1609375 0.50153125 0.1609375 0.50153125 0.05628472222222222 0.29996875 0.05628472222222222 0.29996875 0.1609375
5 0.00625 0.7281249999999999 0.00625 0.9390624999999999 0.1984375 0.9390624999999999 0.1984375 0.7281249999999999 0.00625 0.7281249999999999
5 0.6015625 0.7234375 0.6015625 0.9390624999999999 0.8015625 0.9390624999999999 0.8015625 0.7234375 0.6015625 0.7234375
5 0.203125 0.056249999999999994 0.203125 0.3828125 0.296875 0.3828125 0.296875 0.056249999999999994 0.203125 0.056249999999999994
9 0.49375 0.38749999999999996 0.49375 0.2875 0.3953125 0.2875 0.3953125 0.30625 0.39375 0.30781250000000004 0.39375 0.38749999999999996 0.49375 0.38749999999999996
8 0.2875 0.9406249999999999 0.5171875 0.9406249999999999 0.5171875 0.8390625 0.2828125 0.8390625 0.2828125 0.9375 0.284375 0.9390624999999999 0.2859375 0.9390624999999999 0.2875 0.9406249999999999
5 0.5109375 0.059375000000000004 0.5109375 0.27812499999999996 0.7015625 0.27812499999999996 0.7015625 0.059375000000000004 0.5109375 0.059375000000000004
5 0.1984375 0.27812499999999996 0.2 0.27812499999999996 0.2 0.060937500000000006 0.00625 0.060937500000000006 0.00625 0.27812499999999996 0.1953125 0.27812499999999996 0.196875 0.27656250000000004 0.1984375 0.27812499999999996
5 0.496875 0.2890625 0.496875 0.384375 0.7015625 0.384375 0.7015625 0.2890625 0.496875 0.2890625
5 0.00625 0.2890625 0.00625 0.38593750000000004 0.2 0.38593750000000004 0.2 0.2890625 0.00625 0.2890625
6 0.403125 0.1359375 0.403125 0.23124999999999998 0.496875 0.23124999999999998 0.496875 0.1359375 0.403125 0.1359375
5 0.3 0.2875 0.3 0.38749999999999996 0.39375 0.38749999999999996 0.39375 0.2875 0.3 0.2875
6 0.31246874999999996 0.4562847222222222 0.38590625 0.4562847222222222 0.38590625 0.3594097222222222 0.31246874999999996 0.3594097222222222 0.31246874999999996 0.4562847222222222
5 0.99628125 0.9930555555555556 1 0.0007916666666666666 0.00625 0 0.00625 0.04917361111111111 0.79358125 0.05636111111111111 0.8016875000000001 0.9440138888888888 0.00625 0.9440138888888888 0.00625 0.9930555555555556 0.99628125 0.9930555555555556
5 0.703125 0.3828125 0.79375 0.3828125 0.79375 0.05732638888888889 0.703125 0.05732638888888889 0.703125 0.3828125
6 0.6875 0.60625 0.765625 0.60625 0.765625 0.5 0.6875 0.5 0.6875 0.60625
2 0.5046875 0.5265625 0.5953125 0.5265625 0.5953125 0.4187152777777778 0.5046875 0.4187152777777778 0.5046875 0.5265625