5 0.3578125 0.6609375 0.3578125 0.5640624999999999 0.165625 0.5640624999999999 0.165625 0.6609375 0.3578125 0.6609375
5 0.565625 0.6609375 0.7546875 0.6609375 0.75625 0.659375 0.75625 0.5640624999999999 0.565625 0.5640624999999999 0.565625 0.6609375
5 0.765625 0.5609375000000001 0.765625 0.7734375 0.76875 0.7734375 0.7703125 0.7749999999999999 0.8625 0.7749999999999999 0.8625 0.5609375000000001 0.765625 0.5609375000000001
5 0.0625 0.7749999999999999 0.159375 0.7749999999999999 0.159375 0.5625 0.1578125 0.5609375000000001 0.0625 0.5609375000000001 0.0625 0.7749999999999999
8 0.35 0.7703125 0.3515625 0.7718750000000001 0.575 0.7718750000000001 0.575 0.675 0.35 0.675 0.35 0.7703125
5 0.7578125 0.5484374999999999 0.7578125 0.128125 0.665625 0.128125 0.665625 0.5484374999999999 0.7578125 0.5484374999999999
5 0.359375 0.21718749999999998 0.359375 0.1171875 0.2609375 0.1171875 0.2609375 0.21718749999999998 0.359375 0.21718749999999998
6 0.5671875 0.40937500000000004 0.5671875 0.3109375 0.4828125 0.3109375 0.4828125 0.40937500000000004 0.5671875 0.40937500000000004
5 0.859375 0.1015625 0.859375 0.0015625 0.76875 0.0015625 0.76875 0.1015625 0.859375 0.1015625
2 0.5125 0.42500000000000004 0.5125 0.51875 0.5140625 0.5203125 0.5140625 0.5218750000000001 0.590625 0.5218750000000001 0.590625 0.42500000000000004 0.5125 0.42500000000000004
5 0.6625 0.21718749999999998 0.6625 0.11875000000000001 0.565625 0.11875000000000001 0.565625 0.21718749999999998 0.6625 0.21718749999999998
8 0.3640625 0.44062500000000004 0.365625 0.44218749999999996 0.4609375 0.44218749999999996 0.4609375 0.334375 0.3640625 0.334375 0.3640625 0.44062500000000004
5 0.0671875 0.1 0.06875 0.1015625 0.153125 0.1015625 0.153125 0.0015625 0.0671875 0.0015625 0.0671875 0.1
5 0.2578125 0.55 0.2578125 0.11406250000000001 0.159375 0.11406250000000001 0.159375 0.46718750000000003 0.1609375 0.46875 0.1609375 0.5015624999999999 0.1625 0.503125 0.1625 0.55 0.2578125 0.55
5 0.00625 0 0.00625 0.9930555555555556 1 0.9930555555555556 1 0 0.8640625 0 0.8640625 0.060937500000000006 0.8625 0.0625 0.8625 0.37031250000000004 0.8640625 0.37187499999999996 0.8640625 0.7749999999999999 0.859375 0.7796875000000001 0.8484375 0.7796875000000001 0.846875 0.78125 0.8265625 0.78125 0.825 0.7796875000000001 0.7921875 0.7796875000000001 0.790625 0.778125 0.76875 0.778125 0.7671875 0.7765625 0.59375 0.7765625 0.5921875 0.7749999999999999 0.5796875 0.7749999999999999 0.578125 0.7765625 0.5375 0.7765625 0.5359375 0.7749999999999999 0.503125 0.7749999999999999 0.5015625 0.7765625 0.4734375 0.7765625 0.471875 0.7749999999999999 0.365625 0.7749999999999999 0.3640625 0.7765625 0.35625 0.7765625 0.3546875 0.7749999999999999 0.34375 0.7749999999999999 0.3421875 0.7765625 0.2875 0.7765625 0.2859375 0.778125 0.28125 0.778125 0.2796875 0.7765625 0.278125 0.7765625 0.2765625 0.778125 0.25 0.778125 0.2484375 0.7796875000000001 0.2171875 0.7796875000000001 0.215625 0.778125 0.2125 0.778125 0.2109375 0.7796875000000001 0.140625 0.7796875000000001 0.1390625 0.78125 0.0703125 0.78125 0.06875 0.7796875000000001 0.065625 0.7796875000000001 0.0625 0.7765625 0.0625 0.7718750000000001 0.0609375 0.7703125 0.0609375 0.7640625000000001 0.0625 0.7625 0.0625 0.7296875 0.0609375 0.7281249999999999 0.0609375 0.715625 0.0625 0.7140625 0.0625 0.659375 0.0609375 0.6578124999999999 0.0609375 0.5640624999999999 0.0625 0.5625 0.0625 0.16875 0.0640625 0.1671875 0.0640625 0.12031249999999999 0.065625 0.11875000000000001 0.065625 0.1171875 0.0671875 0.11562499999999999 0.0671875 0.11249999999999999 0.065625 0.1109375 0.065625 0.1078125 0.0640625 0.10625000000000001 0.0640625 0.08124999999999999 0.0625 0.0796875 0.0625 0.004687500000000001 0.0609375 0.003125 0.0609375 0 0.00625 0