5 0.190625 0.51875 0.1890625 0.5203125 0.1875 0.5203125 0.1859375 0.5218750000000001 0.184375 0.5218750000000001 0.1828125 0.5234375 0.18125 0.5234375 0.1796875 0.5249999999999999 0.175 0.5249999999999999 0.1734375 0.5265625 0.171875 0.5265625 0.1671875 0.53125 0.1625 0.53125 0.1609375 0.5328124999999999 0.159375 0.5328124999999999 0.1546875 0.5375000000000001 0.1515625 0.5375000000000001 0.1484375 0.5406249999999999 0.146875 0.5406249999999999 0.1453125 0.5421875 0.14375 0.5421875 0.1421875 0.54375 0.1390625 0.54375 0.1375 0.5453125000000001 0.1359375 0.5453125000000001 0.1328125 0.5484374999999999 0.13125 0.5484374999999999 0.1296875 0.55 0.1265625 0.55 0.121875 0.5546875 0.1203125 0.5546875 0.11875 0.5562499999999999 0.1140625 0.5562499999999999 0.1109375 0.559375 0.109375 0.559375 0.1046875 0.5640624999999999 0.103125 0.5640624999999999 0.103125 0.5796874999999999 0.1046875 0.58125 0.1046875 0.590625 0.10625 0.5921875000000001 0.10625 0.6609375 0.1078125 0.6625000000000001 0.1078125 0.6656249999999999 0.1109375 0.66875 0.1125 0.66875 0.115625 0.671875 0.1171875 0.671875 0.11875 0.6734374999999999 0.1203125 0.6734374999999999 0.121875 0.675 0.1234375 0.675 0.125 0.6765625 0.125 0.6781250000000001 0.1265625 0.6796875 0.1265625 0.684375 0.128125 0.6859375000000001 0.128125 0.690625 0.1296875 0.6921875 0.1296875 0.6953125 0.13125 0.6968749999999999 0.13125 0.7078125 0.1328125 0.7093750000000001 0.1328125 0.7203124999999999 0.134375 0.721875 0.134375 0.7234375 0.1390625 0.7234375 0.140625 0.7250000000000001 0.14375 0.7250000000000001 0.1453125 0.7265625 0.30625 0.7265625 0.30625 0.6328125 0.309375 0.6296875 0.3859375 0.6296875 0.3953125 0.6390625000000001 0.3953125 0.7046874999999999 0.39375 0.70625 0.39375 0.7234375 0.3953125 0.7250000000000001 0.3953125 0.7265625 0.4625 0.7265625 0.4640625 0.7250000000000001 0.4671875 0.7250000000000001 0.4671875 0.7234375 0.46875 0.721875 0.46875 0.7171875000000001 0.4703125 0.715625 0.4703125 0.70625 0.471875 0.7046874999999999 0.471875 0.6984375 0.4734375 0.6968749999999999 0.4734375 0.6875 0.475 0.6859375000000001 0.475 0.6812499999999999 0.4765625 0.6796875 0.4765625 0.6781250000000001 0.4796875 0.675 0.4828125 0.675 0.484375 0.6734374999999999 0.4890625 0.6734374999999999 0.490625 0.671875 0.4921875 0.671875 0.49375 0.6703125000000001 0.49375 0.66875 0.496875 0.6656249999999999 0.496875 0.5609375000000001 0.4921875 0.5562499999999999 0.4859375 0.5562499999999999 0.4796875 0.55 0.4734375 0.55 0.471875 0.5484374999999999 0.4703125 0.5484374999999999 0.46875 0.546875 0.46875 0.5453125000000001 0.4671875 0.5453125000000001 0.465625 0.54375 0.4609375 0.54375 0.459375 0.5421875 0.4578125 0.5421875 0.453125 0.5375000000000001 0.4484375 0.5375000000000001 0.4421875 0.53125 0.4375 0.53125 0.4359375 0.5296875000000001 0.434375 0.5296875000000001 0.4296875 0.5249999999999999 0.4265625 0.5249999999999999 0.425 0.5234375 0.4234375 0.5234375 0.41875 0.51875 0.4171875 0.51875 0.415625 0.5171874999999999 0.4125 0.5171874999999999 0.409375 0.5140625000000001 0.2 0.5140625000000001 0.196875 0.5171874999999999 0.1953125 0.5171874999999999 0.19375 0.51875 0.190625 0.51875
2 0.596875 0.42500000000000004 0.5078125 0.42500000000000004 0.5078125 0.528125 0.59375 0.528125 0.596875 0.5249999999999999 0.596875 0.42500000000000004
6 0.715625 0.0015625 0.715625 0.056249999999999994 0.7921875 0.056249999999999994 0.7921875 0.0015625 0.715625 0.0015625
6 0.703125 0.0515625 0.703125 0.0015625 0.6 0.0015625 0.6 0.053125000000000006 0.7 0.053125000000000006 0.7015625 0.0515625 0.703125 0.0515625
5 0.11875 0.004687500000000001 0.1203125 0.00625 0.121875 0.00625 0.1234375 0.0078125 0.1234375 0.009375000000000001 0.125 0.0109375 0.125 0.040624999999999994 0.1265625 0.0421875 0.1265625 0.053125000000000006 0.128125 0.0546875 0.128125 0.057812499999999996 0.1296875 0.059375000000000004 0.13125 0.059375000000000004 0.1328125 0.060937500000000006 0.303125 0.060937500000000006 0.303125 0.0015625 0.109375 0.0015625 0.109375 0.003125 0.1140625 0.003125 0.115625 0.004687500000000001 0.11875 0.004687500000000001
8 0.31403125 0.060937500000000006 0.38746875 0.060937500000000006 0.38746875 0.0015625 0.31403125 0.0015625 0.31403125 0.060937500000000006
10 0.00621875 0.06715277777777778 0.09840625 0.06715277777777778 0.09840625 0.015625 0.00621875 0.015625 0.00621875 0.06715277777777778
5 0.00621875 0.5062500000000001 0.49528125 0.5062500000000001 0.49528125 0.4125 0.00621875 0.4125 0.00621875 0.5062500000000001
5 0.903125 0 0.903125 0.8508333333333333 1 0.8508333333333333 1 0 0.903125 0
1 0.70153125 0.9546527777777778 0.7968437500000001 0.9546527777777778 0.7968437500000001 0.8484027777777778 0.70153125 0.8484027777777778 0.70153125 0.9546527777777778
5 0.10465625 0.9500000000000001 0.49684375000000003 0.9500000000000001 0.49684375000000003 0.85625 0.10465625 0.85625 0.10465625 0.9500000000000001
8 0.3140625 0.7281249999999999 0.3859375 0.7281249999999999 0.3859375 0.6359027777777777 0.3140625 0.6359027777777777 0.3140625 0.7281249999999999
5 0.3861625 0 0.390625 0.05952083333333333 0.4642875 0.05952083333333333 0.4642875 0.01984027777777778 0.4888375 0 0.3861625 0
5 0.803125 0.7231597222222222 0.89375 0.7231597222222222 0.89375 0.0015625 0.803125 0.0015625 0.803125 0.7231597222222222