2 0.509375 0.4140625 0.509375 0.5296875000000001 0.596875 0.5296875000000001 0.596875 0.4140625 0.509375 0.4140625
5 0.4921875 0.10468749999999999 0.49375 0.10468749999999999 0.4953125 0.103125 0.4953125 0.0109375 0.49375 0.009375000000000001 0.49375 0.0078125 0.4 0.0078125 0.4 0.10468749999999999 0.4890625 0.10468749999999999 0.490625 0.10625000000000001 0.4921875 0.10468749999999999
5 0.696875 0 0.696875 0.0015625 0.6984375 0.003125 0.6984375 0.0109375 0.696875 0.0125 0.696875 0.0234375 0.6953125 0.025 0.6953125 0.2 0.696875 0.20156249999999998 0.696875 0.20625 0.6984375 0.2078125 0.6984375 0.20937499999999998 0.7 0.2109375 0.7 0.2140625 0.7015625 0.215625 0.7015625 0.2671875 0.7 0.26875000000000004 0.7 0.271875 0.7015625 0.2734375 0.7015625 0.31562500000000004 0.7 0.31718749999999996 0.7 0.328125 0.7015625 0.3296875 0.7015625 0.365625 0.7 0.3671875 0.7 0.39531249999999996 0.7015625 0.396875 0.7015625 0.41874999999999996 0.7 0.4203125 0.7 0.44999999999999996 0.7015625 0.45156250000000003 0.7015625 0.48124999999999996 0.7 0.48281250000000003 0.7 0.48750000000000004 0.7015625 0.48906249999999996 0.7015625 0.7296875 0.703125 0.73125 0.703125 0.7875000000000001 0.7015625 0.7890625 0.7015625 0.8187500000000001 0.703125 0.8203125 0.703125 0.8390625 0.7015625 0.840625 0.7015625 0.8734375000000001 0.7 0.875 0.7 0.878125 0.6984375 0.8796875 0.6984375 0.8812500000000001 0.696875 0.8828125 0.696875 0.8843749999999999 0.6953125 0.8859375 0.6953125 0.8875 0.69375 0.8890625000000001 0.6890625 0.8890625000000001 0.6875 0.8875 0.66875 0.8875 0.6671875 0.8859375 0.659375 0.8859375 0.6578125 0.8875 0.4421875 0.8875 0.440625 0.8890625000000001 0.3078125 0.8890625000000001 0.30625 0.8875 0.00625 0.8879652777777778 0.00625 0.9930555555555556 0.9921875 0.9930555555555556 0.9921875 0 0.696875 0
8 0.28125 0.8796875 0.2828125 0.8796875 0.284375 0.878125 0.2859375 0.8796875 0.2875 0.8796875 0.2921875 0.8843749999999999 0.515625 0.8843749999999999 0.515625 0.7796875000000001 0.278125 0.7796875000000001 0.278125 0.8828125 0.2796875 0.8828125 0.2796875 0.8812500000000001 0.28125 0.8796875
5 0.00003125 0.11020833333333332 0.30334374999999997 0.11020833333333332 0.30334374999999997 0.007430555555555556 0.00003125 0.007430555555555556 0.00003125 0.11020833333333332
1 0.2991875 0.40371527777777777 0.39668749999999997 0.40371527777777777 0.39668749999999997 0.3194791666666667 0.2991875 0.3194791666666667 0.2991875 0.40371527777777777
6 0.4078125 0.42194444444444446 0.4921875 0.42194444444444446 0.4921875 0.30319444444444443 0.4078125 0.30319444444444443 0.4078125 0.42194444444444446
1 0.30778125 0.0921875 0.39371875 0.0921875 0.39371875 0.0078125 0.30778125 0.0078125 0.30778125 0.0921875
5 0.59928125 0.8875347222222223 0.70396875 0.8875347222222223 0.70396875 0.6656597222222222 0.59928125 0.6656597222222222 0.59928125 0.8875347222222223
5 0.49996875 0.21715277777777778 0.6952812500000001 0.21715277777777778 0.6952812500000001 0.004652777777777778 0.49996875 0.004652777777777778 0.49996875 0.21715277777777778
5 0.20153125 0.546875 0.39996875 0.546875 0.39996875 0.33284722222222224 0.20153125 0.33284722222222224 0.20153125 0.546875