5 0.125 0.026562500000000003 0.121875 0.029687500000000002 0.121875 0.03125 0.115625 0.037500000000000006 0.115625 0.0390625 0.1109375 0.04375 0.1109375 0.045312500000000006 0.090625 0.06562499999999999 0.0875 0.06562499999999999 0.084375 0.06875 0.084375 0.0703125 0.0796875 0.07500000000000001 0.0796875 0.0765625 0.078125 0.078125 0.0765625 0.078125 0.075 0.0796875 0.0734375 0.0796875 0.0703125 0.08281250000000001 0.0703125 0.084375 0.0640625 0.09062500000000001 0.05625 0.09062500000000001 0.0546875 0.08906249999999999 0.0546875 0.084375 0.053125 0.08281250000000001 0.053125 0.08124999999999999 0.0515625 0.0796875 0.0515625 0.18906250000000002 0.053125 0.190625 0.053125 0.20937499999999998 0.0515625 0.2109375 0.0515625 0.221875 0.053125 0.22343749999999998 0.053125 0.26875000000000004 0.0515625 0.27031249999999996 0.0515625 0.65625 0.446875 0.65625 0.446875 0.1 0.4453125 0.09843750000000001 0.4453125 0.0953125 0.44375 0.09375 0.44375 0.0921875 0.4421875 0.09062500000000001 0.4421875 0.08906249999999999 0.440625 0.0875 0.440625 0.0859375 0.4375 0.08281250000000001 0.4359375 0.08281250000000001 0.434375 0.08124999999999999 0.4328125 0.08124999999999999 0.4296875 0.078125 0.428125 0.078125 0.41875 0.06875 0.4171875 0.06875 0.4078125 0.059375000000000004 0.4078125 0.057812499999999996 0.396875 0.046875 0.396875 0.045312500000000006 0.3671875 0.015625 0.365625 0.015625 0.3609375 0.0109375 0.1421875 0.0109375 0.1375 0.015625 0.1359375 0.015625 0.134375 0.0171875 0.134375 0.018750000000000003 0.1265625 0.026562500000000003 0.125 0.026562500000000003
1 0.5453125 0.6609375 0.5453125 0.5562499999999999 0.453125 0.5562499999999999 0.453125 0.6609375 0.5453125 0.6609375
2 0.5890625 0.5203125 0.5890625 0.421875 0.5078125 0.421875 0.5078125 0.5203125 0.5890625 0.5203125
10 0.9953125 0.44218749999999996 0.9953125 0.3890625 0.553125 0.3890625 0.553125 0.4390625 0.5546875 0.4390625 0.55625 0.44062500000000004 0.559375 0.44062500000000004 0.5609375 0.44218749999999996 0.9953125 0.44218749999999996
6 0.728125 0.528125 0.6484375 0.528125 0.6484375 0.6296875 0.65 0.6312500000000001 0.65 0.6328125 0.653125 0.6359375 0.728125 0.6359375 0.728125 0.528125
10 0.9984375 0.8843749999999999 0.9984375 0.8374999999999999 0.1671875 0.8374999999999999 0.1671875 0.8843749999999999 0.9984375 0.8843749999999999
0 0.046875 0.21875 0.046875 0.003125 0.00625 0.003125 0.00625 0.21875 0.046875 0.21875
10 0.0484375 0.44062500000000004 0.0484375 0.3921875 0.00625 0.3921875 0.00625 0.44062500000000004 0.0484375 0.44062500000000004
5 0.0359375 0.75 0.0296875 0.7437499999999999 0.028125 0.7437499999999999 0.0234375 0.7390625 0.021875 0.7390625 0.0140625 0.73125 0.0125 0.73125 0.0078125 0.7265625 0.0078125 0.7250000000000001 0.00625 0.7234375 0.00625 0.9930555555555556 0.046875 0.9930555555555556 0.046875 0.7578125 0.04375 0.7546875 0.0421875 0.7546875 0.0375 0.75 0.0359375 0.75
6 0.7421875 0 0.7421875 0.078125 0.7453125 0.08124999999999999 0.7453125 0.08281250000000001 0.8328125 0.08281250000000001 0.8328125 0 0.7421875 0
2 0.7421875 0.0015625 0.7421875 0.078125 0.7453125 0.08124999999999999 0.7453125 0.08281250000000001 0.8328125 0.08281250000000001 0.8328125 0.0015625 0.7421875 0.0015625