5 0.70890625 0.11722222222222221 0.60309375 0.11722222222222221 0.60309375 0.21722222222222223 0.70890625 0.21722222222222223 0.70890625 0.11722222222222221
2 0.5078125 0.5218750000000001 0.509375 0.5234375 0.59375 0.5234375 0.59375 0.42656249999999996 0.50625 0.42656249999999996 0.50625 0.45625000000000004 0.5078125 0.45781249999999996 0.5078125 0.49062500000000003 0.50625 0.4921875 0.50625 0.5218750000000001 0.5078125 0.5218750000000001
8 0.3828125 0.7718750000000001 0.384375 0.7734375 0.6171875 0.7734375 0.6171875 0.671875 0.3828125 0.671875 0.3828125 0.7718750000000001
6 0.6125 0.2078125 0.6125 0.21250000000000002 0.6109375 0.2140625 0.6109375 0.30156249999999996 0.6875 0.30156249999999996 0.6875 0.2078125 0.6125 0.2078125
5 0.7953125 0.5546875 0.7953125 0.1171875 0.7015625 0.1171875 0.7015625 0.5546875 0.7953125 0.5546875
5 0.2953125 0.5484374999999999 0.2953125 0.11562499999999999 0.1984375 0.11562499999999999 0.1984375 0.3890625 0.2 0.390625 0.2 0.5296875000000001 0.2015625 0.53125 0.2015625 0.5484374999999999 0.2953125 0.5484374999999999
5 0.8046875 0.7734375 0.80625 0.7749999999999999 0.9015625 0.7749999999999999 0.9015625 0.5625 0.8046875 0.5625 0.8046875 0.7734375
5 0.1 0.559375 0.1 0.7734375 0.1015625 0.7749999999999999 0.1015625 0.7765625 0.1953125 0.7765625 0.1953125 0.559375 0.1 0.559375
5 0.896875 0.1015625 0.896875 0.0015625 0.8078125 0.0015625 0.8078125 0.1015625 0.896875 0.1015625
5 0.190625 0.10468749999999999 0.190625 0.0015625 0.1046875 0.0015625 0.1046875 0.10468749999999999 0.190625 0.10468749999999999
5 0.3015625 0.215625 0.303125 0.21718749999999998 0.3953125 0.21718749999999998 0.3953125 0.1171875 0.3015625 0.1171875 0.3015625 0.215625
5 0.00625 0 0.00625 0.9930555555555556 1 0.9930555555555556 1 0 0.9015625 0 0.9015625 0.5843750000000001 0.903125 0.5859375 0.903125 0.65625 0.9015625 0.6578124999999999 0.9015625 0.7749999999999999 0.9 0.7765625 0.9 0.778125 0.8984375 0.7796875000000001 0.89375 0.7796875000000001 0.8921875 0.78125 0.8328125 0.78125 0.83125 0.7796875000000001 0.815625 0.7796875000000001 0.8140625 0.778125 0.771875 0.778125 0.7703125 0.7765625 0.5421875 0.7765625 0.540625 0.778125 0.41875 0.778125 0.4171875 0.7765625 0.2140625 0.7765625 0.2125 0.778125 0.1828125 0.778125 0.18125 0.7796875000000001 0.125 0.7796875000000001 0.1234375 0.78125 0.121875 0.78125 0.1203125 0.7796875000000001 0.10625 0.7796875000000001 0.1015625 0.7749999999999999 0.1015625 0.7625 0.1 0.7609375 0.1 0.70625 0.1015625 0.7046874999999999 0.1015625 0.6890624999999999 0.1 0.6875 0.1 0.6515625 0.0984375 0.6499999999999999 0.0984375 0.6000000000000001 0.096875 0.5984375 0.096875 0.5890625 0.0953125 0.5874999999999999 0.0953125 0.5687500000000001 0.096875 0.5671875 0.096875 0.5609375000000001 0.0984375 0.559375 0.0984375 0.5453125000000001 0.1 0.54375 0.1 0.15625 0.1015625 0.15468749999999998 0.1015625 0.10468749999999999 0.103125 0.103125 0.103125 0.0953125 0.1046875 0.09375 0.103125 0.060937500000000006 0.103125 0.034375 0.1046875 0.032812499999999994 0.1046875 0.009375000000000001 0.103125 0.0078125 0.103125 0.004687500000000001 0.1015625 0.003125 0.1015625 0 0.00625 0
5 0.7953125 0.56 0.6015625 0.56 0.6015625 0.66 0.7953125 0.66 0.7953125 0.56
5 0.396875 0.5625 0.203125 0.5625 0.203125 0.6625000000000001 0.396875 0.6625000000000001 0.396875 0.5625
8 0.50221875 0.3323263888888889 0.39953125 0.3323263888888889 0.39953125 0.4414236111111111 0.50221875 0.4414236111111111 0.50221875 0.3323263888888889