5 0.5328125 0.43281250000000004 0.534375 0.43281250000000004 0.5359375 0.43125 0.5375 0.43125 0.5390625 0.43281250000000004 0.54375 0.43281250000000004 0.5453125 0.43437499999999996 0.5703125 0.43437499999999996 0.571875 0.4359375 0.5921875 0.4359375 0.5921875 0.3453125 0.3078125 0.3453125 0.3078125 0.43437499999999996 0.309375 0.4359375 0.528125 0.4359375 0.5296875 0.43437499999999996 0.53125 0.43437499999999996 0.5328125 0.43281250000000004
5 0.10625 0.5578125 0.10625 0.5796874999999999 0.1078125 0.58125 0.1078125 0.6625000000000001 0.1984375 0.6625000000000001 0.1984375 0.5578125 0.10625 0.5578125
1 0.2046875 0.33281249999999996 0.2046875 0.4359375 0.20625 0.4375 0.20625 0.44062500000000004 0.2953125 0.44062500000000004 0.2953125 0.33281249999999996 0.2046875 0.33281249999999996
2 0.5109375 0.421875 0.5109375 0.5234375 0.5171875 0.5234375 0.51875 0.5249999999999999 0.59375 0.5249999999999999 0.59375 0.421875 0.5109375 0.421875
5 0.1078125 0.8843749999999999 0.109375 0.8859375 0.196875 0.8859375 0.196875 0.78125 0.1078125 0.78125 0.1078125 0.8843749999999999
5 0.1078125 0.44062500000000004 0.109375 0.44218749999999996 0.19375 0.44218749999999996 0.19375 0.3359375 0.1078125 0.3359375 0.1078125 0.44062500000000004
8 0.1109375 0.12656250000000002 0.1109375 0.13124999999999998 0.109375 0.1328125 0.109375 0.22031250000000002 0.190625 0.22031250000000002 0.190625 0.12656250000000002 0.1109375 0.12656250000000002
4 0.1015625 0.7749999999999999 0.1015625 0.6703125000000001 0.00625 0.6703125000000001 0.00625 0.7749999999999999 0.1015625 0.7749999999999999
4 0.1015625 0.5531250000000001 0.1015625 0.44843750000000004 0.00625 0.44843750000000004 0.00625 0.5531250000000001 0.1015625 0.5531250000000001
4 0.1 0.328125 0.1 0.22499999999999998 0.00625 0.22499999999999998 0.00625 0.328125 0.1 0.328125
4 0.1015625 0.9930555555555556 0.1015625 0.8937499999999999 0.00625 0.8937499999999999 0.00625 0.9930555555555556 0.1015625 0.9930555555555556
5 0.00625 0 0.00625 0.19840972222222222 0.09821250000000001 0.21329166666666666 0.11830624999999999 0.11904861111111112 0.18303750000000002 0.11904861111111112 0.203125 0.21577083333333336 0.8058062500000001 0.21577083333333336 0.8035687499999999 0.9930555555555556 1 0.9930555555555556 1 0 0.00625 0