5 0.1049125 0.5729166666666666 0.10044375000000001 0.6994027777777778 0.59375 0.6894861111111111 0.59151875 0.1264861111111111 0.5089312500000001 0.13640972222222222 0.49330625 0.5803541666666666 0.1049125 0.5729166666666666
5 0.2953125 0.3453125 0.2953125 0.1328125 0.1078125 0.1328125 0.1078125 0.3453125 0.2953125 0.3453125
2 0.490625 0.5249999999999999 0.49375 0.5218750000000001 0.49375 0.4375 0.4953125 0.4359375 0.4953125 0.43281250000000004 0.49375 0.43125 0.49375 0.4203125 0.4953125 0.41874999999999996 0.4953125 0.41718750000000004 0.4046875 0.41718750000000004 0.4046875 0.5249999999999999 0.490625 0.5249999999999999
5 0.6953125 0.8999999999999999 0.6984375 0.8968750000000001 0.7 0.8968750000000001 0.7 0.8953125000000001 0.7015625 0.8937499999999999 0.7015625 0.796875 0.5046875 0.796875 0.5046875 0.8999999999999999 0.6953125 0.8999999999999999
5 0.8015625 0.12656250000000002 0.8015625 0.020312499999999997 0.6015625 0.020312499999999997 0.6015625 0.12656250000000002 0.8015625 0.12656250000000002
6 0.196875 0.7609375 0.196875 0.659375 0.1046875 0.659375 0.1046875 0.7609375 0.196875 0.7609375
5 0.9 0.6796875 0.9 0.5734375 0.703125 0.5734375 0.703125 0.6796875 0.9 0.6796875
6 0.090625 0.428125 0.090625 0.32499999999999996 0.0140625 0.32499999999999996 0.0140625 0.428125 0.090625 0.428125
8 0.99375 0.3453125 0.99375 0.23124999999999998 0.896875 0.23124999999999998 0.896875 0.3453125 0.99375 0.3453125
5 0.91495625 0.45937500000000003 0.91339375 0.4609375 0.91183125 0.4609375 0.91026875 0.46249999999999997 0.90870625 0.46249999999999997 0.90558125 0.46562499999999996 0.90558125 0.48593749999999997 0.90401875 0.48750000000000004 0.90401875 0.49374999999999997 0.90245625 0.49531250000000004 0.90245625 0.5 0.90089375 0.5015624999999999 0.90089375 0.5046875 0.89933125 0.5062500000000001 0.89933125 0.5296875000000001 0.89776875 0.53125 0.89776875 0.5703125 0.89933125 0.5718749999999999 0.89933125 0.675 0.89776875 0.6765625 0.89776875 0.7890625 0.89620625 0.7906249999999999 0.85401875 0.7906249999999999 0.85245625 0.7890625 0.76026875 0.7890625 0.75870625 0.7906249999999999 0.75245625 0.7906249999999999 0.75089375 0.7890625 0.73214375 0.7890625 0.73058125 0.7906249999999999 0.71964375 0.7906249999999999 0.71808125 0.7921875 0.71026875 0.7921875 0.70870625 0.79375 0.70558125 0.79375 0.70245625 0.796875 0.70245625 0.8 0.70089375 0.8015625 0.70089375 0.8062499999999999 0.69933125 0.8078125 0.69933125 0.8546875 0.69776875 0.85625 0.69776875 0.890625 0.69620625 0.8921874999999999 0.69620625 0.8953125000000001 0.69308125 0.8984375 0.69308125 0.8999999999999999 0.69151875 0.9015624999999999 0.68995625 0.9015624999999999 0.68683125 0.9046875000000001 0.68058125 0.9046875000000001 0.67901875 0.90625 0.66495625 0.90625 0.66339375 0.9046875000000001 0.66183125 0.9046875000000001 0.66026875 0.90625 0.62433125 0.90625 0.62276875 0.9046875000000001 0.60870625 0.9046875000000001 0.60714375 0.9031250000000001 0.58370625 0.9031250000000001 0.58214375 0.9046875000000001 0.5044625 0.9102152777777778 0.50223125 0.9930555555555556 0.79308125 0.9930555555555556 0.79464375 0.9930555555555556 0.79464375 0.9921875 0.79620625 0.9906250000000001 0.79620625 0.9874999999999999 0.79933125 0.984375 0.79933125 0.9812500000000001 0.80089375 0.9796874999999999 0.80089375 0.96875 0.79933125 0.9671875000000001 0.79933125 0.9609375 0.79776875 0.9593750000000001 0.79776875 0.9421875000000001 0.79620625 0.9406249999999999 0.79620625 0.9359375000000001 0.79776875 0.9343750000000001 0.79776875 0.9328124999999999 0.79620625 0.9312499999999999 0.79620625 0.9093749999999999 0.79776875 0.9078124999999999 0.79776875 0.90625 0.80089375 0.9031250000000001 0.80245625 0.9031250000000001 0.80401875 0.9015624999999999 0.86026875 0.9015624999999999 0.86183125 0.9031250000000001 0.86339375 0.9031250000000001 0.86495625 0.9015624999999999 0.87276875 0.9015624999999999 0.87433125 0.9031250000000001 0.87589375 0.9031250000000001 0.87745625 0.9015624999999999 0.88995625 0.9015624999999999 0.89151875 0.8999999999999999 0.89308125 0.8999999999999999 0.89933125 0.8937499999999999 0.89933125 0.878125 0.90089375 0.8765624999999999 0.90089375 0.8421875000000001 0.89933125 0.840625 0.89933125 0.83125 0.89776875 0.8296874999999999 0.89776875 0.8046875 0.89620625 0.8031250000000001 0.89620625 0.8015625 0.89776875 0.8 0.89776875 0.7921875 0.89933125 0.7906249999999999 0.90089375 0.7906249999999999 0.90245625 0.7921875 0.92745625 0.7921875 0.92901875 0.79375 0.95714375 0.79375 0.95870625 0.7921875 0.99151875 0.7921875 0.99151875 0.45781249999999996 0.91964375 0.45781249999999996 0.91808125 0.45937500000000003 0.91495625 0.45937500000000003
5 0.8995562500000001 0.8978194444444445 0.796875 0.8953402777777778 0.796875 0.9920625 0.99375 0.9930555555555556 0.9888375 0.7911736111111112 0.8995562500000001 0.7961319444444445 0.8995562500000001 0.8978194444444445