5 0.7015625 0.546875 0.7015625 0.7593749999999999 0.8984375 0.7593749999999999 0.8984375 0.546875 0.7015625 0.546875
2 0.496875 0.4203125 0.403125 0.4203125 0.403125 0.5265625 0.49375 0.5265625 0.496875 0.5234375 0.496875 0.4203125
5 0.696875 0.0015625 0.6046875 0.0015625 0.6046875 0.20468750000000002 0.6953125 0.20468750000000002 0.696875 0.203125 0.696875 0.0015625
5 0.0984375 0.5421875 0.0984375 0.7593749999999999 0.3 0.7593749999999999 0.3 0.5421875 0.0984375 0.5421875
8 0.6171875 0.6609375 0.38125 0.6609375 0.38125 0.7593749999999999 0.615625 0.7593749999999999 0.6171875 0.7578125 0.6171875 0.6609375
9 0.4046875 0.10625000000000001 0.4046875 0.2078125 0.5015625 0.2078125 0.5015625 0.10625000000000001 0.4046875 0.10625000000000001
5 0.1953125 0.0015625 0.10625 0.0015625 0.10625 0.20468750000000002 0.19375 0.20468750000000002 0.1953125 0.203125 0.1953125 0.0015625
5 0.2046875 0.0015625 0.2046875 0.09375 0.3875 0.09375 0.3875 0.0015625 0.2046875 0.0015625
5 0.703125 0.0015625 0.703125 0.09375 0.89375 0.09375 0.89375 0.0015625 0.703125 0.0015625
5 0.5046875 0.10625000000000001 0.5046875 0.2078125 0.6 0.2078125 0.6 0.10625000000000001 0.5046875 0.10625000000000001
6 0.1359375 0.321875 0.1359375 0.4234375 0.2109375 0.4234375 0.2109375 0.321875 0.1359375 0.321875
5 0.99375 0.2078125 0.99375 0.1078125 0.7 0.1078125 0.7 0.20625 0.703125 0.20625 0.7046875 0.2078125 0.99375 0.2078125
5 0.1984375 0.109375 0.1984375 0.20625 0.4 0.20625 0.4 0.109375 0.1984375 0.109375
5 0.99375 0.7637777777777778 0.0983125 0.7682847222222222 0.1030375 0.000375 0 0.0007916666666666666 0.00371875 0.9930555555555556 0.99375 0.9930555555555556 0.99375 0.7637777777777778
6 0.49846874999999996 0.00003472222222222222 0.40315625 0.00003472222222222222 0.40315625 0.07815972222222223 0.49846874999999996 0.07815972222222223 0.49846874999999996 0.00003472222222222222
6 0.596875 0.19378472222222223 0.503125 0.19378472222222223 0.503125 0.3046875 0.596875 0.3046875 0.596875 0.19378472222222223