5 0.1015625 0.546875 0.1015625 0.7593749999999999 0.2984375 0.7593749999999999 0.2984375 0.546875 0.1015625 0.546875
2 0.596875 0.4203125 0.503125 0.4203125 0.503125 0.5234375 0.50625 0.5265625 0.596875 0.5265625 0.596875 0.4203125
5 0.3953125 0.0015625 0.303125 0.0015625 0.303125 0.203125 0.3046875 0.20468750000000002 0.3953125 0.20468750000000002 0.3953125 0.0015625
5 0.7 0.5421875 0.7 0.7593749999999999 0.9015625 0.7593749999999999 0.9015625 0.5421875 0.7 0.5421875
8 0.61875 0.6609375 0.3828125 0.6609375 0.3828125 0.7578125 0.384375 0.7593749999999999 0.61875 0.7593749999999999 0.61875 0.6609375
9 0.4984375 0.10625000000000001 0.4984375 0.2078125 0.5953125 0.2078125 0.5953125 0.10625000000000001 0.4984375 0.10625000000000001
5 0.89375 0.0015625 0.8046875 0.0015625 0.8046875 0.203125 0.80625 0.20468750000000002 0.89375 0.20468750000000002 0.89375 0.0015625
5 0.6125 0.0015625 0.6125 0.09375 0.7953125 0.09375 0.7953125 0.0015625 0.6125 0.0015625
5 0.10625 0.0015625 0.10625 0.09375 0.296875 0.09375 0.296875 0.0015625 0.10625 0.0015625
5 0.4 0.10625000000000001 0.4 0.2078125 0.4953125 0.2078125 0.4953125 0.10625000000000001 0.4 0.10625000000000001
6 0.7890625 0.321875 0.7890625 0.4234375 0.8640625 0.4234375 0.8640625 0.321875 0.7890625 0.321875
5 0.3 0.20625 0.3 0.1078125 0.00625 0.1078125 0.00625 0.2078125 0.2953125 0.2078125 0.296875 0.20625 0.3 0.20625
5 0.6 0.109375 0.6 0.20625 0.8015625 0.20625 0.8015625 0.109375 0.6 0.109375
5 1 0.0007916666666666666 0.8969625000000001 0.000375 0.9016875000000001 0.7682847222222222 0.00625 0.7637777777777778 0.00625 0.9930555555555556 0.99628125 0.9930555555555556 1 0.0007916666666666666
6 0.50153125 0.07815972222222223 0.59684375 0.07815972222222223 0.59684375 0.00003472222222222222 0.50153125 0.00003472222222222222 0.50153125 0.07815972222222223
6 0.403125 0.3046875 0.496875 0.3046875 0.496875 0.19378472222222223 0.403125 0.19378472222222223 0.403125 0.3046875