0 0.5984375 0.7828124999999999 0.5984375 0.7906249999999999 0.596875 0.7921875 0.596875 0.796875 0.5984375 0.7984374999999999 0.5984375 0.8031250000000001 0.6 0.8046875 0.603125 0.8046875 0.6046875 0.8062499999999999 0.99375 0.8062499999999999 0.99375 0.24843749999999998 0.596875 0.24843749999999998 0.596875 0.5921875000000001 0.5984375 0.59375 0.5984375 0.6296875 0.596875 0.6312500000000001 0.596875 0.6734374999999999 0.5984375 0.675 0.5984375 0.746875 0.596875 0.7484375000000001 0.596875 0.78125 0.5984375 0.7828124999999999
1 0.296875 0.9093749999999999 0.296875 0.809375 0.2046875 0.809375 0.2046875 0.9093749999999999 0.296875 0.9093749999999999
5 0.99375 0.24531250000000002 0.99375 0.0015625 0.5 0.0015625 0.5 0.24531250000000002 0.99375 0.24531250000000002
2 0.4046875 0.41874999999999996 0.4046875 0.5234375 0.490625 0.5234375 0.4921875 0.5218750000000001 0.4921875 0.41874999999999996 0.4046875 0.41874999999999996
5 0.50625 0.25 0.5046875 0.24843749999999998 0.5015625 0.24843749999999998 0.5 0.25 0.5 0.46249999999999997 0.5015625 0.46406250000000004 0.5015625 0.47031249999999997 0.503125 0.47187500000000004 0.503125 0.48750000000000004 0.5015625 0.48906249999999996 0.5015625 0.49843750000000003 0.5 0.5 0.5 0.90625 0.5015625 0.9078124999999999 0.5171875 0.9078124999999999 0.51875 0.9093749999999999 0.565625 0.9093749999999999 0.5671875 0.9078124999999999 0.5921875 0.9078124999999999 0.59375 0.90625 0.6203125 0.90625 0.621875 0.9078124999999999 0.684375 0.9078124999999999 0.6859375 0.90625 0.7359375 0.90625 0.7375 0.9078124999999999 0.7828125 0.9078124999999999 0.784375 0.90625 0.80625 0.90625 0.8078125 0.9078124999999999 0.8296875 0.9078124999999999 0.83125 0.9093749999999999 0.853125 0.9093749999999999 0.8546875 0.9078124999999999 0.99375 0.9078124999999999 0.99375 0.90625 0.99375 0.8078125 0.9921875 0.8078125 0.990625 0.8062499999999999 0.6046875 0.8062499999999999 0.603125 0.8046875 0.6015625 0.8046875 0.6 0.8031250000000001 0.6 0.7984374999999999 0.5984375 0.796875 0.5984375 0.7953125000000001 0.6 0.79375 0.6 0.48750000000000004 0.5984375 0.48593749999999997 0.5984375 0.41093749999999996 0.6 0.40937500000000004 0.6 0.39531249999999996 0.5984375 0.39375000000000004 0.5984375 0.25468749999999996 0.6 0.25312500000000004 0.6 0.2515625 0.5984375 0.25 0.5984375 0.24687499999999998 0.596875 0.24531250000000002 0.578125 0.24531250000000002 0.5765625 0.24687499999999998 0.5578125 0.24687499999999998 0.55625 0.24843749999999998 0.534375 0.24843749999999998 0.5328125 0.24687499999999998 0.5265625 0.24687499999999998 0.525 0.24843749999999998 0.5171875 0.24843749999999998 0.515625 0.25 0.50625 0.25
10 0.3 0.24531250000000002 0.3 0.1953125 0.0015625 0.1953125 0.0015625 0.24531250000000002 0.3 0.24531250000000002
10 0.2984375 0.46718750000000003 0.2984375 0.41874999999999996 0.003125 0.41874999999999996 0.003125 0.46718750000000003 0.2984375 0.46718750000000003
5 0.30625 0.0015625 0.30625 0.46562499999999996 0.390625 0.46562499999999996 0.3953125 0.4609375 0.3953125 0.0015625 0.30625 0.0015625
6 0.2046875 0.5578125 0.2046875 0.6625000000000001 0.29375 0.6625000000000001 0.2953125 0.6609375 0.2953125 0.5578125 0.2046875 0.5578125
10 0.003125 0 0.003125 0.025 0.01875 0.025 0.0203125 0.0234375 0.1390625 0.0234375 0.140625 0.025 0.290625 0.025 0.2921875 0.0234375 0.296875 0.0234375 0.296875 0 0.003125 0
0 1 0.9138888888888889 0 0.9138888888888889 0 1 1 1 1 0.9138888888888889