2 0.59375 0.5171874999999999 0.59375 0.4234375 0.5109375 0.4234375 0.5109375 0.5171874999999999 0.59375 0.5171874999999999
8 0.596875 0.4359375 0.596875 0.334375 0.5 0.334375 0.5 0.4359375 0.596875 0.4359375
5 0.9984375 0.8921874999999999 0.9984375 0.5578125 0.89375 0.5578125 0.89375 0.8921874999999999 0.9984375 0.8921874999999999
8 0.2984375 0.1109375 0.2984375 0.0015625 0.0953125 0.0015625 0.0953125 0.1109375 0.2984375 0.1109375
5 0.890625 0.8890625000000001 0.890625 0.3359375 0.80625 0.3359375 0.80625 0.8890625000000001 0.890625 0.8890625000000001
5 0.8984375 0.9930555555555556 0.8984375 0.8953125000000001 0.3109375 0.8953125000000001 0.3109375 0.8968750000000001 0.3078125 0.8999999999999999 0.3078125 0.9930555555555556 0.8890625 0.9930555555555556 0.8921875 0.9930555555555556 0.8984375 0.9930555555555556
5 0.9984375 0.9930555555555556 0.9984375 0.8999999999999999 0.896875 0.8999999999999999 0.896875 0.9930555555555556 0.9984375 0.9930555555555556
5 0.8953125 0.10468749999999999 0.8953125 0.0015625 0.803125 0.0015625 0.803125 0.10468749999999999 0.8953125 0.10468749999999999
5 0.996875 0.10468749999999999 0.996875 0.0015625 0.9015625 0.0015625 0.9015625 0.10468749999999999 0.996875 0.10468749999999999
5 0.10153125 0.0015625 0.00621875 0.0015625 0.00621875 0.10621527777777778 0.10153125 0.10621527777777778 0.10153125 0.0015625
5 0.3995625 0.004965277777777778 0.3058125 0.004965277777777778 0.3058125 0.8978125 0.3995625 0.8978125 0.3995625 0.004965277777777778
5 0.296875 1 0.296875 0.10913194444444445 0 0.10913194444444445 0 1 0.296875 1