5 0.2015625 0.321875 0.2015625 0.534375 0.3953125 0.534375 0.3984375 0.53125 0.3984375 0.321875 0.2015625 0.321875
5 0.5953125 0.09375 0.5953125 0.0015625 0.296875 0.0015625 0.296875 0.0953125 0.5890625 0.0953125 0.590625 0.09375 0.5953125 0.09375
1 0.290625 0.07343749999999999 0.290625 0.0015625 0.209375 0.0015625 0.209375 0.07343749999999999 0.290625 0.07343749999999999
2 0.496875 0.528125 0.496875 0.41874999999999996 0.4078125 0.41874999999999996 0.4078125 0.528125 0.496875 0.528125
5 0.6015625 0 0.6015625 0.20156249999999998 0.690625 0.20156249999999998 0.690625 0 0.6015625 0
5 0.0984375 0.037500000000000006 0.0984375 0.032812499999999994 0.1 0.03125 0.1 0.0015625 0.003125 0.0015625 0.003125 0.203125 0.0984375 0.203125 0.0984375 0.1484375 0.1 0.14687499999999998 0.1 0.07500000000000001 0.0984375 0.07343749999999999 0.0984375 0.0421875 0.1 0.040624999999999994 0.1 0.0390625 0.0984375 0.037500000000000006
8 0.325 0.871875 0.325 0.7640625000000001 0.075 0.7640625000000001 0.075 0.8734375000000001 0.321875 0.8734375000000001 0.3234375 0.871875 0.325 0.871875
5 0.7 0.8734375000000001 0.7 0.653125 0.6 0.653125 0.6 0.875 0.696875 0.875 0.6984375 0.8734375000000001 0.7 0.8734375000000001
5 0.103125 0 0.103125 0.0921875 0.1046875 0.0921875 0.10625 0.09375 0.1953125 0.09375 0.196875 0.0921875 0.2015625 0.0921875 0.203125 0.09062500000000001 0.203125 0 0.103125 0
5 0.6921875 0 0.6921875 0.045312500000000006 0.69375 0.046875 0.69375 0.06875 0.6953125 0.0703125 0.6953125 0.0921875 0.696875 0.09375 0.696875 0.1 0.6953125 0.1015625 0.6953125 0.103125 0.696875 0.10468749999999999 0.696875 0.11249999999999999 0.6953125 0.11406250000000001 0.6953125 0.1671875 0.696875 0.16875 0.696875 0.175 0.6953125 0.1765625 0.696875 0.17812499999999998 0.696875 0.1953125 0.6984375 0.19687500000000002 0.6984375 0.21718749999999998 0.7 0.21875 0.7 0.22499999999999998 0.6984375 0.2265625 0.6984375 0.28437500000000004 0.696875 0.28593749999999996 0.696875 0.29218750000000004 0.6984375 0.29374999999999996 0.6984375 0.3265625 0.696875 0.328125 0.696875 0.47968750000000004 0.6984375 0.48124999999999996 0.6984375 0.49531250000000004 0.696875 0.49687499999999996 0.696875 0.528125 0.6984375 0.5296875000000001 0.6984375 0.5546875 0.696875 0.5562499999999999 0.696875 0.58125 0.6984375 0.5828125 0.6984375 0.6468750000000001 0.7 0.6484375 0.7 0.6796875 0.7015625 0.6812499999999999 0.7015625 0.684375 0.7 0.6859375000000001 0.7 0.7875000000000001 0.6984375 0.7890625 0.6984375 0.7906249999999999 0.7 0.7921875 0.7 0.8656250000000001 0.6984375 0.8671875 0.6984375 0.8703125 0.696875 0.871875 0.696875 0.8734375000000001 0.69375 0.8765624999999999 0.690625 0.8765624999999999 0.6890625 0.878125 0.640625 0.878125 0.6390625 0.8765624999999999 0.4171875 0.8765624999999999 0.415625 0.875 0.221875 0.875 0.2203125 0.8765624999999999 0.209375 0.8765624999999999 0.2078125 0.875 0 0.8779791666666666 0 0.9930555555555556 0.99375 0.9930555555555556 0.99375 0 0.6921875 0
6 0.10940625 0.5187847222222222 0.18909375 0.5187847222222222 0.18909375 0.4096875 0.10940625 0.4096875 0.10940625 0.5187847222222222