6 0.5453125 0.6359375 0.546875 0.6375 0.584375 0.6375 0.584375 0.5296875000000001 0.49375 0.5296875000000001 0.49375 0.53125 0.4921875 0.5328124999999999 0.4921875 0.6359375 0.5453125 0.6359375
5 0.07653125 0.27812499999999996 0.27496875 0.27812499999999996 0.27496875 0.22340277777777778 0.07653125 0.22340277777777778 0.07653125 0.27812499999999996
5 0.67653125 0.2797222222222222 0.87184375 0.2797222222222222 0.87184375 0.2234722222222222 0.67653125 0.2234722222222222 0.67653125 0.2797222222222222
6 0.796875 0.8609374999999999 0.86875 0.8609374999999999 0.86875 0.7468402777777778 0.796875 0.7468402777777778 0.796875 0.8609374999999999
1 0.6890625 0.8656250000000001 0.7609375 0.8656250000000001 0.7609375 0.7796527777777778 0.6890625 0.7796527777777778 0.6890625 0.8656250000000001
5 0.07965625 0.7734375 0.46871875 0.7734375 0.46871875 0.5578125 0.07965625 0.5578125 0.07965625 0.7734375
5 0.6718437500000001 0.44395833333333334 0.8682812500000001 0.44395833333333334 0.8682812500000001 0.28770833333333334 0.6718437500000001 0.28770833333333334 0.6718437500000001 0.44395833333333334
5 0.279 0.4439236111111111 0.669625 0.4439236111111111 0.669625 0.23065972222222225 0.279 0.23065972222222225 0.279 0.4439236111111111
5 0.07815625000000001 0.44642361111111106 0.27234375 0.44642361111111106 0.27234375 0.2802430555555555 0.07815625000000001 0.2802430555555555 0.07815625000000001 0.44642361111111106
2 0.5109375 0.5250347222222222 0.5921875 0.5250347222222222 0.5921875 0.41718750000000004 0.5109375 0.41718750000000004 0.5109375 0.5250347222222222
5 0.6741875 0.7167013888888889 0.8741875 0.7167013888888889 0.8741875 0.5592708333333333 0.6741875 0.5592708333333333 0.6741875 0.7167013888888889
5 0.68253125 0.7777430555555556 0.76834375 0.7777430555555556 0.76834375 0.7212847222222222 0.68253125 0.7212847222222222 0.68253125 0.7777430555555556
5 0.77415625 0.9898263888888889 0.8733437500000001 0.9898263888888889 0.8733437500000001 0.8935069444444443 0.77415625 0.8935069444444443 0.77415625 0.9898263888888889
5 0.67671875 0.9944444444444444 0.76503125 0.9944444444444444 0.76503125 0.8916666666666667 0.67671875 0.8916666666666667 0.67671875 0.9944444444444444
6 0.29215625 0.8609374999999999 0.38434375 0.8609374999999999 0.38434375 0.7515624999999999 0.29215625 0.7515624999999999 0.29215625 0.8609374999999999
5 0.00669375 0 0.00625 0.9930555555555556 0.07143125 0.9930555555555556 0.07366249999999999 0.21577083333333336 0.875 0.21081249999999999 0.87723125 0.9930555555555556 1 0.9930555555555556 1 0 0.00669375 0