2 0.50625 0.43125 0.50625 0.5171874999999999 0.5296875 0.5171874999999999 0.53125 0.51875 0.59375 0.51875 0.59375 0.43125 0.50625 0.43125
6 0.190625 0.6609375 0.190625 0.5578125 0.1109375 0.5578125 0.1109375 0.6609375 0.190625 0.6609375
5 0.0953125 0.6875 0.0953125 0.590625 0.00625 0.590625 0.00625 0.6875 0.0953125 0.6875
5 0.80625 0.24375000000000002 0.8078125 0.24531250000000002 0.9953125 0.24531250000000002 0.9953125 0.14687499999999998 0.80625 0.14687499999999998 0.80625 0.24375000000000002
5 0.00625 0.2421875 0.00625 0.24375000000000002 0.39375 0.24375000000000002 0.39375 0.15000000000000002 0.00625 0.15000000000000002 0.00625 0.2421875
5 0.696875 0.9930555555555556 0.696875 0.5859375 0.5984375 0.5859375 0.5984375 0.9930555555555556 0.696875 0.9930555555555556
5 0.9953125 0.13906249999999998 0.9953125 0.0015625 0.9046875 0.0015625 0.9046875 0.13906249999999998 0.9953125 0.13906249999999998
5 0.5890625 0.9930555555555556 0.5890625 0.6265624999999999 0.50625 0.6265624999999999 0.50625 0.9930555555555556 0.5890625 0.9930555555555556
8 0.5015625 0.028124999999999997 0.5015625 0.0015625 0.4015625 0.0015625 0.4015625 0.028124999999999997 0.5015625 0.028124999999999997
8 0.7015625 0.026562500000000003 0.7015625 0.0015625 0.603125 0.0015625 0.603125 0.026562500000000003 0.7015625 0.026562500000000003
5 0.2984375 0.0015625 0.2004375 0.0015625 0.2004375 0.14218750000000002 0.2984375 0.14218750000000002 0.2984375 0.0015625
5 0 0 0 0.1413888888888889 0.205375 0.1413888888888889 0.205375 0 0 0
5 0.30580625 0.5853194444444445 0.30356875 0.6894861111111111 0.50223125 0.6994027777777778 0.5066937499999999 0.6324375 0.59151875 0.6324375 0.59375 0.5927569444444445 0.30580625 0.5853194444444445