6 0.6125 0.08906249999999999 0.6125 0.190625 0.6140625 0.190625 0.615625 0.1921875 0.6890625 0.1921875 0.6890625 0.08906249999999999 0.6125 0.08906249999999999
1 0.3984375 0.8859375 0.3984375 0.66875 0.3015625 0.66875 0.3015625 0.8859375 0.3984375 0.8859375
1 0.696875 0.8843749999999999 0.696875 0.66875 0.603125 0.66875 0.603125 0.8843749999999999 0.696875 0.8843749999999999
1 0.89375 0.546875 0.89375 0.45625000000000004 0.8125 0.45625000000000004 0.8125 0.546875 0.89375 0.546875
2 0.5953125 0.5265625 0.5953125 0.4203125 0.5046875 0.4203125 0.5046875 0.5171874999999999 0.50625 0.51875 0.50625 0.5234375 0.5078125 0.5249999999999999 0.5078125 0.5265625 0.5953125 0.5265625
6 0.5046875 0.85625 0.5078125 0.859375 0.590625 0.859375 0.590625 0.7515624999999999 0.5046875 0.7515624999999999 0.5046875 0.85625
1 0.8921875 0.234375 0.8125 0.234375 0.8125 0.25312500000000004 0.8140625 0.25468749999999996 0.8140625 0.321875 0.815625 0.32343750000000004 0.8921875 0.32343750000000004 0.8921875 0.234375
1 0.8140625 0.103125 0.815625 0.10468749999999999 0.89375 0.10468749999999999 0.89375 0.0125 0.8140625 0.0125 0.8140625 0.103125
1 0.2953125 0.546875 0.2953125 0.45625000000000004 0.2125 0.45625000000000004 0.2125 0.546875 0.2953125 0.546875
1 0.69375 0.5453125000000001 0.69375 0.45625000000000004 0.615625 0.45625000000000004 0.615625 0.5453125000000001 0.69375 0.5453125000000001
1 0.49375 0.3265625 0.49375 0.234375 0.4140625 0.234375 0.4140625 0.3265625 0.49375 0.3265625
1 0.69375 0.3265625 0.69375 0.234375 0.6140625 0.234375 0.6140625 0.3265625 0.69375 0.3265625
1 0.2125 0.32499999999999996 0.2140625 0.3265625 0.2953125 0.3265625 0.2953125 0.23281249999999998 0.2125 0.23281249999999998 0.2125 0.32499999999999996
1 0.2125 0.103125 0.2140625 0.10468749999999999 0.29375 0.10468749999999999 0.29375 0.0125 0.2125 0.0125 0.2125 0.103125
1 0.09375 0.546875 0.09375 0.45625000000000004 0.0125 0.45625000000000004 0.0125 0.546875 0.09375 0.546875
1 0.01026875 0.32095833333333335 0.01183125 0.3225208333333333 0.09308125 0.3225208333333333 0.09308125 0.23189583333333333 0.01026875 0.23189583333333333 0.01026875 0.32095833333333335
1 0.490625 0.5453125000000001 0.490625 0.45625000000000004 0.4140625 0.45625000000000004 0.4140625 0.5453125000000001 0.490625 0.5453125000000001
1 0.09375 0.103125 0.09375 0.0125 0.0125 0.0125 0.0125 0.103125 0.09375 0.103125
6 0.9890625 0.4140625 0.9890625 0.30937499999999996 0.909375 0.30937499999999996 0.909375 0.4140625 0.9890625 0.4140625
1 0.690625 0.1015625 0.690625 0.0109375 0.615625 0.0109375 0.615625 0.1015625 0.690625 0.1015625
1 0.49215625 0.012465277777777777 0.41246875000000005 0.012465277777777777 0.41246875000000005 0.10309027777777778 0.49215625 0.10309027777777778 0.49215625 0.012465277777777777