2 0.5109375 0.51875 0.5125 0.5203125 0.5921875 0.5203125 0.5921875 0.428125 0.5109375 0.428125 0.5109375 0.51875
6 0.434375 0.5296875000000001 0.434375 0.6343749999999999 0.515625 0.6343749999999999 0.515625 0.53125 0.509375 0.53125 0.5078125 0.5296875000000001 0.434375 0.5296875000000001
5 0.9984375 0.9930555555555556 0.9984375 0.5796874999999999 0.921875 0.5796874999999999 0.921875 0.9930555555555556 0.9984375 0.9930555555555556
5 0.421875 0.5609375000000001 0.13616250000000002 0.5654791666666666 0.13616250000000002 0.6076388888888888 0.22321249999999998 0.6076388888888888 0.225 0.659375 0.2265625 0.6609375 0.421875 0.6609375 0.421875 0.5609375000000001
5 0.6203125 0.11249999999999999 0.6203125 0.0015625 0.528125 0.0015625 0.528125 0.11249999999999999 0.6203125 0.11249999999999999
5 0.21875 0.9930555555555556 0.21875 0.6031249999999999 0.134375 0.6031249999999999 0.134375 0.9930555555555556 0.21875 0.9930555555555556
5 0.00625 0 0.00625 0.9930555555555556 0.1296875 0.9930555555555556 0.13169375 0.11904861111111112 0.53348125 0.11656944444444445 0.5379437499999999 0 0.00625 0
5 0.9140625 0.5987152777777778 0.8296875 0.5987152777777778 0.8296875 0.9930902777777777 0.9140625 0.9930902777777777 0.9140625 0.5987152777777778
5 0.22184374999999998 0.1597222222222222 0.13278125000000002 0.1597222222222222 0.13278125000000002 0.5625 0.22184374999999998 0.5625 0.22184374999999998 0.1597222222222222
5 0.13616250000000002 0.1661736111111111 0.22768125 0.1636875 0.22321249999999998 0.21825694444444443 0.7232125 0.21825694444444443 0.71875 0.12152777777777778 0.12946249999999998 0.12400694444444443 0.13616250000000002 0.1661736111111111
5 0.625 0.6597222222222222 0.8348187499999999 0.6572430555555555 0.83035625 0.6125972222222222 0.9151812500000001 0.6076388888888888 0.9174125 0.5580347222222222 0.62723125 0.5580347222222222 0.625 0.6597222222222222