0 0 0 0 0.9126736111111112 0.99553125 0.9126736111111112 0.99553125 0 0 0
2 0.50625 0.5203125 0.5078125 0.5218750000000001 0.59375 0.5218750000000001 0.59375 0.428125 0.50625 0.428125 0.50625 0.5203125
8 0.6859375 0.66875 0.6859375 0.5859375 0.6140625 0.5859375 0.6140625 0.66875 0.6859375 0.66875
5 0.103125 0.06875 0.103125 0.0234375 0.00625 0.0234375 0.00625 0.06875 0.103125 0.06875
5 0.99528125 0.8069444444444445 0.8042187500000001 0.8069444444444445 0.8042187500000001 0.9125000000000001 0.99528125 0.9125000000000001 0.99528125 0.8069444444444445
5 0.60265625 0.7044097222222222 0.49996875 0.7044097222222222 0.49996875 0.9176736111111112 0.60265625 0.9176736111111112 0.60265625 0.7044097222222222
5 0.4955625 0.7018749999999999 0.4018125 0.7018749999999999 0.4018125 0.9102083333333333 0.4955625 0.9102083333333333 0.4955625 0.7018749999999999
5 0.2879375 0.8135069444444444 0.1919375 0.8135069444444444 0.1919375 0.9102430555555555 0.2879375 0.9102430555555555 0.2879375 0.8135069444444444
5 0.6004437499999999 0.9226180555555555 0.8013375 0.9127013888888889 0.8035687499999999 0.8035694444444444 1 0.8085347222222222 0.9933062500000001 0.6894861111111111 0.6026812500000001 0.6994027777777778 0.6004437499999999 0.9226180555555555
5 0.39955625 0.9127013888888889 0.39955625 0.6969236111111111 0.20089375 0.7068472222222222 0.20089375 0.8060486111111111 0.29018125 0.7986111111111112 0.29464375 0.9027777777777778 0.39955625 0.9127013888888889
5 0.09598124999999999 0.8060486111111111 0.00625 0.8035694444444444 0.00625 0.9176597222222223 0.18526875 0.9127013888888889 0.19419375 0.11904861111111112 0.11606875000000001 0.047125 0.09598124999999999 0.8060486111111111
5 1 0.9201388888888888 0 0.9201388888888888 0 1 1 1 1 0.9201388888888888