5 0.334375 0.9930555555555556 0.334375 0.78125 0.2375 0.78125 0.2375 0.9930555555555556 0.334375 0.9930555555555556
6 0.6109375 0.4125 0.6125 0.41093749999999996 0.6140625 0.41093749999999996 0.6140625 0.30937499999999996 0.5375 0.30937499999999996 0.5375 0.4125 0.6109375 0.4125
6 0.5171875 0.859375 0.51875 0.8578125000000001 0.51875 0.85625 0.5203125 0.8546875 0.5203125 0.7546875 0.4296875 0.7546875 0.4296875 0.859375 0.5171875 0.859375
8 0.99375 0.9930555555555556 0.99375 0.890625 0.940625 0.890625 0.940625 0.9930555555555556 0.99375 0.9930555555555556
5 0.93370625 0.47353472222222215 0.93370625 0.3266597222222222 0.83995625 0.3266597222222222 0.83995625 0.47353472222222215 0.93370625 0.47353472222222215
5 0.34128125 0.47854166666666664 0.43971875000000005 0.47854166666666664 0.43971875000000005 0.33006944444444447 0.34128125 0.33006944444444447 0.34128125 0.47854166666666664
2 0.484375 0.5234375 0.4875 0.5203125 0.4875 0.44999999999999996 0.4890625 0.44843750000000004 0.4890625 0.4203125 0.4 0.4203125 0.4 0.5234375 0.484375 0.5234375
5 0.23215625 0.3323263888888889 0.40846875000000005 0.3323263888888889 0.40846875000000005 0.1165625 0.23215625 0.1165625 0.23215625 0.3323263888888889
5 0.41515625 0.3273611111111111 0.8615937499999999 0.3273611111111111 0.8615937499999999 0.11652777777777779 0.41515625 0.11652777777777779 0.41515625 0.3273611111111111
5 1 0.11406250000000001 0.859375 0.11406250000000001 0.859375 0.3323263888888889 1 0.3323263888888889 1 0.11406250000000001
5 0 0 0 0.9930555555555556 0.23214375 0.9930555555555556 0.23214375 0.11656944444444445 0.99375 0.11160416666666667 0.99375 0 0 0