5 0.00540625 0.37187499999999996 0.19871875 0.37187499999999996 0.19871875 0.221875 0.00540625 0.221875 0.00540625 0.37187499999999996
1 0.603125 0.00625 0.603125 0.14687499999999998 0.79375 0.14687499999999998 0.79375 0.00625 0.603125 0.00625
1 0.409375 0.1484375 0.5921875 0.1484375 0.5921875 0.0015625 0.4046875 0.0015625 0.4046875 0.1171875 0.40625 0.11875000000000001 0.40625 0.1453125 0.409375 0.1484375
5 0.7984375 0 0.7984375 0.9922222222222222 0.9984375 0.9922222222222222 0.9984375 0 0.7984375 0
5 0.40625 0.7749999999999999 0.79375 0.7749999999999999 0.79375 0.5640277777777778 0.40625 0.5640277777777778 0.40625 0.7749999999999999
5 0.00621875 0.7765972222222222 0.19215625 0.7765972222222222 0.19215625 0.5640972222222222 0.00621875 0.5640972222222222 0.00621875 0.7765972222222222
6 0.6046875 0.9671875000000001 0.6984375 0.9671875000000001 0.6984375 0.8640625 0.6046875 0.8640625 0.6046875 0.9671875000000001
2 0.50153125 0.5280902777777778 0.59571875 0.5280902777777778 0.59571875 0.4187152777777778 0.50153125 0.4187152777777778 0.50153125 0.5280902777777778
7 0.0109375 0.2890625 0.0890625 0.2890625 0.0890625 0.2109375 0.0109375 0.2109375 0.0109375 0.2890625
6 0.3046875 0.3046875 0.4015625 0.3046875 0.4015625 0.2000347222222222 0.3046875 0.2000347222222222 0.3046875 0.3046875
6 0.20309375 0.19378472222222223 0.30153125 0.19378472222222223 0.30153125 0.0921875 0.20309375 0.0921875 0.20309375 0.19378472222222223
5 0.00621875 0.10784722222222222 0.19215625 0.10784722222222222 0.19215625 0.0015972222222222223 0.00621875 0.0015972222222222223 0.00621875 0.10784722222222222
7 0.11090625000000001 0.2890625 0.19059375 0.2890625 0.19059375 0.2109375 0.11090625000000001 0.2109375 0.11090625000000001 0.2890625