10 0.7433125 0.6622222222222223 0.8370625 0.6622222222222223 0.8370625 0.5555555555555556 0.7433125 0.5555555555555556 0.7433125 0.6622222222222223
7 0.7265625 0.28593749999999996 0.7265625 0.2109375 0.6484375 0.2109375 0.6484375 0.28593749999999996 0.7265625 0.28593749999999996
5 0.4640625 0.4203125 0.465625 0.421875 0.46875 0.421875 0.4703125 0.4234375 0.4734375 0.4234375 0.475 0.42500000000000004 0.4765625 0.42500000000000004 0.484375 0.43281250000000004 0.484375 0.43437499999999996 0.4859375 0.4359375 0.4859375 0.4375 0.4875 0.4390625 0.490625 0.4390625 0.4921875 0.44062500000000004 0.6484375 0.44062500000000004 0.65 0.4390625 0.6515625 0.4390625 0.653125 0.44062500000000004 0.8359375 0.44062500000000004 0.8359375 0.22343749999999998 0.75625 0.22343749999999998 0.7546875 0.22499999999999998 0.7453125 0.22499999999999998 0.74375 0.2265625 0.7421875 0.2265625 0.7390625 0.22968750000000002 0.7390625 0.23124999999999998 0.7375 0.23281249999999998 0.7375 0.26093750000000004 0.7390625 0.26249999999999996 0.7390625 0.26875000000000004 0.7375 0.27031249999999996 0.7390625 0.271875 0.7390625 0.28593749999999996 0.7375 0.2875 0.7375 0.3296875 0.7359375 0.33125000000000004 0.7359375 0.33281249999999996 0.7328125 0.3359375 0.70625 0.3359375 0.7046875 0.334375 0.69375 0.334375 0.6921875 0.33281249999999996 0.659375 0.33281249999999996 0.6578125 0.33125000000000004 0.6359375 0.33125000000000004 0.634375 0.33281249999999996 0.5859375 0.33281249999999996 0.584375 0.334375 0.571875 0.334375 0.5703125 0.3359375 0.55625 0.3359375 0.5546875 0.3375 0.55 0.3375 0.5484375 0.3359375 0.5390625 0.3359375 0.5375 0.334375 0.5375 0.33281249999999996 0.5359375 0.33125000000000004 0.5359375 0.23750000000000002 0.534375 0.23593750000000002 0.534375 0.23124999999999998 0.5328125 0.22968750000000002 0.5328125 0.22812500000000002 0.53125 0.2265625 0.5296875 0.2265625 0.528125 0.22499999999999998 0.5078125 0.22499999999999998 0.50625 0.22343749999999998 0.4421875 0.22343749999999998 0.4421875 0.4125 0.44375 0.4140625 0.44375 0.415625 0.4453125 0.415625 0.446875 0.41718750000000004 0.453125 0.41718750000000004 0.4546875 0.41874999999999996 0.4609375 0.41874999999999996 0.4625 0.4203125 0.4640625 0.4203125
10 0.33925 0.550625 0.43525 0.550625 0.43525 0.4464583333333334 0.33925 0.4464583333333334 0.33925 0.550625
2 0.4953125 0.5234375 0.4953125 0.41874999999999996 0.4046875 0.41874999999999996 0.4046875 0.5234375 0.4953125 0.5234375
5 0.1328125 0.328125 0.1328125 0.22499999999999998 0.0421875 0.22499999999999998 0.0421875 0.328125 0.1328125 0.328125
5 0.234375 0.8843749999999999 0.234375 0.4453125 0.1390625 0.4453125 0.1390625 0.8843749999999999 0.234375 0.8843749999999999
5 0.334375 0.328125 0.334375 0.22499999999999998 0.2421875 0.22499999999999998 0.2421875 0.328125 0.334375 0.328125
5 0.946875 0.9930555555555556 0.946875 0.8890625000000001 0.8375 0.8890625000000001 0.8375 0.9930555555555556 0.946875 0.9930555555555556
5 0.0078125 0.0125 0.0078125 0.1078125 0.8375 0.1078125 0.8390625 0.10625000000000001 0.8390625 0.0125 0.0078125 0.0125
5 0.034375 0.8843749999999999 0.034375 0.66875 0.003125 0.66875 0.003125 0.8843749999999999 0.034375 0.8843749999999999
5 0.934375 0.4390625 0.934375 0.11249999999999999 0.9328125 0.1109375 0.9328125 0.109375 0.934375 0.1078125 0.934375 0.05 0.84375 0.05 0.84375 0.4390625 0.934375 0.4390625
5 0.0328125 0.55 0.0328125 0.44843750000000004 0.0015625 0.44843750000000004 0.0015625 0.55 0.0328125 0.55
10 0.2359375 0.9930555555555556 0.2359375 0.8921874999999999 0.1453125 0.8921874999999999 0.1453125 0.9930555555555556 0.2359375 0.9930555555555556
5 0.84598125 0 0.84375 0.047125 0.93526875 0.049604166666666664 0.93526875 0.10664583333333333 0.99375 0.1016875 0.99375 0 0.84598125 0
5 0.5379437499999999 0.6646805555555555 0.5379437499999999 0.8878958333333333 0.24106875 0.890375 0.234375 0.9930555555555556 0.6294625 0.9930555555555556 0.6339312500000001 0.7787708333333333 0.8348187499999999 0.7738125 0.8325875 0.6622013888888889 0.5379437499999999 0.6646805555555555
10 0.0401875 0.4365277777777778 0.1361875 0.4365277777777778 0.1361875 0.3323611111111111 0.0401875 0.3323611111111111 0.0401875 0.4365277777777778
10 0.0379375 0.5530902777777778 0.1339375 0.5530902777777778 0.1339375 0.43899305555555557 0.0379375 0.43899305555555557 0.0379375 0.5530902777777778
10 0.2410625 0.4340277777777778 0.3370625 0.4340277777777778 0.3370625 0.3323611111111111 0.2410625 0.3323611111111111 0.2410625 0.4340277777777778
10 0.73659375 0.5580208333333334 0.83928125 0.5580208333333334 0.83928125 0.4414236111111111 0.73659375 0.4414236111111111 0.73659375 0.5580208333333334
10 0.23659375 0.6671180555555556 0.33478125 0.6671180555555556 0.33478125 0.5580208333333334 0.23659375 0.5580208333333334 0.23659375 0.6671180555555556
10 0.33484375 0.7713541666666667 0.43303125 0.7713541666666667 0.43303125 0.6721180555555555 0.33484375 0.6721180555555555 0.33484375 0.7713541666666667
10 0.2433125 0.8879166666666667 0.3348125 0.8879166666666667 0.3348125 0.78125 0.2433125 0.78125 0.2433125 0.8879166666666667
10 0.638375 0.9995138888888889 0.732125 0.9995138888888889 0.732125 0.8928472222222221 0.638375 0.8928472222222221 0.638375 0.9995138888888889
10 0.03125 1 0.03125 0.8903819444444445 0 0.8903819444444445 0 1 0.03125 1