5 0.2859375 0.4453125 0.284375 0.44375 0.2765625 0.44375 0.275 0.4453125 0.2703125 0.4453125 0.26875 0.44375 0.2390625 0.44375 0.2375 0.4453125 0.209375 0.4453125 0.2078125 0.44687499999999997 0.2078125 0.44999999999999996 0.20625 0.45156250000000003 0.20625 0.45781249999999996 0.2046875 0.45937500000000003 0.2046875 0.48593749999999997 0.203125 0.48750000000000004 0.203125 0.5406249999999999 0.2046875 0.5421875 0.2046875 0.546875 0.20625 0.5484374999999999 0.2078125 0.5484374999999999 0.209375 0.55 0.2203125 0.55 0.221875 0.5515625 0.26875 0.5515625 0.2703125 0.5531250000000001 0.28125 0.5531250000000001 0.2828125 0.5515625 0.2859375 0.5515625 0.2875 0.5531250000000001 0.3125 0.5531250000000001 0.3140625 0.5546875 0.328125 0.5546875 0.3296875 0.5531250000000001 0.365625 0.5531250000000001 0.3671875 0.5546875 0.39375 0.5546875 0.3953125 0.5562499999999999 0.396875 0.5562499999999999 0.4 0.559375 0.4 0.5625 0.4015625 0.5640624999999999 0.4015625 0.6796875 0.403125 0.6812499999999999 0.403125 0.7546875 0.4046875 0.7562500000000001 0.4046875 0.765625 0.40625 0.7671874999999999 0.40625 0.76875 0.4078125 0.7703125 0.4078125 0.7718750000000001 0.409375 0.7718750000000001 0.4109375 0.7734375 0.5109375 0.7734375 0.5125 0.7749999999999999 0.5328125 0.7749999999999999 0.534375 0.7734375 0.5859375 0.7734375 0.5875 0.7749999999999999 0.59375 0.7749999999999999 0.6015625 0.7828124999999999 0.6015625 0.8359375 0.603125 0.8374999999999999 0.603125 0.8734375000000001 0.6046875 0.875 0.6046875 0.878125 0.60625 0.8796875 0.6078125 0.8796875 0.609375 0.8812500000000001 0.6140625 0.8812500000000001 0.615625 0.8828125 0.61875 0.8828125 0.6203125 0.8812500000000001 0.659375 0.8812500000000001 0.6609375 0.8828125 0.6625 0.8812500000000001 0.7796875 0.8812500000000001 0.78125 0.8796875 0.7921875 0.8796875 0.79375 0.878125 0.79375 0.8656250000000001 0.7953125 0.8640625 0.7953125 0.8374999999999999 0.796875 0.8359375 0.796875 0.7890625 0.7984375 0.7875000000000001 0.7984375 0.71875 0.8 0.7171875000000001 0.8 0.684375 0.7984375 0.6828125 0.7984375 0.6812499999999999 0.796875 0.6796875 0.796875 0.6781250000000001 0.7953125 0.6765625 0.7953125 0.671875 0.7921875 0.66875 0.721875 0.66875 0.7203125 0.6671875 0.6875 0.6671875 0.6859375 0.66875 0.6046875 0.66875 0.603125 0.6671875 0.53125 0.6671875 0.5296875 0.66875 0.528125 0.6671875 0.5109375 0.6671875 0.509375 0.6656249999999999 0.5078125 0.6656249999999999 0.50625 0.6640625 0.5046875 0.6640625 0.5 0.659375 0.5 0.6546875000000001 0.4984375 0.653125 0.4984375 0.6499999999999999 0.5 0.6484375 0.5 0.6453125 0.4984375 0.64375 0.4984375 0.6296875 0.496875 0.628125 0.496875 0.609375 0.4984375 0.6078125000000001 0.4984375 0.5718749999999999 0.496875 0.5703125 0.496875 0.5328124999999999 0.4984375 0.53125 0.4984375 0.5203125 0.4953125 0.5171874999999999 0.4953125 0.515625 0.49375 0.5140625000000001 0.49375 0.48906249999999996 0.4921875 0.48750000000000004 0.4921875 0.484375 0.4890625 0.48124999999999996 0.4890625 0.47968750000000004 0.4875 0.47812499999999997 0.4875 0.46875 0.4890625 0.46718750000000003 0.4890625 0.4609375 0.490625 0.45937500000000003 0.4890625 0.45781249999999996 0.4890625 0.45625000000000004 0.4875 0.45468749999999997 0.4875 0.453125 0.484375 0.44999999999999996 0.4703125 0.44999999999999996 0.46875 0.44843750000000004 0.4578125 0.44843750000000004 0.45625 0.44687499999999997 0.446875 0.44687499999999997 0.4453125 0.4453125 0.390625 0.4453125 0.3890625 0.44375 0.378125 0.44375 0.3765625 0.4453125 0.315625 0.4453125 0.3140625 0.44687499999999997 0.296875 0.44687499999999997 0.2953125 0.4453125 0.2859375 0.4453125
10 0.9953125 0.8812500000000001 0.9953125 0.7796875000000001 0.909375 0.7796875000000001 0.909375 0.8812500000000001 0.9953125 0.8812500000000001
5 0.496875 0.109375 0.4953125 0.109375 0.49375 0.1109375 0.490625 0.1109375 0.4890625 0.11249999999999999 0.3046875 0.11249999999999999 0.3 0.1078125 0.3 0.06718750000000001 0.2984375 0.06562499999999999 0.2984375 0.056249999999999994 0.296875 0.0546875 0.296875 0.0359375 0.2984375 0.034375 0.2984375 0.0078125 0.296875 0.00625 0.1984375 0.00625 0.1984375 0.21875 0.5796875 0.21875 0.58125 0.21718749999999998 0.59375 0.21718749999999998 0.59375 0.00625 0.503125 0.00625 0.5015625 0.0078125 0.503125 0.009375000000000001 0.503125 0.0234375 0.5015625 0.025 0.5015625 0.10468749999999999 0.496875 0.109375
2 0.5078125 0.515625 0.509375 0.5171874999999999 0.5875 0.5171874999999999 0.5875 0.42500000000000004 0.5078125 0.42500000000000004 0.5078125 0.515625
7 0.3890625 0.060937500000000006 0.3890625 0.0015625 0.3109375 0.0015625 0.3109375 0.060937500000000006 0.3890625 0.060937500000000006
5 0.1953125 0.8890625000000001 0.1953125 0.6671875 0.1046875 0.6671875 0.1046875 0.8890625000000001 0.1953125 0.8890625000000001
5 0.79375 0.10625000000000001 0.79375 0.0015625 0.7046875 0.0015625 0.7046875 0.10625000000000001 0.79375 0.10625000000000001
5 0.996875 0.10468749999999999 0.996875 0.0015625 0.9046875 0.0015625 0.9046875 0.10468749999999999 0.996875 0.10468749999999999
5 0.1953125 0.21875 0.1953125 0.0015625 0.103125 0.0015625 0.103125 0.21875 0.1953125 0.21875
5 0.19375 0.9930555555555556 0.19375 0.8968750000000001 0.00625 0.8968750000000001 0.00625 0.9930555555555556 0.19375 0.9930555555555556
10 0.8921875 0.7703125 0.8921875 0.6656249999999999 0.8015625 0.6656249999999999 0.8015625 0.7703125 0.8921875 0.7703125
10 0.7 0.5484374999999999 0.7 0.453125 0.6171875 0.453125 0.6171875 0.5484374999999999 0.7 0.5484374999999999
10 0.9 0.9930555555555556 0.9 0.8999999999999999 0.809375 0.8999999999999999 0.809375 0.9930555555555556 0.9 0.9930555555555556
5 0.89375 0.659375 0.89375 0.22343749999999998 0.803125 0.22343749999999998 0.803125 0.659375 0.89375 0.659375
10 0.796875 0.6640625 0.796875 0.565625 0.7078125 0.565625 0.7078125 0.6640625 0.796875 0.6640625
10 0.7890625 0.21250000000000002 0.7890625 0.1171875 0.6984375 0.1171875 0.6984375 0.21250000000000002 0.7890625 0.21250000000000002
10 0.490625 0.9930555555555556 0.490625 0.8875 0.40625 0.8875 0.40625 0.9930555555555556 0.490625 0.9930555555555556
10 0.3875 0.9930555555555556 0.3875 0.8984375 0.30625 0.8984375 0.30625 0.9930555555555556 0.3875 0.9930555555555556
10 0.9921875 0.2109375 0.9921875 0.11562499999999999 0.9 0.11562499999999999 0.9 0.2109375 0.9921875 0.2109375
10 0.7 0.9930555555555556 0.7 0.8984375 0.6109375 0.8984375 0.6109375 0.9930555555555556 0.7 0.9930555555555556
10 0.79375 0.44687499999999997 0.79375 0.34062499999999996 0.7078125 0.34062499999999996 0.7078125 0.44687499999999997 0.79375 0.44687499999999997
10 0.396875 0.778125 0.396875 0.6812499999999999 0.2984375 0.6812499999999999 0.2984375 0.778125 0.396875 0.778125
10 0.690625 0.321875 0.690625 0.221875 0.6078125 0.221875 0.6078125 0.321875 0.690625 0.321875
10 0.29684374999999996 0.22819444444444445 0.19640625 0.22819444444444445 0.19640625 0.3323611111111111 0.29684374999999996 0.3323611111111111 0.29684374999999996 0.22819444444444445
10 0.292375 0.33729166666666666 0.200875 0.33729166666666666 0.200875 0.44395833333333334 0.292375 0.44395833333333334 0.292375 0.33729166666666666
5 0.29240625 1 0.29240625 0.6770833333333334 0.20534375 0.6770833333333334 0.20534375 1 0.29240625 1
10 0.999125 0.22777777777777775 0.9022500000000001 0.22777777777777775 0.9022500000000001 0.3277777777777778 0.999125 0.3277777777777778 0.999125 0.22777777777777775