5 0.8984375 0.2109375 0.8984375 0.0015625 0.571875 0.0015625 0.571875 0.2109375 0.8984375 0.2109375
2 0.5109375 0.5171874999999999 0.5125 0.51875 0.5921875 0.51875 0.5921875 0.43281250000000004 0.5109375 0.43281250000000004 0.5109375 0.5171874999999999
5 0.7171875 0.9930555555555556 0.7171875 0.8937499999999999 0.3640625 0.8937499999999999 0.3640625 0.9930555555555556 0.7171875 0.9930555555555556
5 0.171875 0.21250000000000002 0.3421875 0.21250000000000002 0.34375 0.2109375 0.34375 0.12031249999999999 0.346875 0.1171875 0.3484375 0.1171875 0.35 0.11562499999999999 0.3515625 0.11562499999999999 0.353125 0.11406250000000001 0.3609375 0.11406250000000001 0.3625 0.11562499999999999 0.36875 0.11562499999999999 0.3703125 0.11406250000000001 0.378125 0.11406250000000001 0.3796875 0.11249999999999999 0.39375 0.11249999999999999 0.3953125 0.1109375 0.428125 0.1109375 0.4359375 0.11875000000000001 0.4359375 0.12031249999999999 0.4375 0.12187500000000001 0.4375 0.125 0.4359375 0.12656250000000002 0.4359375 0.1828125 0.4375 0.184375 0.4375 0.1921875 0.4359375 0.19374999999999998 0.4359375 0.203125 0.434375 0.20468750000000002 0.434375 0.2078125 0.4359375 0.20937499999999998 0.4359375 0.2109375 0.4375 0.21250000000000002 0.50625 0.21250000000000002 0.50625 0.003125 0.1671875 0.003125 0.1671875 0.20156249999999998 0.16875 0.203125 0.16875 0.2078125 0.1703125 0.20937499999999998 0.1703125 0.2109375 0.171875 0.21250000000000002
8 0.425 0.20937499999999998 0.425 0.12031249999999999 0.3546875 0.12031249999999999 0.3546875 0.20937499999999998 0.425 0.20937499999999998
6 0.340625 0.7453125 0.340625 0.64375 0.2609375 0.64375 0.2609375 0.7453125 0.340625 0.7453125
5 0.9453125 0.7890625 0.9453125 0.878125 0.946875 0.8796875 0.946875 0.8812500000000001 0.996875 0.8812500000000001 0.996875 0.7890625 0.9453125 0.7890625
5 0.3109375 0.9930555555555556 0.3109375 0.8921874999999999 0.00625 0.8921874999999999 0.00625 0.9930555555555556 0.3109375 0.9930555555555556
5 0.20625 0.7875000000000001 0.2046875 0.7859375 0.125 0.7859375 0.1234375 0.7875000000000001 0.1015625 0.7875000000000001 0.1 0.7859375 0.00625 0.7859375 0.00625 0.8796875 0.725 0.8796875 0.725 0.7859375 0.3203125 0.7859375 0.31875 0.7875000000000001 0.303125 0.7875000000000001 0.3015625 0.7859375 0.2828125 0.7859375 0.28125 0.7875000000000001 0.20625 0.7875000000000001
5 0.996875 0.9930555555555556 0.996875 0.8921874999999999 0.959375 0.8921874999999999 0.959375 0.9930555555555556 0.996875 0.9930555555555556
5 0.9703125 0 0.9703125 0.2140625 0.996875 0.2140625 0.996875 0 0.9703125 0