5 0.403125 0.7671874999999999 0.4046875 0.76875 0.596875 0.76875 0.596875 0.559375 0.403125 0.559375 0.403125 0.7671874999999999
5 0.7015625 0.4375 0.703125 0.4390625 0.8953125 0.4390625 0.8953125 0.22968750000000002 0.7015625 0.22968750000000002 0.7015625 0.4375
2 0.5078125 0.5218750000000001 0.509375 0.5234375 0.590625 0.5234375 0.590625 0.415625 0.50625 0.415625 0.50625 0.41874999999999996 0.5078125 0.4203125 0.5078125 0.515625 0.50625 0.5171874999999999 0.50625 0.5218750000000001 0.5078125 0.5218750000000001
5 0.2 0.9930555555555556 0.2 0.8890625000000001 0.0984375 0.8890625000000001 0.0984375 0.9930555555555556 0.2 0.9930555555555556
5 0.8 0.9930555555555556 0.8015625 0.9930555555555556 0.903125 0.9930555555555556 0.903125 0.8890625000000001 0.8 0.8890625000000001 0.8 0.9930555555555556
5 0.59375 0.33125000000000004 0.7015625 0.33125000000000004 0.7015625 0.22343749999999998 0.5921875 0.22343749999999998 0.5921875 0.23281249999999998 0.59375 0.234375 0.59375 0.2671875 0.5921875 0.26875000000000004 0.5921875 0.3296875 0.59375 0.33125000000000004
1 0.5921875 0.30781250000000004 0.5921875 0.23124999999999998 0.5078125 0.23124999999999998 0.5078125 0.30781250000000004 0.5921875 0.30781250000000004
5 0.196875 0.4375 0.196875 0.23124999999999998 0.10625 0.23124999999999998 0.10625 0.4375 0.196875 0.4375
6 0.6890625 0.7515624999999999 0.6890625 0.6468750000000001 0.6140625 0.6468750000000001 0.6140625 0.7515624999999999 0.6890625 0.7515624999999999
5 0.3421875 0.33281249999999996 0.409375 0.33281249999999996 0.4109375 0.33125000000000004 0.4171875 0.33125000000000004 0.4203125 0.328125 0.4203125 0.3265625 0.421875 0.32499999999999996 0.4234375 0.32499999999999996 0.4265625 0.321875 0.4265625 0.3203125 0.428125 0.31875 0.4296875 0.31875 0.43125 0.31718749999999996 0.4328125 0.31718749999999996 0.4359375 0.3140625 0.4375 0.3140625 0.4390625 0.3125 0.440625 0.3125 0.4421875 0.3109375 0.459375 0.3109375 0.4609375 0.3125 0.4625 0.3125 0.465625 0.31562500000000004 0.465625 0.31718749999999996 0.4671875 0.31718749999999996 0.4703125 0.3203125 0.4703125 0.321875 0.478125 0.3296875 0.4796875 0.3296875 0.48125 0.33125000000000004 0.4828125 0.33125000000000004 0.484375 0.33281249999999996 0.5046875 0.33281249999999996 0.5046875 0.221875 0.2015625 0.221875 0.2015625 0.328125 0.203125 0.3296875 0.20625 0.3296875 0.2078125 0.33125000000000004 0.340625 0.33125000000000004 0.3421875 0.33281249999999996
6 0.4953125 0.4140625 0.4953125 0.30625 0.4046875 0.30625 0.4046875 0.4140625 0.4953125 0.4140625
5 1 0.0074375 0.00625 0 0.00625 0.9930555555555556 0.09821250000000001 0.9930555555555556 0.1049125 0.22073611111111113 0.8950875 0.22569444444444445 0.9017875 0.9930555555555556 1 0.9930555555555556 1 0.0074375