5 0.7625 0.9930555555555556 0.7625 0.78125 0.665625 0.78125 0.665625 0.9930555555555556 0.7625 0.9930555555555556
6 0.3859375 0.30937499999999996 0.3859375 0.41093749999999996 0.3875 0.41093749999999996 0.3890625 0.4125 0.4625 0.4125 0.4625 0.30937499999999996 0.3859375 0.30937499999999996
6 0.5703125 0.7546875 0.4796875 0.7546875 0.4796875 0.8546875 0.48125 0.85625 0.48125 0.8578125000000001 0.4828125 0.859375 0.5703125 0.859375 0.5703125 0.7546875
8 0.059375 0.9930555555555556 0.059375 0.890625 0.00625 0.890625 0.00625 0.9930555555555556 0.059375 0.9930555555555556
5 0.16004374999999998 0.47353472222222215 0.16004374999999998 0.3266597222222222 0.06629375 0.3266597222222222 0.06629375 0.47353472222222215 0.16004374999999998 0.47353472222222215
5 0.65871875 0.33006944444444447 0.56028125 0.33006944444444447 0.56028125 0.47854166666666664 0.65871875 0.47854166666666664 0.65871875 0.33006944444444447
2 0.6 0.4203125 0.5109375 0.4203125 0.5109375 0.44843750000000004 0.5125 0.44999999999999996 0.5125 0.5203125 0.515625 0.5234375 0.6 0.5234375 0.6 0.4203125
5 0.76784375 0.1165625 0.59153125 0.1165625 0.59153125 0.3323263888888889 0.76784375 0.3323263888888889 0.76784375 0.1165625
5 0.58484375 0.11652777777777779 0.13840625 0.11652777777777779 0.13840625 0.3273611111111111 0.58484375 0.3273611111111111 0.58484375 0.11652777777777779
5 0 0.3323263888888889 0.140625 0.3323263888888889 0.140625 0.11406250000000001 0 0.11406250000000001 0 0.3323263888888889
5 0.00625 0 0.00625 0.11160416666666667 0.76785625 0.11656944444444445 0.76785625 0.9930555555555556 1 0.9930555555555556 1 0 0.00625 0