5 0.40848125 0.1264861111111111 0.40625 0.6894861111111111 0.8995562500000001 0.6994027777777778 0.8950875 0.5729166666666666 0.5066937499999999 0.5803541666666666 0.49106875 0.13640972222222222 0.40848125 0.1264861111111111
5 0.8921875 0.3453125 0.8921875 0.1328125 0.7046875 0.1328125 0.7046875 0.3453125 0.8921875 0.3453125
2 0.50625 0.4375 0.50625 0.5218750000000001 0.509375 0.5249999999999999 0.5953125 0.5249999999999999 0.5953125 0.41718750000000004 0.5046875 0.41718750000000004 0.5046875 0.41874999999999996 0.50625 0.4203125 0.50625 0.43125 0.5046875 0.43281250000000004 0.5046875 0.4359375 0.50625 0.4375
5 0.4953125 0.8999999999999999 0.4953125 0.796875 0.2984375 0.796875 0.2984375 0.8937499999999999 0.3 0.8953125000000001 0.3 0.8968750000000001 0.3015625 0.8968750000000001 0.3046875 0.8999999999999999 0.4953125 0.8999999999999999
5 0.3984375 0.12656250000000002 0.3984375 0.020312499999999997 0.1984375 0.020312499999999997 0.1984375 0.12656250000000002 0.3984375 0.12656250000000002
6 0.8953125 0.7609375 0.8953125 0.659375 0.803125 0.659375 0.803125 0.7609375 0.8953125 0.7609375
5 0.296875 0.6796875 0.296875 0.5734375 0.1 0.5734375 0.1 0.6796875 0.296875 0.6796875
6 0.9859375 0.428125 0.9859375 0.32499999999999996 0.909375 0.32499999999999996 0.909375 0.428125 0.9859375 0.428125
8 0.103125 0.3453125 0.103125 0.23124999999999998 0.00625 0.23124999999999998 0.00625 0.3453125 0.103125 0.3453125
5 0.09754375 0.7921875 0.09910624999999999 0.7906249999999999 0.10066875 0.7906249999999999 0.10223125 0.7921875 0.10223125 0.8 0.10379374999999999 0.8015625 0.10379374999999999 0.8031250000000001 0.10223125 0.8046875 0.10223125 0.8296874999999999 0.10066875 0.83125 0.10066875 0.840625 0.09910624999999999 0.8421875000000001 0.09910624999999999 0.8765624999999999 0.10066875 0.878125 0.10066875 0.8937499999999999 0.10691874999999999 0.8999999999999999 0.10848125 0.8999999999999999 0.11004375 0.9015624999999999 0.12254374999999999 0.9015624999999999 0.12410625 0.9031250000000001 0.12566875 0.9031250000000001 0.12723125 0.9015624999999999 0.13504375 0.9015624999999999 0.13660624999999998 0.9031250000000001 0.13816875 0.9031250000000001 0.13973125 0.9015624999999999 0.19598125 0.9015624999999999 0.19754375 0.9031250000000001 0.19910624999999998 0.9031250000000001 0.20223125 0.90625 0.20223125 0.9078124999999999 0.20379375 0.9093749999999999 0.20379375 0.9312499999999999 0.20223125 0.9328124999999999 0.20223125 0.9343750000000001 0.20379375 0.9359375000000001 0.20379375 0.9406249999999999 0.20223125 0.9421875000000001 0.20223125 0.9593750000000001 0.20066875 0.9609375 0.20066875 0.9671875000000001 0.19910624999999998 0.96875 0.19910624999999998 0.9796874999999999 0.20066875 0.9812500000000001 0.20066875 0.984375 0.20379375 0.9874999999999999 0.20379375 0.9906250000000001 0.20535625 0.9921875 0.20535625 0.9930555555555556 0.20691874999999998 0.9930555555555556 0.49776875 0.9930555555555556 0.4955375 0.9102152777777778 0.41785625 0.9046875000000001 0.41629375 0.9031250000000001 0.39285625 0.9031250000000001 0.39129375 0.9046875000000001 0.37723125 0.9046875000000001 0.37566875 0.90625 0.33973125 0.90625 0.33816875 0.9046875000000001 0.33660625 0.9046875000000001 0.33504375 0.90625 0.32098125 0.90625 0.31941875 0.9046875000000001 0.31316875 0.9046875000000001 0.31004375 0.9015624999999999 0.30848125 0.9015624999999999 0.30691875 0.8999999999999999 0.30691875 0.8984375 0.30379375 0.8953125000000001 0.30379375 0.8921874999999999 0.30223125 0.890625 0.30223125 0.85625 0.30066875 0.8546875 0.30066875 0.8078125 0.29910625 0.8062499999999999 0.29910625 0.8015625 0.29754375 0.8 0.29754375 0.796875 0.29441875 0.79375 0.29129375 0.79375 0.28973125 0.7921875 0.28191875 0.7921875 0.28035625 0.7906249999999999 0.26941875 0.7906249999999999 0.26785625 0.7890625 0.24910625 0.7890625 0.24754375 0.7906249999999999 0.24129375 0.7906249999999999 0.23973125 0.7890625 0.14754375 0.7890625 0.14598125 0.7906249999999999 0.10379374999999999 0.7906249999999999 0.10223125 0.7890625 0.10223125 0.6765625 0.10066875 0.675 0.10066875 0.5718749999999999 0.10223125 0.5703125 0.10223125 0.53125 0.10066875 0.5296875000000001 0.10066875 0.5062500000000001 0.09910624999999999 0.5046875 0.09910624999999999 0.5015624999999999 0.09754375 0.5 0.09754375 0.49531250000000004 0.09598124999999999 0.49374999999999997 0.09598124999999999 0.48750000000000004 0.09441875 0.48593749999999997 0.09441875 0.46562499999999996 0.09129374999999999 0.46249999999999997 0.08973125 0.46249999999999997 0.08816874999999999 0.4609375 0.08660625 0.4609375 0.08504375 0.45937500000000003 0.08191875 0.45937500000000003 0.08035624999999999 0.45781249999999996 0.00848125 0.45781249999999996 0.00848125 0.7921875 0.041293750000000004 0.7921875 0.04285625 0.79375 0.07098125 0.79375 0.07254374999999999 0.7921875 0.09754375 0.7921875
5 0.00625 0.9930555555555556 0.203125 0.9920625 0.203125 0.8953402777777778 0.10044375000000001 0.8978194444444445 0.10044375000000001 0.7961319444444445 0.0111625 0.7911736111111112 0.00625 0.9930555555555556