5 0.59825 0.12156249999999999 0.799125 0.12156249999999999 0.799125 0.007465277777777777 0.59825 0.007465277777777777 0.59825 0.12156249999999999
8 0.50225 0.12645833333333334 0.596 0.12645833333333334 0.596 0.004930555555555555 0.50225 0.004930555555555555 0.50225 0.12645833333333334
8 0.3080625 0.12399305555555556 0.3995625 0.12399305555555556 0.3995625 0.009895833333333333 0.3080625 0.009895833333333333 0.3080625 0.12399305555555556
5 0.3984375 0.12034722222222222 0.5015625 0.12034722222222222 0.5015625 0.014097222222222221 0.3984375 0.014097222222222221 0.3984375 0.12034722222222222
5 0.2015625 0.12190972222222222 0.3015625 0.12190972222222222 0.3015625 0.014062499999999999 0.2015625 0.014062499999999999 0.2015625 0.12190972222222222
5 0.79996875 0.2359722222222222 0.99840625 0.2359722222222222 0.99840625 0.017222222222222222 0.79996875 0.017222222222222222 0.79996875 0.2359722222222222
6 0.40625 0.33121527777777776 0.49375 0.33121527777777776 0.49375 0.2265625 0.40625 0.2265625 0.40625 0.33121527777777776
6 0.503125 0.6640625 0.596875 0.6640625 0.596875 0.5671875 0.503125 0.5671875 0.503125 0.6640625
2 0.50465625 0.5249999999999999 0.5937187500000001 0.5249999999999999 0.5937187500000001 0.4265277777777778 0.50465625 0.4265277777777778 0.50465625 0.5249999999999999
5 0.79840625 0.8968750000000001 0.99371875 0.8968750000000001 0.99371875 0.684375 0.79840625 0.684375 0.79840625 0.8968750000000001
5 0.1953125 0.9000347222222221 0.3984375 0.9000347222222221 0.3984375 0.6844097222222223 0.1953125 0.6844097222222223 0.1953125 0.9000347222222221
5 0.19866250000000002 0.004958333333333333 0.00625 0.0074375 0.00625 0.9930555555555556 1 0.9930555555555556 0.9955375 0.9027777777777778 0.19643125 0.9027777777777778 0.19866250000000002 0.004958333333333333
1 0.203125 0.5158680555555555 0.3125 0.5158680555555555 0.3125 0.35218750000000004 0.203125 0.35218750000000004 0.203125 0.5158680555555555
5 0.5937187500000001 0.34725694444444444 0.99553125 0.34725694444444444 0.99553125 0.24802083333333336 0.5937187500000001 0.24802083333333336 0.5937187500000001 0.34725694444444444
5 0.50225 0.3447222222222222 0.596 0.3447222222222222 0.596 0.24305555555555555 0.50225 0.24305555555555555 0.50225 0.3447222222222222
5 0.30803125 0.3472222222222222 0.39284375 0.3472222222222222 0.39284375 0.24055555555555555 0.30803125 0.24055555555555555 0.30803125 0.3472222222222222
5 0.19865625 0.33975694444444443 0.30359375 0.33975694444444443 0.30359375 0.24302083333333332 0.19865625 0.24302083333333332 0.19865625 0.33975694444444443