8 0.29015625 0.4538888888888889 0.5155937500000001 0.4538888888888889 0.5155937500000001 0.3298611111111111 0.29015625 0.3298611111111111 0.29015625 0.4538888888888889
2 0.4125 0.42500000000000004 0.4125 0.5218750000000001 0.4875 0.5218750000000001 0.490625 0.51875 0.490625 0.42500000000000004 0.4125 0.42500000000000004
6 0.190625 0.7453125 0.190625 0.6421874999999999 0.115625 0.6421874999999999 0.115625 0.7453125 0.190625 0.7453125
5 0.296875 0.8859375 0.296875 0.45156250000000003 0.2046875 0.45156250000000003 0.2046875 0.8859375 0.296875 0.8859375
5 0.09598124999999999 0.890375 0.10268124999999999 0.3372986111111111 0.0022312499999999997 0.3372986111111111 0.003125 0.9930555555555556 0.1953125 0.9930555555555556 0.1953125 0.8968750000000001 0.09598124999999999 0.890375
5 0.5984375 0.8843749999999999 0.5984375 0.44999999999999996 0.5015625 0.44999999999999996 0.5015625 0.8843749999999999 0.5984375 0.8843749999999999
5 0.70089375 0.3372986111111111 0.7098187499999999 0.8928541666666666 0.603125 0.8937499999999999 0.603125 0.9930555555555556 0.7953125 0.9930555555555556 0.8013375 0.33234027777777775 0.70089375 0.3372986111111111
5 0 0.328125 0.0046875 0.328125 0.00625 0.3296875 0.009375 0.3296875 0.0109375 0.33125000000000004 0.015625 0.33125000000000004 0.0171875 0.33281249999999996 0.01875 0.33281249999999996 0.0203125 0.334375 0.0296875 0.334375 0.03125 0.33281249999999996 0.065625 0.33281249999999996 0.0671875 0.33125000000000004 0.090625 0.33125000000000004 0.0921875 0.3296875 0.10625 0.3296875 0.1078125 0.33125000000000004 0.1125 0.33125000000000004 0.1140625 0.3296875 0.115625 0.33125000000000004 0.1203125 0.33125000000000004 0.121875 0.33281249999999996 0.1234375 0.33281249999999996 0.125 0.33125000000000004 0.190625 0.33125000000000004 0.1921875 0.3296875 0.3421875 0.3296875 0.34375 0.328125 0.421875 0.328125 0.4234375 0.3296875 0.5015625 0.3296875 0.503125 0.328125 0.5125 0.328125 0.5140625 0.3296875 0.6046875 0.3296875 0.60625 0.33125000000000004 0.6125 0.33125000000000004 0.6140625 0.33281249999999996 0.6171875 0.33281249999999996 0.61875 0.334375 0.665625 0.334375 0.6671875 0.33281249999999996 0.6796875 0.33281249999999996 0.68125 0.33125000000000004 0.6875 0.33125000000000004 0.6890625 0.3296875 0.715625 0.3296875 0.7171875 0.33125000000000004 0.7328125 0.33125000000000004 0.734375 0.33281249999999996 0.753125 0.33281249999999996 0.7546875 0.334375 0.7765625 0.334375 0.778125 0.33281249999999996 0.7828125 0.33281249999999996 0.784375 0.33125000000000004 0.7859375 0.33281249999999996 0.790625 0.33281249999999996 0.79375 0.3359375 0.79375 0.3375 0.7953125 0.33906250000000004 0.7953125 0.3421875 0.796875 0.34375 0.796875 0.3453125 0.7984375 0.34687500000000004 0.7984375 0.37812500000000004 0.796875 0.37968749999999996 0.796875 0.49531250000000004 0.7953125 0.49687499999999996 0.7953125 0.5453125000000001 0.796875 0.546875 0.796875 0.559375 0.7953125 0.5609375000000001 0.7953125 0.7234375 0.79375 0.7250000000000001 0.79375 0.7593749999999999 0.7953125 0.7609375 0.7953125 0.83125 0.79375 0.8328125 0.79375 0.8953125000000001 0.7953125 0.8968750000000001 0.7953125 0.9312499999999999 0.79375 0.9328124999999999 0.79375 0.9921875 0.7953125 0.9930555555555556 0.9796875 0.9930555555555556 0.9796875 0.009375000000000001 0 0.009375000000000001 0 0.328125
5 0.09690625 0.5469097222222222 0.19846875 0.5469097222222222 0.19846875 0.33906250000000004 0.09690625 0.33906250000000004 0.09690625 0.5469097222222222
5 0.6046875 0.5515972222222223 0.6984375 0.5515972222222223 0.6984375 0.3390972222222222 0.6046875 0.3390972222222222 0.6046875 0.5515972222222223
8 0.520125 1 0.520125 0.8904166666666666 0.2835 0.8904166666666666 0.2835 1 0.520125 1