6 0.640625 0.64375 0.640625 0.7484375000000001 0.7328125 0.7484375000000001 0.7328125 0.64375 0.640625 0.64375
5 0.99375 0.7828124999999999 0.8375 0.7828124999999999 0.8375 0.9930208333333334 0.99375 0.9930208333333334 0.99375 0.7828124999999999
5 0.4390625 0.7828124999999999 0.2390625 0.7828124999999999 0.2390625 0.9930208333333334 0.4390625 0.9930208333333334 0.4390625 0.7828124999999999
8 0.146875 0.8984375 0.003125 0.8984375 0.003125 0.9930902777777777 0.146875 0.9930902777777777 0.146875 0.8984375
5 0.1359375 0.34062499999999996 0.0390625 0.34062499999999996 0.0390625 0.415625 0.1359375 0.415625 0.1359375 0.34062499999999996
6 0.12503124999999998 0.4140625 0.04846875 0.4140625 0.04846875 0.5234375 0.12503124999999998 0.5234375 0.12503124999999998 0.4140625
5 0.13909375 0.1084375 0.00315625 0.1084375 0.00315625 0.21628472222222223 0.13909375 0.21628472222222223 0.13909375 0.1084375
5 0.2359375 0.10625000000000001 0.1390625 0.10625000000000001 0.1390625 0.4375 0.2359375 0.4375 0.2359375 0.10625000000000001
5 0.63753125 0.11246527777777778 0.42659375 0.11246527777777778 0.42659375 0.2218402777777778 0.63753125 0.2218402777777778 0.63753125 0.11246527777777778
5 0.83909375 0.10940972222222223 0.73753125 0.10940972222222223 0.73753125 0.22031250000000002 0.83909375 0.22031250000000002 0.83909375 0.10940972222222223
8 0.73659375 0.11409722222222222 0.63840625 0.11409722222222222 0.63840625 0.2157638888888889 0.73659375 0.2157638888888889 0.73659375 0.11409722222222222
8 0.9352499999999999 0.10913194444444445 0.8414999999999999 0.10913194444444445 0.8414999999999999 0.2232291666666667 0.9352499999999999 0.2232291666666667 0.9352499999999999 0.10913194444444445
5 0.99375 0.1109375 0.93125 0.1109375 0.93125 0.21878472222222223 0.99375 0.21878472222222223 0.99375 0.1109375
5 0.4125 0.11246527777777778 0.234375 0.11246527777777778 0.234375 0.33281249999999996 0.4125 0.33281249999999996 0.4125 0.11246527777777778
5 0.6390625 0.33906250000000004 0.2388125 0.33906250000000004 0.2388125 0.44843750000000004 0.6390625 0.44843750000000004 0.6390625 0.33906250000000004
2 0.49378124999999995 0.4275 0.41096875 0.4275 0.41096875 0.5275 0.49378124999999995 0.5275 0.49378124999999995 0.4275
5 0.73596875 0.3375347222222222 0.6406562499999999 0.3375347222222222 0.6406562499999999 0.44218749999999996 0.73596875 0.44218749999999996 0.73596875 0.3375347222222222
6 0.83128125 0.3118402777777778 0.74534375 0.3118402777777778 0.74534375 0.4149652777777778 0.83128125 0.4149652777777778 0.83128125 0.3118402777777778
5 0.9446249999999999 0.33652777777777776 0.840625 0.33652777777777776 0.840625 0.4365277777777778 0.9446249999999999 0.4365277777777778 0.9446249999999999 0.33652777777777776
1 0.9999687500000001 0.4340625 0.93303125 0.4340625 0.93303125 0.6126041666666667 0.9999687500000001 0.6126041666666667 0.9999687500000001 0.4340625
9 0.03571875 0.3323263888888889 0.00003125 0.3323263888888889 0.00003125 0.4439236111111111 0.03571875 0.4439236111111111 0.03571875 0.3323263888888889
5 1 0.00003472222222222222 0 0.00003472222222222222 0 0.10913194444444445 1 0.10913194444444445 1 0.00003472222222222222
5 1 0.33729166666666666 0.9375 0.33729166666666666 0.9375 0.43895833333333334 1 0.43895833333333334 1 0.33729166666666666