5 0.2234375 0.4359375 0.2234375 0.23281249999999998 0.03125 0.23281249999999998 0.03125 0.4390625 0.0328125 0.4375 0.0671875 0.4375 0.06875 0.4390625 0.09375 0.4390625 0.0953125 0.4375 0.103125 0.4375 0.1046875 0.4390625 0.2203125 0.4390625 0.2234375 0.4359375
5 0.5234375 0.7671874999999999 0.5234375 0.5578125 0.328125 0.5578125 0.328125 0.76875 0.5203125 0.76875 0.521875 0.7671874999999999 0.5234375 0.7671874999999999
5 0.728125 0.23281249999999998 0.728125 0.4390625 0.815625 0.4390625 0.81875 0.4359375 0.81875 0.23281249999999998 0.728125 0.23281249999999998
1 0.415625 0.30781250000000004 0.415625 0.22968750000000002 0.3328125 0.22968750000000002 0.3328125 0.30781250000000004 0.415625 0.30781250000000004
5 0.3171875 0.33125000000000004 0.31875 0.3296875 0.33125 0.3296875 0.3328125 0.328125 0.334375 0.328125 0.334375 0.22031250000000002 0.2234375 0.22031250000000002 0.2234375 0.33125000000000004 0.3171875 0.33125000000000004
5 0.725 0.328125 0.725 0.32343750000000004 0.7265625 0.321875 0.7265625 0.22031250000000002 0.4171875 0.22031250000000002 0.4171875 0.33125000000000004 0.721875 0.33125000000000004 0.725 0.328125
2 0.4953125 0.5234375 0.4953125 0.4234375 0.409375 0.4234375 0.409375 0.5234375 0.4953125 0.5234375
5 0.8265625 0.9930555555555556 0.8265625 0.8890625000000001 0.7265625 0.8890625000000001 0.7265625 0.9930555555555556 0.8265625 0.9930555555555556
5 0.1234375 0.9930555555555556 0.1234375 0.8890625000000001 0.0234375 0.8890625000000001 0.0234375 0.9930555555555556 0.1234375 0.9930555555555556
6 0.3171875 0.753125 0.3171875 0.7453125 0.31875 0.7437499999999999 0.31875 0.6468750000000001 0.234375 0.6468750000000001 0.234375 0.7546875 0.315625 0.7546875 0.3171875 0.753125
6 0.434375 0.859375 0.434375 0.7703125 0.3421875 0.7703125 0.3421875 0.859375 0.434375 0.859375
5 0.033481250000000004 0.22817361111111112 0.82589375 0.22321527777777778 0.8236625 0.9930555555555556 0.99375 0.9930555555555556 0.99375 0.0024791666666666664 0.0044624999999999995 0 0 0.9920625 0.02901875 0.9930555555555556 0.033481250000000004 0.22817361111111112