5 0.79375 0.7703125 0.79375 0.5625 0.6015625 0.5625 0.6015625 0.7703125 0.69375 0.7703125 0.6953125 0.76875 0.7046875 0.76875 0.70625 0.7703125 0.7265625 0.7703125 0.728125 0.76875 0.7484375 0.76875 0.75 0.7703125 0.79375 0.7703125
5 0.4453125 0.7703125 0.446875 0.76875 0.48125 0.76875 0.4828125 0.7703125 0.596875 0.7703125 0.596875 0.559375 0.40625 0.559375 0.40625 0.7703125 0.4453125 0.7703125
5 0.1296875 0.16249999999999998 0.13125 0.1640625 0.1359375 0.1640625 0.1375 0.16562500000000002 0.190625 0.16562500000000002 0.19375 0.16875 0.19375 0.11875000000000001 0.0015625 0.11875000000000001 0.0015625 0.21718749999999998 0.1015625 0.21718749999999998 0.1046875 0.2140625 0.1046875 0.17031249999999998 0.109375 0.16562500000000002 0.1125 0.16562500000000002 0.1140625 0.1640625 0.11875 0.1640625 0.1203125 0.16249999999999998 0.1296875 0.16249999999999998
5 0.2453125 0.9874999999999999 0.2578125 0.9874999999999999 0.259375 0.9859374999999999 0.2953125 0.9859374999999999 0.296875 0.984375 0.296875 0.7859375 0.1984375 0.7859375 0.1984375 0.9906250000000001 0.221875 0.9906250000000001 0.2234375 0.9890625000000001 0.225 0.9890625000000001 0.2265625 0.9874999999999999 0.23125 0.9874999999999999 0.234375 0.9906250000000001 0.24375 0.9906250000000001 0.24375 0.9890625000000001 0.2453125 0.9874999999999999
2 0.4765625 0.5171874999999999 0.478125 0.51875 0.4859375 0.51875 0.4875 0.5171874999999999 0.490625 0.5171874999999999 0.490625 0.42500000000000004 0.4109375 0.42500000000000004 0.4109375 0.5171874999999999 0.4765625 0.5171874999999999
5 0.7984375 0.17343750000000002 0.2046875 0.17343750000000002 0.2046875 0.3296875 0.4234375 0.3296875 0.425 0.33125000000000004 0.6046875 0.33125000000000004 0.60625 0.3296875 0.79375 0.3296875 0.7953125 0.328125 0.796875 0.328125 0.7984375 0.3265625 0.7984375 0.17343750000000002
6 0.59375 0.5234375 0.59375 0.428125 0.50625 0.428125 0.50625 0.5234375 0.59375 0.5234375
5 0.1921875 0.9930555555555556 0.1921875 0.1640625 0.10625 0.1640625 0.10625 0.9930555555555556 0.1921875 0.9930555555555556
5 0.9015625 0.21718749999999998 0.9129437499999999 0.1686527777777778 0.99375 0.16120833333333331 0.99375 0.12152777777777778 0.19419375 0.12400694444444443 0.19419375 0.1636875 0.8 0.16875 0.8 0.21718749999999998 0.9015625 0.21718749999999998
5 0.99375 0.9930555555555556 0.99375 0.15781250000000002 0.9078125 0.15781250000000002 0.9078125 0.9930555555555556 0.99375 0.9930555555555556
5 0.99375 0.11249999999999999 0.99375 0.0015625 0.003125 0.0015625 0.003125 0.11249999999999999 0.99375 0.11249999999999999