5 0.796875 0.4390625 0.50625 0.4390625 0.50625 0.5969097222222222 0.796875 0.5969097222222222 0.796875 0.4390625
7 0.5890625 0.4312847222222222 0.5109375 0.4312847222222222 0.5109375 0.5109375 0.5890625 0.5109375 0.5890625 0.4312847222222222
7 0.6890625 0.43125 0.6109375 0.43125 0.6109375 0.5125 0.6890625 0.5125 0.6890625 0.43125
7 0.78753125 0.4312847222222222 0.7109687499999999 0.4312847222222222 0.7109687499999999 0.5109375 0.78753125 0.5109375 0.78753125 0.4312847222222222
5 0.8906562499999999 0.11875000000000001 0.5078437499999999 0.11875000000000001 0.5078437499999999 0.33125000000000004 0.8906562499999999 0.33125000000000004 0.8906562499999999 0.11875000000000001
1 0.48909375 0.11253472222222222 0.30628125 0.11253472222222222 0.30628125 0.21718749999999998 0.48909375 0.21718749999999998 0.48909375 0.11253472222222222
1 0.29534375 0.221875 0.10628125 0.221875 0.10628125 0.3703472222222222 0.29534375 0.3703472222222222 0.29534375 0.221875
1 0 0.36875 0.096875 0.36875 0.096875 0.22972222222222222 0 0.22972222222222222 0 0.36875
5 0.2984375 0.11871527777777777 0.0015625 0.11871527777777777 0.0015625 0.2218402777777778 0.2984375 0.2218402777777778 0.2984375 0.11871527777777777
6 0.3953125 0.4202777777777778 0.3015625 0.4202777777777778 0.3015625 0.5265277777777777 0.3953125 0.5265277777777777 0.3953125 0.4202777777777778
2 0.49221875 0.41718750000000004 0.40628125 0.41718750000000004 0.40628125 0.5280902777777778 0.49221875 0.5280902777777778 0.49221875 0.41718750000000004
6 0.5000312499999999 0.3140625 0.39846875000000004 0.3140625 0.39846875000000004 0.4234375 0.5000312499999999 0.4234375 0.5000312499999999 0.3140625
12 0 0.9897222222222223 0.99375 0.9897222222222223 0.99375 0.6638888888888889 0 0.6638888888888889 0 0.9897222222222223
5 0.99333125 3.888888888888889e-7 0.00333125 0.0009236111111111112 0 0.11203472222222222 0.89833125 0.11018750000000001 0.90166875 0.6666666666666666 0.99375 0.6731458333333333 0.99333125 3.888888888888889e-7