5 0.4625 0.6421874999999999 0.4609375 0.64375 0.4578125 0.64375 0.45625 0.6453125 0.453125 0.6453125 0.453125 0.6468750000000001 0.4515625 0.6484375 0.45 0.6484375 0.4484375 0.6499999999999999 0.4453125 0.6499999999999999 0.44375 0.6515625 0.4421875 0.6515625 0.4390625 0.6546875000000001 0.4375 0.6546875000000001 0.4359375 0.65625 0.4328125 0.65625 0.43125 0.6578124999999999 0.4296875 0.6578124999999999 0.4265625 0.6609375 0.425 0.6609375 0.4234375 0.6625000000000001 0.41875 0.6625000000000001 0.4171875 0.6640625 0.415625 0.6640625 0.4125 0.6671875 0.4109375 0.6671875 0.4078125 0.6703125000000001 0.4078125 0.671875 0.40625 0.6734374999999999 0.40625 0.675 0.4046875 0.6765625 0.4046875 0.7796875000000001 0.40625 0.78125 0.40625 0.7828124999999999 0.409375 0.7859375 0.4171875 0.7859375 0.4265625 0.7953125000000001 0.4265625 0.8218749999999999 0.428125 0.8234375 0.428125 0.828125 0.43125 0.83125 0.43125 0.8328125 0.4328125 0.8343750000000001 0.4328125 0.8359375 0.434375 0.8374999999999999 0.490625 0.8374999999999999 0.4921875 0.8359375 0.646875 0.8359375 0.6484375 0.8374999999999999 0.65 0.8359375 0.6546875 0.8359375 0.65625 0.8374999999999999 0.715625 0.8374999999999999 0.7171875 0.8359375 0.721875 0.8359375 0.7234375 0.8343750000000001 0.725 0.8343750000000001 0.728125 0.83125 0.73125 0.83125 0.7328125 0.8296874999999999 0.7671875 0.8296874999999999 0.76875 0.83125 0.7734375 0.83125 0.7765625 0.8343750000000001 0.778125 0.8343750000000001 0.7796875 0.8359375 0.93125 0.8359375 0.9328125 0.8374999999999999 0.9625 0.8374999999999999 0.9640625 0.8359375 0.9671875 0.8359375 0.9671875 0.8328125 0.96875 0.83125 0.96875 0.8109375000000001 0.9703125 0.809375 0.9703125 0.796875 0.975 0.7921875 0.975 0.7906249999999999 0.978125 0.7875000000000001 0.9796875 0.7875000000000001 0.98125 0.7859375 0.9859375 0.7859375 0.9875 0.784375 0.9890625 0.784375 0.9921875 0.78125 0.9921875 0.6703125000000001 0.990625 0.66875 0.9859375 0.66875 0.9796875 0.6625000000000001 0.9734375 0.6625000000000001 0.9671875 0.65625 0.9609375 0.65625 0.9546875 0.6499999999999999 0.9515625 0.6499999999999999 0.95 0.6484375 0.9484375 0.6484375 0.9453125 0.6453125 0.94375 0.6453125 0.9421875 0.64375 0.9390625 0.64375 0.9375 0.6421874999999999 0.9359375 0.6421874999999999 0.9328125 0.6390625000000001 0.93125 0.6390625000000001 0.9296875 0.6375 0.9265625 0.6375 0.925 0.6359375 0.9234375 0.6359375 0.9203125 0.6328125 0.91875 0.6328125 0.9171875 0.6312500000000001 0.4796875 0.6312500000000001 0.4734375 0.6375 0.4703125 0.6375 0.46875 0.6390625000000001 0.4671875 0.6390625000000001 0.4640625 0.6421874999999999 0.4625 0.6421874999999999
5 0.00625 0.0015625 0.00625 0.1671875 0.0078125 0.16875 0.0078125 0.17031249999999998 0.165625 0.17031249999999998 0.165625 0.0015625 0.00625 0.0015625
5 0.39375 0.8359375 0.39375 0.7484375000000001 0.30625 0.7484375000000001 0.30625 0.8359375 0.39375 0.8359375
8 0.584375 0.1671875 0.584375 0.08124999999999999 0.5171875 0.08124999999999999 0.5171875 0.1671875 0.584375 0.1671875
5 0.375 0.9930555555555556 0.375 0.8500000000000001 0.00625 0.8500000000000001 0.00625 0.9437500000000001 0.00625 0.9453125 0.00625 0.953125 0.00625 0.9546874999999999 0.00625 0.9930555555555556 0.375 0.9930555555555556
1 0.2015625 0.840625 0.203125 0.8421875000000001 0.2953125 0.8421875000000001 0.2953125 0.7390625 0.2015625 0.7390625 0.2015625 0.840625
1 0.8 0.07343749999999999 0.8 0.171875 0.8015625 0.171875 0.803125 0.17343750000000002 0.8953125 0.17343750000000002 0.8953125 0.07343749999999999 0.8 0.07343749999999999
2 0.59375 0.5171874999999999 0.59375 0.43281250000000004 0.5046875 0.43281250000000004 0.5046875 0.5171874999999999 0.59375 0.5171874999999999
5 0.50625 0.16562500000000002 0.50625 0.0765625 0.509375 0.07343749999999999 0.56875 0.07343749999999999 0.5703125 0.071875 0.575 0.071875 0.5765625 0.0703125 0.5796875 0.0703125 0.58125 0.06875 0.584375 0.06875 0.5859375 0.06718750000000001 0.5875 0.06875 0.590625 0.06875 0.596875 0.07500000000000001 0.596875 0.0765625 0.5984375 0.078125 0.5984375 0.084375 0.596875 0.0859375 0.596875 0.09843750000000001 0.5953125 0.1 0.5953125 0.10625000000000001 0.596875 0.1078125 0.596875 0.109375 0.5953125 0.1109375 0.5953125 0.16562500000000002 0.596875 0.1671875 0.6046875 0.1671875 0.60625 0.16875 0.76875 0.16875 0.76875 0.004687500000000001 0.23125 0.004687500000000001 0.23125 0.1671875 0.2328125 0.16875 0.2578125 0.16875 0.259375 0.1671875 0.5046875 0.1671875 0.50625 0.16562500000000002
5 0.9953125 0.9930555555555556 0.9953125 0.8500000000000001 0.9 0.8500000000000001 0.9 0.9930555555555556 0.9953125 0.9930555555555556
5 0.496875 0.9930555555555556 0.496875 0.8515625 0.4015625 0.8515625 0.4015625 0.9930555555555556 0.496875 0.9930555555555556
6 0.7015625 0.9281250000000001 0.703125 0.9296875 0.7984375 0.9296875 0.7984375 0.828125 0.7015625 0.828125 0.7015625 0.9281250000000001
5 0.190625 0.75 0.00625 0.75 0.00625 0.8374999999999999 0.190625 0.8374999999999999 0.190625 0.75