5 0.4015625 0.3421875 0.2046875 0.3421875 0.2046875 0.4390625 0.4015625 0.4390625 0.4015625 0.3421875
5 0.203125 0.9930555555555556 0.203125 0.8937499999999999 0.00625 0.8937499999999999 0.00625 0.9930555555555556 0.203125 0.9930555555555556
5 0.5984375 0.6609375 0.5984375 0.5640624999999999 0.40625 0.5640624999999999 0.40625 0.6609375 0.5984375 0.6609375
2 0.5890625 0.5171874999999999 0.5890625 0.42656249999999996 0.5109375 0.42656249999999996 0.5109375 0.5171874999999999 0.5890625 0.5171874999999999
5 0.2953125 0.9930555555555556 0.2953125 0.7796875000000001 0.2046875 0.7796875000000001 0.2046875 0.9930555555555556 0.2953125 0.9930555555555556
8 0.196875 0.8875 0.196875 0.778125 0.00625 0.778125 0.00625 0.8875 0.196875 0.8875
6 0.296875 0.5203125 0.296875 0.421875 0.2015625 0.421875 0.2015625 0.5203125 0.296875 0.5203125
8 0.6984375 0.32499999999999996 0.6984375 0.22343749999999998 0.6 0.22343749999999998 0.6 0.32499999999999996 0.6984375 0.32499999999999996
5 0.90625 0 0.90625 0.5515625 0.996875 0.5515625 0.996875 0 0.90625 0
5 0.4953125 0.5640624999999999 0.4953125 0.0015625 0.40625 0.0015625 0.40625 0.5640624999999999 0.4953125 0.5640624999999999
5 0.39996875 0.0015625 0.30465624999999996 0.0015625 0.30465624999999996 0.2109375 0.39996875 0.2109375 0.39996875 0.0015625
5 0.19840625 0.3499652777777778 0.00621875 0.3499652777777778 0.00621875 0.42656249999999996 0.19840625 0.42656249999999996 0.19840625 0.3499652777777778
5 0.69371875 0.5609027777777778 0.60778125 0.5609027777777778 0.60778125 0.8968750000000001 0.69371875 0.8968750000000001 0.69371875 0.5609027777777778
5 1 0.9498958333333333 0.9039999999999999 0.9498958333333333 0.9039999999999999 0.9999652777777778 1 0.9999652777777778 1 0.9498958333333333
5 0.8995312500000001 1 0.8995312500000001 0.9449652777777777 0.80134375 0.9449652777777777 0.80134375 1 0.8995312500000001 1
5 1 0.890375 0.60714375 0.8978194444444445 0.6049125 0.9930555555555556 0.8080375 0.9920625 0.8035687499999999 0.9449375 1 0.9449375 1 0.890375