0 1 0.10416666666666667 0.8035937499999999 0.10416666666666667 0.8035937499999999 0.22819444444444445 1 0.22819444444444445 1 0.10416666666666667
5 0.99375 0.10625000000000001 0.99375 0.00625 0.80625 0.00625 0.80625 0.10625000000000001 0.99375 0.10625000000000001
0 0.29018125 0.109125 0.30356875 0.9930555555555556 0.59598125 0.9930555555555556 0.59598125 0.9300625 0.39731875 0.9325416666666667 0.40401875 0.4439513888888889 0.8995562500000001 0.4389861111111111 0.8973187499999999 0.3844236111111111 0.41964375 0.3794652777777778 0.39955625 0.23065277777777776 0.5982125 0.22569444444444445 0.59375 0.10664583333333333 0.29018125 0.109125
2 0.496875 0.5265625 0.496875 0.41874999999999996 0.4046875 0.41874999999999996 0.4046875 0.5265625 0.496875 0.5265625
0 0.796875 0.11406250000000001 0.796875 0.0015625 0.6 0.0015625 0.6 0.11406250000000001 0.796875 0.11406250000000001
0 0.6953125 0.7749999999999999 0.6953125 0.565625 0.4984375 0.565625 0.4984375 0.7749999999999999 0.6953125 0.7749999999999999
0 0.99375 0.9930555555555556 0.99375 0.5772569444444444 0.80625 0.5772569444444444 0.80625 0.9930555555555556 0.99375 0.9930555555555556
5 0.59375 0.09920833333333333 0.59598125 0.0074375 0.2015625 0.0015625 0.2015625 0.9930555555555556 0.2953125 0.9930555555555556 0.29464375 0.10664583333333333 0.59375 0.09920833333333333
5 0 0 0 1 0.205375 1 0.205375 0 0 0
6 0.8953125 0.7453125 0.8953125 0.6765625 0.80625 0.6765625 0.80625 0.7453125 0.8953125 0.7453125
6 0.6078125 0.1905902777777778 0.6921875 0.1905902777777778 0.6921875 0.08746527777777778 0.6078125 0.08746527777777778 0.6078125 0.1905902777777778
6 0.40784374999999995 0.303125 0.49378124999999995 0.303125 0.49378124999999995 0.19687500000000002 0.40784374999999995 0.19687500000000002 0.40784374999999995 0.303125