5 0.8795 0.34229166666666666 0.7835 0.34229166666666666 0.7835 0.44395833333333334 0.8795 0.44395833333333334 0.8795 0.34229166666666666
5 0.8772187499999999 0.10416666666666667 0.66740625 0.10416666666666667 0.66740625 0.22569444444444445 0.8772187499999999 0.22569444444444445 0.8772187499999999 0.10416666666666667
8 0.6609375 0.8937499999999999 0.6609375 0.9930555555555556 0.8921875 0.9930555555555556 0.8921875 0.8937499999999999 0.6609375 0.8937499999999999
5 0 0.9930555555555556 0.37723125 0.9930555555555556 0.3794625 0.109125 0.99375 0.10416666666666667 0.99375 0 0 0.0024791666666666664 0 0.9930555555555556
6 0.775 0.19690972222222222 0.678125 0.19690972222222222 0.678125 0.3062847222222222 0.775 0.3062847222222222 0.775 0.19690972222222222
6 0.4875 0.5562847222222222 0.409375 0.5562847222222222 0.409375 0.6609375 0.4875 0.6609375 0.4875 0.5562847222222222
5 0.57190625 0.7796875000000001 0.37346875 0.7796875000000001 0.37346875 0.9930902777777777 0.57190625 0.9930902777777777 0.57190625 0.7796875000000001
5 0.47096875000000005 0.11159722222222222 0.38165625 0.11159722222222222 0.38165625 0.44395833333333334 0.47096875000000005 0.44395833333333334 0.47096875000000005 0.11159722222222222
9 0.7812187500000001 0.33979166666666666 0.68078125 0.33979166666666666 0.68078125 0.4464583333333334 0.7812187500000001 0.4464583333333334 0.7812187500000001 0.33979166666666666
5 0.6785625 0.3447222222222222 0.47768750000000004 0.3447222222222222 0.47768750000000004 0.4463888888888889 0.6785625 0.4463888888888889 0.6785625 0.3447222222222222
5 0.66515625 0.11159722222222222 0.47321875 0.11159722222222222 0.47321875 0.33979166666666666 0.66515625 0.33979166666666666 0.66515625 0.11159722222222222
5 0.9731875000000001 0.0992013888888889 0.8794375000000001 0.0992013888888889 0.8794375000000001 0.43899305555555557 0.9731875000000001 0.43899305555555557 0.9731875000000001 0.0992013888888889
2 0.40625 0.4234375 0.40625 0.528125 0.490625 0.528125 0.490625 0.4234375 0.40625 0.4234375
6 0.8663125 0.4124652777777778 0.7881875 0.4124652777777778 0.7881875 0.5280902777777778 0.8663125 0.5280902777777778 0.8663125 0.4124652777777778
5 1 0.7703819444444444 0.9775 0.7703819444444444 0.9775 1 1 1 1 0.7703819444444444