5 1 0.5640624999999999 0.428125 0.5640624999999999 0.428125 0.9930555555555556 1 0.9930555555555556 1 0.5640624999999999
5 0.025 0.22812500000000002 0.025 0.44218749999999996 0.2265625 0.44218749999999996 0.2265625 0.22812500000000002 0.025 0.22812500000000002
5 0.3296875 0.5546875 0.3296875 0.9930555555555556 0.4265625 0.9930555555555556 0.4265625 0.5546875 0.3296875 0.5546875
5 0.428125 0.003125 0.428125 0.1078125 0.8203125 0.1078125 0.8203125 0.003125 0.428125 0.003125
5 0.825 0.0234375 0.825 0.1109375 0.921875 0.1109375 0.921875 0.0234375 0.825 0.0234375
5 0.371875 0.1109375 0.3734375 0.11249999999999999 0.4203125 0.11249999999999999 0.421875 0.1109375 0.4234375 0.1109375 0.4234375 0.0171875 0.3296875 0.0171875 0.3296875 0.11249999999999999 0.3578125 0.11249999999999999 0.359375 0.1109375 0.371875 0.1109375
1 0 0.7675694444444444 0.026625 0.7675694444444444 0.026625 0.6592361111111111 0 0.6592361111111111 0 0.7675694444444444
0 0.32999999999999996 0.10905555555555556 0.32666875 0 0.225 0.0009236111111111112 0.22666875000000003 0.32963194444444444 1 0.33313194444444444 0.9991687499999999 0 0.9258312500000001 0.0016458333333333333 0.9324999999999999 0.10627777777777778 0.32999999999999996 0.10905555555555556
0 0 0.33222222222222225 0.027500000000000004 0.33222222222222225 0.027500000000000004 0.0044444444444444444 0 0.0044444444444444444 0 0.33222222222222225
6 0.134375 0.5219097222222222 0.2125 0.5219097222222222 0.2125 0.4203125 0.134375 0.4203125 0.134375 0.5219097222222222
2 0.50934375 0.5234027777777778 0.59215625 0.5234027777777778 0.59215625 0.428125 0.50934375 0.428125 0.50934375 0.5234027777777778