0 0.9991687499999999 1 0.9991687499999999 0.7272569444444444 0.7507312500000001 0.7272569444444444 0.7507312500000001 1 0.9991687499999999 1
4 1 0.66875 0.6983312500000001 0.6666666666666666 0.70083125 0.9930555555555556 0.74833125 0.9930555555555556 0.74916875 0.7231458333333333 1 0.7234375 1 0.66875
6 0.3091875 0.7555555555555555 0.3916875 0.7555555555555555 0.3916875 0.6333333333333333 0.3091875 0.6333333333333333 0.3091875 0.7555555555555555
5 0.33416875 0.6398125 0.36916875 0.6398125 0.39249999999999996 0.6592569444444445 0.4925 0.6583333333333333 0.49583125 0.5666666666666667 0.20083125000000002 0.5666666666666667 0.20166875 0.6611111111111111 0.32166875 0.6629652777777778 0.33416875 0.6398125
5 0.0008125000000000001 0.6648263888888889 0.0983125 0.6648263888888889 0.0983125 0.5667013888888889 0.0008125000000000001 0.5667013888888889 0.0008125000000000001 0.6648263888888889
1 0.0975 0.6666666666666666 0.1975 0.6666666666666666 0.1975 0.5555555555555556 0.0975 0.5555555555555556 0.0975 0.6666666666666666
8 0.21418750000000003 0.43701388888888887 0.2866875 0.43701388888888887 0.2866875 0.33979166666666666 0.21418750000000003 0.33979166666666666 0.21418750000000003 0.43701388888888887
5 0 0.4379652777777778 0.19375 0.4379652777777778 0.19458124999999998 0.32963194444444444 0.27791875 0.3398125 0.29291875 0.3324097222222222 0.29375 0.4379652777777778 0.46041875 0.4351875 0.46375 0.28055555555555556 0.48708125 0.2629652777777778 0.49041875 0.05555555555555555 0.39958125 0.0018541666666666667 0 0.004631944444444445 0 0.4379652777777778
8 0.21334375 0.4398263888888889 0.28415625 0.4398263888888889 0.28415625 0.33892361111111113 0.21334375 0.33892361111111113 0.21334375 0.4398263888888889
5 0.80165625 0.21760416666666668 0.9983437500000001 0.21760416666666668 0.9983437500000001 0.11392361111111111 0.80165625 0.11392361111111111 0.80165625 0.21760416666666668
1 0.6983125 0.2221875 0.7983125 0.2221875 0.7983125 0.11017361111111111 0.6983125 0.11017361111111111 0.6983125 0.2221875
2 0.5041562500000001 0.5305555555555556 0.5949687499999999 0.5305555555555556 0.5949687499999999 0.41111111111111115 0.5041562500000001 0.41111111111111115 0.5041562500000001 0.5305555555555556