5 0.7046875 0.659375 0.9 0.659375 0.9015625 0.6578124999999999 0.9015625 0.5640624999999999 0.7046875 0.5640624999999999 0.7046875 0.659375
6 0.490625 0.7437499999999999 0.490625 0.6453125 0.409375 0.6453125 0.409375 0.7437499999999999 0.490625 0.7437499999999999
2 0.5046875 0.42500000000000004 0.5046875 0.5171874999999999 0.5078125 0.5203125 0.59375 0.5203125 0.5953125 0.51875 0.5953125 0.42500000000000004 0.5046875 0.42500000000000004
6 0.790625 0.7453125 0.790625 0.64375 0.709375 0.64375 0.709375 0.7453125 0.790625 0.7453125
5 0.2 0.4359375 0.29375 0.4359375 0.2953125 0.4375 0.2953125 0.2265625 0.2 0.2265625 0.2 0.4359375
5 0.4984375 0.6578124999999999 0.4984375 0.5625 0.196875 0.5625 0.196875 0.6578124999999999 0.4984375 0.6578124999999999
5 0.90625 0.4375 0.90625 0.0015625 0.8046875 0.0015625 0.8046875 0.4375 0.90625 0.4375
5 0.19215625 0.0022222222222222222 0.10621875 0.0022222222222222222 0.10621875 0.9905555555555554 0.19215625 0.9905555555555554 0.19215625 0.0022222222222222222
5 0.111625 1 0.111625 0.0025 0.00625 0.0025 0.00625 1 0.111625 1
5 0.9984375 0.0015625 0.9078125 0.0015625 0.9078125 0.7953819444444444 0.9984375 0.7953819444444444 0.9984375 0.0015625
5 0.9984375 0.7906597222222222 0.9046875 0.7906597222222222 0.9046875 0.8812847222222222 0.9984375 0.8812847222222222 0.9984375 0.7906597222222222