5 0.29375 0.265625 0.29375 0.41093749999999996 0.2921875 0.4125 0.2921875 0.42500000000000004 0.29375 0.42656249999999996 0.29375 0.43437499999999996 0.2953125 0.4359375 0.3171875 0.4359375 0.31875 0.4375 0.325 0.4375 0.3265625 0.4359375 0.328125 0.4359375 0.3296875 0.4375 0.3546875 0.4375 0.35625 0.4390625 0.365625 0.4390625 0.3671875 0.4375 0.3671875 0.4359375 0.36875 0.43437499999999996 0.36875 0.3828125 0.3703125 0.38125 0.3703125 0.3609375 0.371875 0.359375 0.371875 0.3578125 0.3703125 0.35624999999999996 0.3703125 0.34375 0.371875 0.3421875 0.371875 0.34062499999999996 0.3765625 0.3359375 0.446875 0.3359375 0.45 0.33906250000000004 0.45 0.3421875 0.4515625 0.34375 0.4515625 0.359375 0.453125 0.3609375 0.453125 0.3765625 0.4546875 0.37812500000000004 0.4546875 0.38749999999999996 0.45625 0.3890625 0.45625 0.415625 0.4578125 0.41718750000000004 0.4578125 0.41874999999999996 0.4671875 0.428125 0.46875 0.428125 0.4703125 0.4296875 0.4734375 0.4296875 0.4796875 0.4359375 0.48125 0.4359375 0.484375 0.4390625 0.4859375 0.4390625 0.4875 0.44062500000000004 0.5453125 0.44062500000000004 0.546875 0.4390625 0.55 0.4390625 0.5515625 0.4375 0.565625 0.4375 0.5671875 0.4359375 0.6265625 0.4359375 0.6296875 0.43281250000000004 0.6296875 0.4234375 0.63125 0.421875 0.63125 0.36875 0.6296875 0.3671875 0.6296875 0.3609375 0.63125 0.359375 0.63125 0.3421875 0.6296875 0.34062499999999996 0.6296875 0.33906250000000004 0.63125 0.3375 0.63125 0.33281249999999996 0.6296875 0.33125000000000004 0.6296875 0.3125 0.63125 0.3109375 0.63125 0.25468749999999996 0.6328125 0.25312500000000004 0.6328125 0.24375000000000002 0.634375 0.2421875 0.634375 0.23124999999999998 0.6359375 0.22968750000000002 0.6359375 0.22343749999999998 0.6375 0.221875 0.6375 0.21875 0.640625 0.215625 0.640625 0.004687500000000001 0.2859375 0.004687500000000001 0.2859375 0.22343749999999998 0.2875 0.22499999999999998 0.2875 0.22812500000000002 0.2890625 0.22968750000000002 0.2890625 0.23281249999999998 0.290625 0.234375 0.290625 0.24375000000000002 0.2921875 0.24531250000000002 0.2921875 0.2640625 0.29375 0.265625
4 0.2609375 0.9930555555555556 0.2609375 0.8937499999999999 0.1625 0.8937499999999999 0.1625 0.9930555555555556 0.2609375 0.9930555555555556
2 0.4890625 0.51875 0.4890625 0.428125 0.40625 0.428125 0.40625 0.5218750000000001 0.4875 0.5218750000000001 0.4875 0.5203125 0.4890625 0.51875
4 0.1625 0.7749999999999999 0.1859375 0.7749999999999999 0.1875 0.7734375 0.2453125 0.7734375 0.246875 0.7749999999999999 0.2484375 0.7734375 0.2609375 0.7734375 0.2609375 0.6734374999999999 0.1625 0.6734374999999999 0.1625 0.7749999999999999
4 0.1625 0.44999999999999996 0.1625 0.5546875 0.259375 0.5546875 0.2609375 0.5531250000000001 0.2609375 0.44999999999999996 0.1625 0.44999999999999996
5 0.1546875 0.5609375000000001 0.1546875 0.559375 0.065625 0.559375 0.065625 0.6625000000000001 0.1546875 0.6625000000000001 0.1546875 0.6609375 0.15625 0.659375 0.15625 0.65625 0.1546875 0.6546875000000001 0.1546875 0.5703125 0.15625 0.5687500000000001 0.15625 0.5625 0.1546875 0.5609375000000001
5 0.065625 0.78125 0.065625 0.8859375 0.153125 0.8859375 0.1546875 0.8843749999999999 0.1546875 0.78125 0.065625 0.78125
8 0.4140625 0.4359375 0.4265625 0.4359375 0.428125 0.43437499999999996 0.4296875 0.43437499999999996 0.434375 0.4296875 0.440625 0.4296875 0.44375 0.42656249999999996 0.44375 0.41718750000000004 0.4421875 0.415625 0.4421875 0.36875 0.44375 0.3671875 0.44375 0.3421875 0.3796875 0.3421875 0.3796875 0.4375 0.38125 0.4359375 0.3875 0.4359375 0.3890625 0.4375 0.390625 0.4375 0.3921875 0.4359375 0.403125 0.4359375 0.4046875 0.4375 0.4125 0.4375 0.4140625 0.4359375
1 0.0578125 0.44218749999999996 0.0578125 0.334375 0.0015625 0.334375 0.0015625 0.44218749999999996 0.0578125 0.44218749999999996
5 0.065625 0.44062500000000004 0.1546875 0.44062500000000004 0.15625 0.4390625 0.15625 0.43125 0.1546875 0.4296875 0.1546875 0.3671875 0.15625 0.365625 0.15625 0.3359375 0.065625 0.3359375 0.065625 0.44062500000000004
4 0.23125 0.3296875 0.25625 0.3296875 0.2578125 0.328125 0.2578125 0.22812500000000002 0.1625 0.22812500000000002 0.1625 0.33125000000000004 0.2296875 0.33125000000000004 0.23125 0.3296875
8 0.1515625 0.22031250000000002 0.1515625 0.12187500000000001 0.0734375 0.12187500000000001 0.0734375 0.22031250000000002 0.1515625 0.22031250000000002
5 0.8625 0.9930555555555556 0.8625 0.0015625 0.765625 0.0015625 0.765625 0.9930555555555556 0.8625 0.9930555555555556
5 0 0 0 0.20833333333333334 0.07589375000000001 0.20833333333333334 0.07589375000000001 0.10664583333333333 0.14731875 0.11656944444444445 0.15625 0.22321527777777778 0.26339375 0.22073611111111113 0.26339375 0 0 0
0 1 0.0025 0.9129687499999999 0.0025 0.9129687499999999 1 1 1 1 0.0025
4 0.863875 0 0.863875 1 0.9085000000000001 1 0.9085000000000001 0 0.863875 0