8 0.496875 0.8859375 0.4984375 0.8875 0.6171875 0.8875 0.6171875 0.7875000000000001 0.615625 0.7859375 0.6140625 0.7859375 0.6125 0.784375 0.3828125 0.784375 0.3828125 0.8875 0.4671875 0.8875 0.46875 0.8859375 0.496875 0.8859375
5 0.103125 0.056249999999999994 0.3 0.056249999999999994 0.3 0.0015277777777777779 0.103125 0.0015277777777777779 0.103125 0.056249999999999994
5 0.1046875 0.221875 0.2921875 0.221875 0.2921875 0.059375000000000004 0.1046875 0.059375000000000004 0.1046875 0.221875
5 0.70153125 0.056249999999999994 0.89684375 0.056249999999999994 0.89684375 0.004722222222222222 0.70153125 0.004722222222222222 0.70153125 0.056249999999999994
5 0.7031562499999999 0.2182638888888889 0.8973437499999999 0.2182638888888889 0.8973437499999999 0.059513888888888894 0.7031562499999999 0.059513888888888894 0.7031562499999999 0.2182638888888889
5 0.30359375 0.22572916666666668 0.69865625 0.22572916666666668 0.69865625 0.004965277777777778 0.30359375 0.004965277777777778 0.30359375 0.22572916666666668
5 0.10778125000000001 0.5539930555555556 0.49371875000000004 0.5539930555555556 0.49371875000000004 0.3368402777777778 0.10778125000000001 0.3368402777777778 0.10778125000000001 0.5539930555555556
5 0.00625 0 0.00625 0.9930555555555556 0.99776875 0.9930555555555556 1 0.004958333333333333 0.90401875 0 0.8973187499999999 0.8878958333333333 0.09821250000000001 0.890375 0.10714375000000001 0 0.00625 0
6 0.50465625 0.4203125 0.59684375 0.4203125 0.59684375 0.3062152777777778 0.50465625 0.3062152777777778 0.50465625 0.4203125
2 0.509375 0.5265625 0.590625 0.5265625 0.590625 0.4187152777777778 0.509375 0.4187152777777778 0.509375 0.5265625
6 0.303125 0.6390625000000001 0.396875 0.6390625000000001 0.396875 0.5296875000000001 0.303125 0.5296875000000001 0.303125 0.6390625000000001
6 0.809375 0.6375 0.8875 0.6375 0.8875 0.5249999999999999 0.809375 0.5249999999999999 0.809375 0.6375
1 0.70534375 0.6671875 0.79240625 0.6671875 0.79240625 0.5555902777777777 0.70534375 0.5555902777777777 0.70534375 0.6671875
5 0.7031562499999999 0.5034375 0.8973437499999999 0.5034375 0.8973437499999999 0.33975694444444443 0.7031562499999999 0.33975694444444443 0.7031562499999999 0.5034375
5 0.70534375 0.5629513888888888 0.79240625 0.5629513888888888 0.79240625 0.5059375 0.70534375 0.5059375 0.70534375 0.5629513888888888
5 0.6941875 0.7688194444444444 0.7901875 0.7688194444444444 0.7901875 0.6671527777777777 0.6941875 0.6671527777777777 0.6941875 0.7688194444444444
5 0.79909375 0.7688541666666667 0.8995312500000001 0.7688541666666667 0.8995312500000001 0.6771180555555555 0.79909375 0.6771180555555555 0.79909375 0.7688541666666667