5 0.6921875 0.8531249999999999 0.6953125 0.8500000000000001 0.696875 0.8500000000000001 0.696875 0.640625 0.5015625 0.640625 0.5015625 0.8515625 0.503125 0.8515625 0.5046875 0.8531249999999999 0.6921875 0.8531249999999999
5 0 0 0 0.9930555555555556 0.1975 0.9930555555555556 0.1984375 0.796875 0.2 0.7953125000000001 0.2 0.5734375 0.1984375 0.5718749999999999 0.1984375 0.5687500000000001 0.2 0.5671875 0.2 0.5328124999999999 0.2015625 0.53125 0.2015625 0.5249999999999999 0.203125 0.5234375 0.203125 0.5140625000000001 0.2046875 0.5125 0.2046875 0.3125 0.209375 0.30781250000000004 0.215625 0.30781250000000004 0.2171875 0.30625 0.2734375 0.30625 0.275 0.30781250000000004 0.296875 0.30781250000000004 0.2984375 0.30625 0.3125 0.30625 0.3140625 0.30781250000000004 0.3359375 0.30781250000000004 0.3375 0.30937499999999996 0.3734375 0.30937499999999996 0.375 0.3109375 0.378125 0.3109375 0.3796875 0.30937499999999996 0.3828125 0.30937499999999996 0.384375 0.30781250000000004 0.3859375 0.30781250000000004 0.3890625 0.3046875 0.8421875 0.3046875 0.84375 0.303125 0.8765625 0.303125 0.878125 0.3046875 0.965625 0.3046875 0.9671875 0.30625 0.99375 0.30625 0.99375 0 0 0
5 0.39846875000000004 0.3109027777777778 0.20628125000000003 0.3109027777777778 0.20628125000000003 0.5218750000000001 0.39846875000000004 0.5218750000000001 0.39846875000000004 0.3109027777777778
2 0.496875 0.4155902777777778 0.40625 0.4155902777777778 0.40625 0.5296875000000001 0.496875 0.5296875000000001 0.496875 0.4155902777777778
5 0.89378125 0.3046875 0.59534375 0.3046875 0.59534375 0.4155902777777778 0.89378125 0.4155902777777778 0.89378125 0.3046875
5 0.99375 0.30940972222222224 0.9 0.30940972222222224 0.9 0.5250347222222222 0.99375 0.5250347222222222 0.99375 0.30940972222222224
1 0.5921875 0.3109722222222222 0.5078125 0.3109722222222222 0.5078125 0.3922222222222222 0.5921875 0.3922222222222222 0.5921875 0.3109722222222222
1 0.6 0.6374652777777778 0.503125 0.6374652777777778 0.503125 0.7203124999999999 0.6 0.7203124999999999 0.6 0.6374652777777778
6 0.490625 0.6249652777777778 0.409375 0.6249652777777778 0.409375 0.7328125000000001 0.490625 0.7328125000000001 0.490625 0.6249652777777778
5 0.29846875 0.96875 0.20003125000000002 0.96875 0.20003125000000002 0.9930555555555556 0.29846875 0.9930555555555556 0.29846875 0.96875
5 0.99375 0.9656597222222223 0.896875 0.9656597222222223 0.896875 0.9930902777777777 0.99375 0.9930902777777777 0.99375 0.9656597222222223
5 0.5075000000000001 0.3073958333333333 0.3975 0.3073958333333333 0.3975 0.4166319444444444 0.5075000000000001 0.4166319444444444 0.5075000000000001 0.3073958333333333