5 0.29684374999999996 0.14631944444444445 0.49328125 0.14631944444444445 0.49328125 0.04465277777777778 0.29684374999999996 0.04465277777777778 0.29684374999999996 0.14631944444444445
5 0.29690625000000004 0.37447916666666664 0.39509375 0.37447916666666664 0.39509375 0.2628819444444444 0.29690625000000004 0.2628819444444444 0.29690625000000004 0.37447916666666664
5 0.00621875 0.9249999999999999 0.19840625 0.9249999999999999 0.19840625 0.7124999999999999 0.00621875 0.7124999999999999 0.00621875 0.9249999999999999
6 0.6874687500000001 0.5937847222222222 0.76403125 0.5937847222222222 0.76403125 0.48593749999999997 0.6874687500000001 0.48593749999999997 0.6874687500000001 0.5937847222222222
6 0.315625 0.44218749999999996 0.3875 0.44218749999999996 0.3875 0.33906250000000004 0.315625 0.33906250000000004 0.315625 0.44218749999999996
2 0.5046875 0.5280902777777778 0.5953125 0.5280902777777778 0.5953125 0.41718750000000004 0.5046875 0.41718750000000004 0.5046875 0.5280902777777778
6 0.4046875 0.22027777777777777 0.4953125 0.22027777777777777 0.4953125 0.11402777777777778 0.4046875 0.11402777777777778 0.4046875 0.22027777777777777
9 0.39284375 0.37451388888888887 0.49328125 0.37451388888888887 0.49328125 0.27284722222222224 0.39284375 0.27284722222222224 0.39284375 0.37451388888888887
5 0.00625 0 0.00625 0.03720138888888889 0.7924125 0.03968055555555556 0.79910625 0.9325416666666667 0.00625 0.9325416666666667 0.00625 0.9930555555555556 1 0.9930555555555556 0.99776875 0 0.00625 0
5 0.6004375 0.9301041666666667 0.8058125 0.9301041666666667 0.8058125 0.7093402777777778 0.6004375 0.7093402777777778 0.6004375 0.9301041666666667
5 0.700875 0.37197916666666664 0.796875 0.37197916666666664 0.796875 0.037187500000000005 0.700875 0.037187500000000005 0.700875 0.37197916666666664
5 0.200875 0.37197916666666664 0.292375 0.37197916666666664 0.292375 0.037187500000000005 0.200875 0.037187500000000005 0.200875 0.37197916666666664
5 0 0.37701388888888887 0.198625 0.37701388888888887 0.198625 0.27034722222222224 0 0.27034722222222224 0 0.37701388888888887
5 0.49775 0.3695138888888889 0.700875 0.3695138888888889 0.700875 0.26784722222222224 0.49775 0.26784722222222224 0.49775 0.3695138888888889
5 0.49328125 0.2628819444444444 0.7030937500000001 0.2628819444444444 0.7030937500000001 0.04711805555555556 0.49328125 0.04711805555555556 0.49328125 0.2628819444444444
5 0 0.26534722222222223 0.198625 0.26534722222222223 0.198625 0.04215277777777778 0 0.04215277777777778 0 0.26534722222222223
8 0.28125 0.9280902777777779 0.515625 0.9280902777777779 0.515625 0.8234375 0.28125 0.8234375 0.28125 0.9280902777777779