5 0.9945937499999999 0.221875 0.8012812500000001 0.221875 0.8012812500000001 0.37187499999999996 0.9945937499999999 0.37187499999999996 0.9945937499999999 0.221875
1 0.20625 0.00625 0.20625 0.14687499999999998 0.396875 0.14687499999999998 0.396875 0.00625 0.20625 0.00625
1 0.59375 0.11875000000000001 0.5953125 0.1171875 0.5953125 0.0015625 0.4078125 0.0015625 0.4078125 0.1484375 0.590625 0.1484375 0.59375 0.1453125 0.59375 0.11875000000000001
5 0.0015625 0 0.0015625 0.9922222222222222 0.2015625 0.9922222222222222 0.2015625 0 0.0015625 0
5 0.59375 0.5640277777777778 0.20625 0.5640277777777778 0.20625 0.7749999999999999 0.59375 0.7749999999999999 0.59375 0.5640277777777778
5 0.99378125 0.5640972222222222 0.80784375 0.5640972222222222 0.80784375 0.7765972222222222 0.99378125 0.7765972222222222 0.99378125 0.5640972222222222
6 0.3953125 0.8640625 0.3015625 0.8640625 0.3015625 0.9671875000000001 0.3953125 0.9671875000000001 0.3953125 0.8640625
2 0.49846874999999996 0.4187152777777778 0.40428125000000004 0.4187152777777778 0.40428125000000004 0.5280902777777778 0.49846874999999996 0.5280902777777778 0.49846874999999996 0.4187152777777778
7 0.9890625 0.2109375 0.9109375 0.2109375 0.9109375 0.2890625 0.9890625 0.2890625 0.9890625 0.2109375
6 0.6953125 0.2000347222222222 0.5984375 0.2000347222222222 0.5984375 0.3046875 0.6953125 0.3046875 0.6953125 0.2000347222222222
6 0.7969062499999999 0.0921875 0.69846875 0.0921875 0.69846875 0.19378472222222223 0.7969062499999999 0.19378472222222223 0.7969062499999999 0.0921875
5 0.99378125 0.0015972222222222223 0.80784375 0.0015972222222222223 0.80784375 0.10784722222222222 0.99378125 0.10784722222222222 0.99378125 0.0015972222222222223
7 0.88909375 0.2109375 0.80940625 0.2109375 0.80940625 0.2890625 0.88909375 0.2890625 0.88909375 0.2109375