12 0.003125 0.6703125000000001 0.003125 0.9930555555555556 0.9921875 0.9930555555555556 0.9921875 0.6703125000000001 0.003125 0.6703125000000001
7 0.7109375 0.54375 0.7109375 0.621875 0.7890625 0.621875 0.7890625 0.54375 0.7109375 0.54375
5 0.6078125 0.23124999999999998 0.6078125 0.4375 0.9921875 0.4375 0.9921875 0.23124999999999998 0.6078125 0.23124999999999998
1 0.0078125 0.3375 0.0078125 0.47968750000000004 0.1953125 0.47968750000000004 0.1953125 0.3375 0.0078125 0.3375
1 0.2078125 0.33281249999999996 0.2078125 0.48281250000000003 0.39375 0.48281250000000003 0.39375 0.33281249999999996 0.2078125 0.33281249999999996
2 0.490625 0.5234375 0.4921875 0.5218750000000001 0.4921875 0.421875 0.4109375 0.421875 0.4109375 0.5234375 0.490625 0.5234375
5 0.25625 0.22343749999999998 0.2578125 0.221875 0.3171875 0.221875 0.31875 0.22343749999999998 0.990625 0.22343749999999998 0.9921875 0.221875 0.99375 0.221875 0.99375 0.22031250000000002 0.99375 0.00625 0.003125 0.00625 0.003125 0.21875 0.015625 0.21875 0.0171875 0.22031250000000002 0.03125 0.22031250000000002 0.0328125 0.21875 0.115625 0.21875 0.1171875 0.22031250000000002 0.14375 0.22031250000000002 0.1453125 0.221875 0.2078125 0.221875 0.209375 0.22343749999999998 0.25625 0.22343749999999998
6 0.5109375 0.42500000000000004 0.5109375 0.5234375 0.5875 0.5234375 0.5875 0.42500000000000004 0.5109375 0.42500000000000004
1 0.4078125 0.22499999999999998 0.4078125 0.328125 0.5890625 0.328125 0.5890625 0.22499999999999998 0.4078125 0.22499999999999998
5 0.00625 0.23124999999999998 0.00625 0.328125 0.396875 0.328125 0.396875 0.23124999999999998 0.00625 0.23124999999999998
5 0.6046875 0.5578125 0.6046875 0.6828125 0.896875 0.6828125 0.896875 0.5578125 0.6046875 0.5578125