12 0.00625 0.671875 0.00625 0.9921875 0.9984375 0.9921875 0.9984375 0.671875 0.00625 0.671875
7 0.2109375 0.54375 0.2109375 0.621875 0.2890625 0.621875 0.2890625 0.54375 0.2109375 0.54375
1 0.8046875 0.3375 0.8046875 0.47968750000000004 0.9921875 0.47968750000000004 0.9921875 0.3375 0.8046875 0.3375
5 0.0078125 0.23281249999999998 0.0078125 0.4375 0.390625 0.4375 0.390625 0.23281249999999998 0.0078125 0.23281249999999998
1 0.6078125 0.33281249999999996 0.6078125 0.48281250000000003 0.7921875 0.48281250000000003 0.7921875 0.33281249999999996 0.6078125 0.33281249999999996
2 0.5078125 0.421875 0.5078125 0.5218750000000001 0.5890625 0.5218750000000001 0.5890625 0.421875 0.5078125 0.421875
6 0.503125 0.53125 0.503125 0.6343749999999999 0.596875 0.6343749999999999 0.596875 0.53125 0.503125 0.53125
6 0.490625 0.42500000000000004 0.4125 0.42500000000000004 0.4125 0.5203125 0.4140625 0.5218750000000001 0.490625 0.5218750000000001 0.490625 0.42500000000000004
1 0.4109375 0.22499999999999998 0.4109375 0.3265625 0.5921875 0.3265625 0.5921875 0.22499999999999998 0.4109375 0.22499999999999998
5 0.603125 0.23281249999999998 0.603125 0.328125 0.99375 0.328125 0.99375 0.23281249999999998 0.603125 0.23281249999999998
5 0.103125 0.5578125 0.103125 0.66875 0.396875 0.66875 0.396875 0.5578125 0.103125 0.5578125
5 0.00625 0.22343749999999998 0.996875 0.22343749999999998 0.996875 0.006284722222222223 0.00625 0.006284722222222223 0.00625 0.22343749999999998