6 0.5508124999999999 0.8611111111111112 0.6433125000000001 0.8611111111111112 0.6433125000000001 0.7555555555555555 0.5508124999999999 0.7555555555555555 0.5508124999999999 0.8611111111111112
2 0.5041562500000001 0.5296527777777778 0.59246875 0.5296527777777778 0.59246875 0.4157638888888889 0.5041562500000001 0.4157638888888889 0.5041562500000001 0.5296527777777778
1 0.79915625 0.22315972222222222 0.89496875 0.22315972222222222 0.89496875 0.11017361111111111 0.79915625 0.11017361111111111 0.79915625 0.22315972222222222
1 0.20003125000000002 0.6629513888888889 0.29834375 0.6629513888888889 0.29834375 0.5555208333333334 0.20003125000000002 0.5555208333333334 0.20003125000000002 0.6629513888888889
8 0.31415625 0.43795138888888885 0.38584375 0.43795138888888885 0.38584375 0.3398263888888889 0.31415625 0.3398263888888889 0.31415625 0.43795138888888885
0 0.9991875 1 0.9991875 0.7250000000000001 0.8466875 0.7250000000000001 0.8466875 1 0.9991875 1
4 0.99833125 0.6675902777777778 0.8 0.6675902777777778 0.8008312500000001 0.9930555555555556 0.85083125 0.9930555555555556 0.84833125 0.7240763888888888 1 0.7231458333333333 0.99833125 0.6675902777777778
5 0.59833125 0.05463194444444444 0.50333125 0.003701388888888889 0.09583125 0.002777777777777778 0.00625 0.05555555555555555 0.00625 0.2592569444444444 0.030831249999999998 0.2787013888888889 0.0325 0.42870138888888887 0.30583125 0.4379652777777778 0.30666875 0.3342569444444445 0.39166875 0.33147916666666666 0.39249999999999996 0.4351875 0.52166875 0.43240972222222224 0.5325 0.41944444444444445 0.5675 0.41944444444444445 0.5700000000000001 0.2768541666666666 0.5974999999999999 0.2611111111111111 0.59833125 0.05463194444444444
5 0.30584375 0.6602083333333333 0.59165625 0.6602083333333333 0.59165625 0.5713194444444444 0.30584375 0.5713194444444444 0.30584375 0.6602083333333333
5 0.00503125 0.6592361111111111 0.19084375 0.6592361111111111 0.19084375 0.5703472222222222 0.00503125 0.5703472222222222 0.00503125 0.6592361111111111
5 0.90415625 0.21940972222222221 0.99334375 0.21940972222222221 0.99334375 0.12128472222222222 0.90415625 0.12128472222222222 0.90415625 0.21940972222222221