5 0.4984375 0.2140625 0.4984375 0.00625 0.30625 0.00625 0.30625 0.2140625 0.4984375 0.2140625
5 0.796875 0.5484374999999999 0.796875 0.3375 0.6015625 0.3375 0.6015625 0.5484374999999999 0.796875 0.5484374999999999
2 0.4953125 0.5296875000000001 0.4953125 0.415625 0.403125 0.415625 0.403125 0.5296875000000001 0.4953125 0.5296875000000001
5 0.5 0.078125 0.5015625 0.0765625 0.503125 0.0765625 0.5078125 0.08124999999999999 0.5109375 0.08124999999999999 0.5125 0.08281250000000001 0.5140625 0.08281250000000001 0.5203125 0.08906249999999999 0.528125 0.08906249999999999 0.5296875 0.0875 0.53125 0.0875 0.5328125 0.0859375 0.5578125 0.0859375 0.559375 0.0875 0.5609375 0.0875 0.5640625 0.09062500000000001 0.565625 0.09062500000000001 0.5671875 0.0921875 0.56875 0.0921875 0.5703125 0.09375 0.571875 0.09375 0.575 0.09687499999999999 0.5765625 0.09687499999999999 0.578125 0.09843750000000001 0.5796875 0.09843750000000001 0.5828125 0.1015625 0.5828125 0.103125 0.584375 0.10468749999999999 0.5859375 0.10468749999999999 0.590625 0.109375 0.6046875 0.109375 0.60625 0.1078125 0.60625 0.09375 0.6046875 0.0921875 0.6046875 0.0390625 0.60625 0.037500000000000006 0.60625 0.034375 0.6078125 0.032812499999999994 0.6078125 0.03125 0.609375 0.029687500000000002 0.609375 0.028124999999999997 0.615625 0.021875 0.621875 0.021875 0.6234375 0.020312499999999997 0.6265625 0.020312499999999997 0.628125 0.018750000000000003 0.6296875 0.018750000000000003 0.63125 0.0171875 0.6359375 0.0171875 0.6375 0.015625 0.6421875 0.015625 0.64375 0.014062499999999999 0.6453125 0.014062499999999999 0.6453125 0.0109375 0.64375 0.0109375 0.6421875 0.009375000000000001 0.64375 0.0078125 0.646875 0.0078125 0.6484375 0.00625 0.653125 0.00625 0.6578125 0.0109375 0.659375 0.0109375 0.6625 0.014062499999999999 0.665625 0.014062499999999999 0.6671875 0.015625 0.675 0.015625 0.6765625 0.014062499999999999 0.678125 0.014062499999999999 0.6796875 0.0125 0.6921875 0.0125 0.6953125 0.015625 0.6953125 0.018750000000000003 0.696875 0.020312499999999997 0.696875 0.0234375 0.6953125 0.025 0.6953125 0.029687500000000002 0.69375 0.03125 0.69375 0.037500000000000006 0.6921875 0.0390625 0.6921875 0.04375 0.690625 0.045312500000000006 0.690625 0.059375000000000004 0.6921875 0.060937500000000006 0.6921875 0.07500000000000001 0.69375 0.0765625 0.69375 0.08124999999999999 0.6921875 0.08281250000000001 0.6921875 0.09062500000000001 0.690625 0.0921875 0.690625 0.09375 0.6890625 0.0953125 0.6890625 0.09843750000000001 0.6875 0.1 0.6875 0.103125 0.6828125 0.1078125 0.66875 0.1078125 0.6671875 0.109375 0.99375 0.109375 0.99375 0.0015625 0.5 0.0015625 0.5 0.078125
8 0.71875 0.8859375 0.7203125 0.8843749999999999 0.725 0.8843749999999999 0.725 0.7828124999999999 0.478125 0.7828124999999999 0.478125 0.8859375 0.71875 0.8859375
6 0.59375 0.19374999999999998 0.5953125 0.1921875 0.596875 0.1921875 0.5984375 0.190625 0.5984375 0.08281250000000001 0.50625 0.08281250000000001 0.50625 0.19374999999999998 0.59375 0.19374999999999998
5 0.396875 0.8875 0.3984375 0.8859375 0.3984375 0.6640625 0.2984375 0.6640625 0.2984375 0.8875 0.396875 0.8875
6 0.9890625 0.75 0.9890625 0.6375 0.909375 0.6375 0.909375 0.75 0.9890625 0.75
5 0.99375 0.8890625000000001 0.99375 0.7796875000000001 0.9 0.7796875000000001 0.9 0.8890625000000001 0.99375 0.8890625000000001
5 0 0 0 0.9930555555555556 0.99375 0.9930555555555556 0.99375 0.8953402777777778 0.6828125 0.8875 0.68125 0.8890625000000001 0.390625 0.8890625000000001 0.3890625 0.890625 0.3703125 0.890625 0.36875 0.8921874999999999 0.3546875 0.8921874999999999 0.353125 0.8937499999999999 0.3359375 0.8937499999999999 0.334375 0.8921874999999999 0.321875 0.8921874999999999 0.3203125 0.890625 0.3109375 0.890625 0.309375 0.8890625000000001 0.3015625 0.8890625000000001 0.3 0.8875 0.3 0.8859375 0.2984375 0.8843749999999999 0.2984375 0.6968749999999999 0.3 0.6953125 0.3 0.6546875000000001 0.2984375 0.653125 0.2984375 0.6515625 0.3 0.6499999999999999 0.3 0.5171874999999999 0.2984375 0.515625 0.2984375 0.3609375 0.3 0.359375 0.3 0.3578125 0.2984375 0.35624999999999996 0.2984375 0.1796875 0.3 0.17812499999999998 0.3 0.17343750000000002 0.2984375 0.171875 0.3 0.17031249999999998 0.3 0.15468749999999998 0.3015625 0.153125 0.3015625 0.1015625 0.3 0.1 0.3 0.0546875 0.3015625 0.053125000000000006 0.3 0.0515625 0.3 0.0234375 0.2984375 0.021875 0.2984375 0.003125 0.3 0.0015625 0.3 0 0 0
8 0.6094062499999999 0.11406250000000001 0.69196875 0.11406250000000001 0.69196875 0.01982638888888889 0.6094062499999999 0.01982638888888889 0.6094062499999999 0.11406250000000001