5 0.2546875 0.5640624999999999 0.2515625 0.5671875 0.25 0.5671875 0.2484375 0.5687500000000001 0.2453125 0.5687500000000001 0.24375 0.5703125 0.2421875 0.5703125 0.2390625 0.5734375 0.2375 0.5734375 0.2359375 0.575 0.234375 0.575 0.2296875 0.5796874999999999 0.228125 0.5796874999999999 0.2265625 0.58125 0.221875 0.58125 0.2203125 0.5828125 0.21875 0.5828125 0.215625 0.5859375 0.2140625 0.5859375 0.2125 0.5874999999999999 0.209375 0.5874999999999999 0.2046875 0.5921875000000001 0.203125 0.5921875000000001 0.2015625 0.59375 0.196875 0.59375 0.1953125 0.5953124999999999 0.1921875 0.5953124999999999 0.1890625 0.5984375 0.1875 0.5984375 0.1859375 0.6000000000000001 0.1828125 0.6000000000000001 0.1796875 0.6031249999999999 0.1796875 0.703125 0.18125 0.7046874999999999 0.18125 0.70625 0.1828125 0.7078125 0.1828125 0.7093750000000001 0.184375 0.7109375 0.1859375 0.7109375 0.1875 0.7124999999999999 0.190625 0.7124999999999999 0.2 0.721875 0.2 0.7234375 0.2015625 0.7250000000000001 0.2015625 0.7359374999999999 0.203125 0.7375 0.203125 0.7453125 0.2046875 0.746875 0.2046875 0.75 0.20625 0.7515624999999999 0.20625 0.7546875 0.2078125 0.7562500000000001 0.2078125 0.7640625000000001 0.2109375 0.7671874999999999 0.240625 0.7671874999999999 0.2421875 0.76875 0.303125 0.76875 0.3046875 0.7703125 0.31875 0.7703125 0.3203125 0.7718750000000001 0.6109375 0.7718750000000001 0.6125 0.7703125 0.6125 0.7625 0.6140625 0.7609375 0.6140625 0.7593749999999999 0.615625 0.7578125 0.6171875 0.7578125 0.6234375 0.7640625000000001 0.6265625 0.7640625000000001 0.628125 0.765625 0.6421875 0.765625 0.64375 0.7640625000000001 0.6453125 0.7640625000000001 0.646875 0.7625 0.6625 0.7625 0.6640625 0.7640625000000001 0.66875 0.7640625000000001 0.6703125 0.765625 0.675 0.765625 0.6765625 0.7671874999999999 0.6953125 0.7671874999999999 0.696875 0.765625 0.7015625 0.765625 0.703125 0.7640625000000001 0.7046875 0.7640625000000001 0.70625 0.7625 0.7078125 0.7625 0.709375 0.7609375 0.715625 0.7609375 0.7171875 0.7593749999999999 0.7234375 0.7593749999999999 0.725 0.7578125 0.7296875 0.7578125 0.73125 0.7562500000000001 0.7421875 0.7562500000000001 0.7453125 0.753125 0.7453125 0.7328125000000001 0.746875 0.73125 0.746875 0.7281249999999999 0.7484375 0.7265625 0.7484375 0.7250000000000001 0.75 0.7234375 0.75 0.721875 0.7546875 0.7171875000000001 0.7578125 0.7171875000000001 0.759375 0.715625 0.7625 0.715625 0.7640625 0.7140625 0.765625 0.7140625 0.7671875 0.7124999999999999 0.771875 0.7124999999999999 0.7734375 0.7109375 0.7734375 0.60625 0.771875 0.60625 0.76875 0.6031249999999999 0.76875 0.6015625 0.7671875 0.6015625 0.765625 0.6000000000000001 0.7640625 0.6000000000000001 0.7625 0.5984375 0.7609375 0.5984375 0.7578125 0.5953124999999999 0.75625 0.5953124999999999 0.7546875 0.59375 0.7515625 0.59375 0.75 0.5921875000000001 0.7484375 0.5921875000000001 0.7453125 0.5890625 0.74375 0.5890625 0.7421875 0.5874999999999999 0.740625 0.5874999999999999 0.7390625 0.5859375 0.7375 0.5859375 0.734375 0.5828125 0.7328125 0.5828125 0.73125 0.58125 0.7265625 0.58125 0.725 0.5796874999999999 0.7234375 0.5796874999999999 0.7203125 0.5765625000000001 0.71875 0.5765625000000001 0.7171875 0.575 0.715625 0.575 0.7109375 0.5703125 0.709375 0.5703125 0.7078125 0.5687500000000001 0.7046875 0.5687500000000001 0.703125 0.5671875 0.7015625 0.5671875 0.696875 0.5625 0.6953125 0.5625 0.69375 0.5609375000000001 0.6921875 0.5609375000000001 0.690625 0.559375 0.2640625 0.559375 0.2609375 0.5625 0.2578125 0.5625 0.25625 0.5640624999999999 0.2546875 0.5640624999999999
8 0.490625 0.0109375 0.490625 0.103125 0.5609375 0.103125 0.5609375 0.0109375 0.490625 0.0109375
6 0.6921875 0.7578125 0.6921875 0.8609374999999999 0.7828125 0.8609374999999999 0.7828125 0.7578125 0.6921875 0.7578125
6 0.6015625 0.7562500000000001 0.6015625 0.8609374999999999 0.6796875 0.8609374999999999 0.6796875 0.7562500000000001 0.6015625 0.7562500000000001
10 0.078125 0.05533333333333333 0.078125 0.10533333333333333 0.371875 0.10533333333333333 0.371875 0.05533333333333333 0.078125 0.05533333333333333
5 0.00625 0.9930555555555556 0.06875 0.9930555555555556 0.06875 0.10625000000000001 0.00625 0.10625000000000001 0.00625 0.9930555555555556
5 1 0.004965277777777778 0.575875 0.004965277777777778 0.575875 0.10170138888888888 1 0.10170138888888888 1 0.004965277777777778
6 0.390625 0.19374999999999998 0.484375 0.19374999999999998 0.484375 0.0875 0.390625 0.0875 0.390625 0.19374999999999998
2 0.51246875 0.5234027777777778 0.59215625 0.5234027777777778 0.59215625 0.4234027777777778 0.51246875 0.4234027777777778 0.51246875 0.5234027777777778
1 0.77653125 0.3281597222222222 0.87184375 0.3281597222222222 0.87184375 0.22503472222222223 0.77653125 0.22503472222222223 0.77653125 0.3281597222222222
5 1 0.33482638888888894 0.8035937499999999 0.33482638888888894 0.8035937499999999 0.7762847222222222 1 0.7762847222222222 1 0.33482638888888894
5 0.49040625000000004 0.0015277777777777779 0.40159374999999997 0.0015277777777777779 0.40159374999999997 0.1 0.49040625000000004 0.1 0.49040625000000004 0.0015277777777777779