5 0.2828125 0.575 0.28125 0.5765625000000001 0.2796875 0.5765625000000001 0.2765625 0.5796874999999999 0.275 0.5796874999999999 0.2734375 0.58125 0.26875 0.58125 0.2671875 0.5828125 0.265625 0.5828125 0.2625 0.5859375 0.2609375 0.5859375 0.259375 0.5874999999999999 0.2578125 0.5874999999999999 0.25625 0.5890625 0.2546875 0.5890625 0.2515625 0.5921875000000001 0.25 0.5921875000000001 0.2484375 0.59375 0.2453125 0.59375 0.24375 0.5953124999999999 0.2421875 0.5953124999999999 0.2390625 0.5984375 0.2375 0.5984375 0.2359375 0.6000000000000001 0.234375 0.6000000000000001 0.2328125 0.6015625 0.23125 0.6015625 0.23125 0.6031249999999999 0.228125 0.60625 0.2265625 0.60625 0.2265625 0.7109375 0.228125 0.7124999999999999 0.2328125 0.7124999999999999 0.234375 0.7140625 0.2359375 0.7140625 0.2375 0.715625 0.240625 0.715625 0.2421875 0.7171875000000001 0.2453125 0.7171875000000001 0.25 0.721875 0.25 0.7234375 0.2515625 0.7250000000000001 0.2515625 0.7265625 0.253125 0.7281249999999999 0.253125 0.73125 0.2546875 0.7328125000000001 0.2546875 0.753125 0.2578125 0.7562500000000001 0.26875 0.7562500000000001 0.2703125 0.7578125 0.275 0.7578125 0.2765625 0.7593749999999999 0.2828125 0.7593749999999999 0.284375 0.7609375 0.290625 0.7609375 0.2921875 0.7625 0.29375 0.7625 0.2953125 0.7640625000000001 0.296875 0.7640625000000001 0.2984375 0.765625 0.303125 0.765625 0.3046875 0.7671874999999999 0.3234375 0.7671874999999999 0.325 0.765625 0.3296875 0.765625 0.33125 0.7640625000000001 0.3359375 0.7640625000000001 0.3375 0.7625 0.353125 0.7625 0.3546875 0.7640625000000001 0.35625 0.7640625000000001 0.3578125 0.765625 0.371875 0.765625 0.3734375 0.7640625000000001 0.3765625 0.7640625000000001 0.3828125 0.7578125 0.384375 0.7578125 0.3859375 0.7593749999999999 0.3859375 0.7609375 0.3875 0.7625 0.3875 0.7703125 0.3890625 0.7718750000000001 0.6796875 0.7718750000000001 0.68125 0.7703125 0.6953125 0.7703125 0.696875 0.76875 0.7578125 0.76875 0.759375 0.7671874999999999 0.7890625 0.7671874999999999 0.7921875 0.7640625000000001 0.7921875 0.7562500000000001 0.79375 0.7546875 0.79375 0.7515624999999999 0.7953125 0.75 0.7953125 0.746875 0.796875 0.7453125 0.796875 0.7375 0.7984375 0.7359374999999999 0.7984375 0.7250000000000001 0.8 0.7234375 0.8 0.721875 0.809375 0.7124999999999999 0.8125 0.7124999999999999 0.8140625 0.7109375 0.815625 0.7109375 0.8171875 0.7093750000000001 0.8171875 0.7078125 0.81875 0.70625 0.81875 0.7046874999999999 0.8203125 0.703125 0.8203125 0.6031249999999999 0.8171875 0.6000000000000001 0.8140625 0.6000000000000001 0.8125 0.5984375 0.8109375 0.5984375 0.8078125 0.5953124999999999 0.8046875 0.5953124999999999 0.803125 0.59375 0.7984375 0.59375 0.796875 0.5921875000000001 0.7953125 0.5921875000000001 0.790625 0.5874999999999999 0.7875 0.5874999999999999 0.7859375 0.5859375 0.784375 0.5859375 0.78125 0.5828125 0.7796875 0.5828125 0.778125 0.58125 0.7734375 0.58125 0.771875 0.5796874999999999 0.7703125 0.5796874999999999 0.765625 0.575 0.7640625 0.575 0.7625 0.5734375 0.7609375 0.5734375 0.7578125 0.5703125 0.75625 0.5703125 0.7546875 0.5687500000000001 0.7515625 0.5687500000000001 0.75 0.5671875 0.7484375 0.5671875 0.7453125 0.5640624999999999 0.74375 0.5640624999999999 0.7421875 0.5625 0.7390625 0.5625 0.7359375 0.559375 0.309375 0.559375 0.3078125 0.5609375000000001 0.30625 0.5609375000000001 0.3046875 0.5625 0.303125 0.5625 0.2984375 0.5671875 0.296875 0.5671875 0.2953125 0.5687500000000001 0.2921875 0.5687500000000001 0.290625 0.5703125 0.2890625 0.5703125 0.284375 0.575 0.2828125 0.575
8 0.4390625 0.0109375 0.4390625 0.103125 0.509375 0.103125 0.509375 0.0109375 0.4390625 0.0109375
6 0.2171875 0.7578125 0.2171875 0.8609374999999999 0.3078125 0.8609374999999999 0.3078125 0.7578125 0.2171875 0.7578125
6 0.3203125 0.7562500000000001 0.3203125 0.8609374999999999 0.3984375 0.8609374999999999 0.3984375 0.7562500000000001 0.3203125 0.7562500000000001
10 0.628125 0.05533333333333333 0.628125 0.10533333333333333 0.921875 0.10533333333333333 0.921875 0.05533333333333333 0.628125 0.05533333333333333
5 0.99375 0.10625000000000001 0.93125 0.10625000000000001 0.93125 0.9930555555555556 0.99375 0.9930555555555556 0.99375 0.10625000000000001
5 0 0.10170138888888888 0.424125 0.10170138888888888 0.424125 0.004965277777777778 0 0.004965277777777778 0 0.10170138888888888
6 0.609375 0.0875 0.515625 0.0875 0.515625 0.19374999999999998 0.609375 0.19374999999999998 0.609375 0.0875
2 0.48753124999999997 0.4234027777777778 0.40784374999999995 0.4234027777777778 0.40784374999999995 0.5234027777777778 0.48753124999999997 0.5234027777777778 0.48753124999999997 0.4234027777777778
1 0.22346875000000002 0.22503472222222223 0.12815625 0.22503472222222223 0.12815625 0.3281597222222222 0.22346875000000002 0.3281597222222222 0.22346875000000002 0.22503472222222223
5 0 0.7762847222222222 0.19640625 0.7762847222222222 0.19640625 0.33482638888888894 0 0.33482638888888894 0 0.7762847222222222
5 0.50959375 0.1 0.59840625 0.1 0.59840625 0.0015277777777777779 0.50959375 0.0015277777777777779 0.50959375 0.1