2 0.4953125 0.5218750000000001 0.4953125 0.421875 0.4046875 0.421875 0.4046875 0.5218750000000001 0.4953125 0.5218750000000001
6 0.590625 0.12031249999999999 0.590625 0.018750000000000003 0.5078125 0.018750000000000003 0.5078125 0.12031249999999999 0.590625 0.12031249999999999
5 0.6953125 0.9234374999999999 0.6953125 0.715625 0.5 0.715625 0.5 0.9234374999999999 0.6953125 0.9234374999999999
5 0.2984375 0.9930555555555556 0.2984375 0.9390624999999999 0.2 0.9390624999999999 0.2 0.9930555555555556 0.2984375 0.9930555555555556
5 0.99375 0.9930555555555556 0.99375 0.271875 0.8953125 0.271875 0.8953125 0.9930555555555556 0.99375 0.9930555555555556
5 0.39375 0.37031250000000004 0.39375 0.271875 0.11160624999999999 0.2752986111111111 0.10714375000000001 0.3224236111111111 0.19419375 0.32490277777777776 0.2 0.37031250000000004 0.39375 0.37031250000000004
5 0.8950875 0.3199375 0.8973187499999999 0.26785416666666667 0.603125 0.26875000000000004 0.603125 0.37031250000000004 0.7984375 0.37031250000000004 0.8013375 0.31497916666666664 0.8950875 0.3199375
5 0.19375 0.9930555555555556 0.19375 0.9609375 0.1921875 0.9593750000000001 0.1921875 0.9437500000000001 0.19375 0.9421875000000001 0.19375 0.31562500000000004 0.1125 0.31562500000000004 0.1125 0.9930555555555556 0.19375 0.9930555555555556
5 0.19375 0.265625 0.19375 0.003125 0.109375 0.003125 0.109375 0.265625 0.19375 0.265625
5 0.109375 0.9930555555555556 0.109375 0.0078125 0.0046875 0.0078125 0.0046875 0.9930555555555556 0.109375 0.9930555555555556
5 0.7969062499999999 0.9906250000000001 0.88909375 0.9906250000000001 0.88909375 0.31312500000000004 0.7969062499999999 0.31312500000000004 0.7969062499999999 0.9906250000000001
5 0.30065624999999996 0.9209722222222223 0.49884375 0.9209722222222223 0.49884375 0.7131944444444445 0.30065624999999996 0.7131944444444445 0.30065624999999996 0.9209722222222223