5 0.19375 0.23124999999999998 0.19375 0.31562500000000004 0.1984375 0.3203125 0.665625 0.3203125 0.665625 0.31875 0.6671875 0.31718749999999996 0.6671875 0.30625 0.66875 0.3046875 0.66875 0.25312500000000004 0.6703125 0.2515625 0.6703125 0.24062499999999998 0.671875 0.23906249999999998 0.671875 0.2078125 0.6703125 0.20625 0.6703125 0.19374999999999998 0.66875 0.1921875 0.66875 0.14687499999999998 0.6703125 0.1453125 0.6703125 0.09687499999999999 0.671875 0.0953125 0.671875 0.08281250000000001 0.6703125 0.08124999999999999 0.6703125 0.06875 0.66875 0.06718750000000001 0.66875 0.0125 0.6671875 0.0109375 0.6671875 0.00625 0.00625 0.00625 0.00625 0.3203125 0.1046875 0.3203125 0.1046875 0.2265625 0.1078125 0.22343749999999998 0.184375 0.22343749999999998 0.1859375 0.22499999999999998 0.1875 0.22499999999999998 0.1890625 0.2265625 0.190625 0.2265625 0.1921875 0.22812500000000002 0.1921875 0.22968750000000002 0.19375 0.23124999999999998
2 0.4046875 0.42500000000000004 0.4046875 0.5249999999999999 0.4171875 0.5249999999999999 0.41875 0.5234375 0.4953125 0.5234375 0.4953125 0.42500000000000004 0.4046875 0.42500000000000004
8 0.1125 0.23281249999999998 0.1125 0.321875 0.184375 0.321875 0.184375 0.23281249999999998 0.1125 0.23281249999999998
10 0.9046875 0.5015624999999999 0.9046875 0.5484374999999999 0.99375 0.5484374999999999 0.99375 0.5015624999999999 0.9046875 0.5015624999999999
1 0.0984375 0.9930555555555556 0.1 0.9930555555555556 0.1 0.8921874999999999 0.0046875 0.8921874999999999 0.0046875 0.9930555555555556 0.0984375 0.9930555555555556
5 0.7015625 0.003125 0.7015625 0.1109375 0.99375 0.1109375 0.99375 0.003125 0.7015625 0.003125
10 0.5078125 0.7265625 0.5078125 0.7703125 0.696875 0.7703125 0.696875 0.7265625 0.5078125 0.7265625
0 0.8953125 0.5609375000000001 0.8953125 0.9930555555555556 0.99375 0.9930555555555556 0.99375 0.5609375000000001 0.8953125 0.5609375000000001
5 0.3140625 0.8984375 0.3125 0.8968750000000001 0.109375 0.8968750000000001 0.109375 0.9906250000000001 0.6921875 0.9906250000000001 0.6921875 0.9546874999999999 0.69375 0.953125 0.69375 0.9156249999999999 0.6921875 0.9140625 0.6921875 0.9031250000000001 0.69375 0.9015624999999999 0.69375 0.8968750000000001 0.3171875 0.8968750000000001 0.315625 0.8984375 0.3140625 0.8984375
10 0.003125 0.7250000000000001 0.003125 0.7718750000000001 0.390625 0.7718750000000001 0.390625 0.7250000000000001 0.003125 0.7250000000000001
5 0.703125 0.1078125 0.703125 0.9890625000000001 0.896875 0.9890625000000001 0.896875 0.1078125 0.703125 0.1078125