10 0.5335 0.4439236111111111 0.4375 0.4439236111111111 0.4375 0.5580208333333334 0.5335 0.5580208333333334 0.5335 0.4439236111111111
7 0.6265625 0.28593749999999996 0.6265625 0.21250000000000002 0.5484375 0.21250000000000002 0.5484375 0.28593749999999996 0.6265625 0.28593749999999996
6 0.234375 0.746875 0.234375 0.6421874999999999 0.1390625 0.6421874999999999 0.1390625 0.746875 0.234375 0.746875
5 0.7390625 0.33125000000000004 0.7375 0.33281249999999996 0.7375 0.334375 0.7359375 0.3359375 0.73125 0.3359375 0.7296875 0.3375 0.7125 0.3375 0.7109375 0.3359375 0.69375 0.3359375 0.6921875 0.334375 0.6578125 0.334375 0.65625 0.33281249999999996 0.6296875 0.33281249999999996 0.628125 0.33125000000000004 0.6234375 0.33125000000000004 0.621875 0.33281249999999996 0.6015625 0.33281249999999996 0.6 0.334375 0.571875 0.334375 0.5703125 0.3359375 0.54375 0.3359375 0.5421875 0.334375 0.540625 0.334375 0.5390625 0.33281249999999996 0.5390625 0.3296875 0.5375 0.328125 0.5375 0.23124999999999998 0.5359375 0.22968750000000002 0.5359375 0.2265625 0.534375 0.2265625 0.5328125 0.22499999999999998 0.434375 0.22499999999999998 0.434375 0.30937499999999996 0.4359375 0.3109375 0.4359375 0.3359375 0.4375 0.3375 0.4375 0.3765625 0.4359375 0.37812500000000004 0.4359375 0.3890625 0.434375 0.390625 0.434375 0.4359375 0.4359375 0.4375 0.4390625 0.4375 0.440625 0.4390625 0.478125 0.4390625 0.4796875 0.4375 0.49375 0.4375 0.4953125 0.4359375 0.4984375 0.4359375 0.5 0.4375 0.503125 0.4375 0.5046875 0.4390625 0.5109375 0.4390625 0.5125 0.4375 0.5171875 0.4375 0.528125 0.42656249999999996 0.5296875 0.42656249999999996 0.53125 0.42500000000000004 0.5328125 0.42500000000000004 0.534375 0.4234375 0.5375 0.4234375 0.5390625 0.421875 0.5546875 0.421875 0.55625 0.4234375 0.5609375 0.4234375 0.5625 0.42500000000000004 0.5671875 0.42500000000000004 0.5703125 0.428125 0.571875 0.428125 0.5734375 0.4296875 0.575 0.4296875 0.578125 0.43281250000000004 0.5796875 0.43281250000000004 0.5828125 0.4359375 0.5859375 0.4359375 0.5875 0.4375 0.6171875 0.4375 0.61875 0.4390625 0.8359375 0.4390625 0.8359375 0.4375 0.8375 0.4359375 0.8375 0.34062499999999996 0.8359375 0.33906250000000004 0.8359375 0.3375 0.8375 0.3359375 0.8375 0.33281249999999996 0.8359375 0.33125000000000004 0.8359375 0.32343750000000004 0.8375 0.321875 0.8375 0.22968750000000002 0.8359375 0.22812500000000002 0.8359375 0.22499999999999998 0.746875 0.22499999999999998 0.7421875 0.22968750000000002 0.7421875 0.23124999999999998 0.740625 0.23281249999999998 0.740625 0.23906249999999998 0.7390625 0.24062499999999998 0.7390625 0.33125000000000004
5 0.4375 0.9930555555555556 0.4375 0.8921874999999999 0.340625 0.8921874999999999 0.340625 0.9930555555555556 0.4375 0.9930555555555556
8 0.0390625 0.328125 0.040625 0.3296875 0.134375 0.3296875 0.134375 0.22499999999999998 0.0390625 0.22499999999999998 0.0390625 0.328125
5 0.99375 0.10625000000000001 0.99375 0.009375000000000001 0.4375 0.009375000000000001 0.4375 0.10625000000000001 0.99375 0.10625000000000001
5 0.9984375 0.3296875 0.9984375 0.2265625 0.940625 0.2265625 0.940625 0.3296875 0.9984375 0.3296875
5 0.3392875 0.05704166666666667 0.4263375 0.052083333333333336 0.42410625 0.0074375 0.00625 0.0078125 0.00625 0.10625000000000001 0.0078125 0.10625000000000001 0.009375 0.1078125 0.334375 0.1078125 0.3392875 0.05704166666666667
5 0.42612500000000003 0.050798611111111114 0.3355 0.050798611111111114 0.3355 0.44059027777777776 0.42612500000000003 0.44059027777777776 0.42612500000000003 0.050798611111111114
2 0.5953125 0.5209583333333333 0.5953125 0.41783333333333333 0.5046875 0.41783333333333333 0.5046875 0.5209583333333333 0.5953125 0.5209583333333333
5 0.5312187500000001 1 0.5312187500000001 0.8928819444444444 0.44640625 0.8928819444444444 0.44640625 1 0.5312187500000001 1
5 0.9933062500000001 0.8978194444444445 0.7388375 0.8878958333333333 0.734375 0.6671597222222222 0.43973125 0.6696458333333334 0.4419625 0.7787708333333333 0.6339312500000001 0.7787708333333333 0.6361625 0.9930555555555556 1 0.9930555555555556 0.9933062500000001 0.8978194444444445
10 1 0.33479166666666665 0.9352499999999999 0.33479166666666665 0.9352499999999999 0.44145833333333334 1 0.44145833333333334 1 0.33479166666666665
10 0.9307812500000001 0.44399305555555557 0.8437187500000001 0.44399305555555557 0.8437187500000001 0.5530902777777778 0.9307812500000001 0.5530902777777778 0.9307812500000001 0.44399305555555557
10 0.9999687500000001 0.5605208333333334 0.9464062500000001 0.5605208333333334 0.9464062500000001 0.6721180555555555 0.9999687500000001 0.6721180555555555 0.9999687500000001 0.5605208333333334
10 0.94196875 0.6721180555555555 0.8437812499999999 0.6721180555555555 0.8437812499999999 0.7688541666666667 0.94196875 0.7688541666666667 0.94196875 0.6721180555555555
10 0.9999687500000001 0.7787847222222222 0.9464062500000001 0.7787847222222222 0.9464062500000001 0.8903819444444445 0.9999687500000001 0.8903819444444445 0.9999687500000001 0.7787847222222222
10 0.6339375 0.8978125 0.5379375 0.8978125 0.5379375 0.9999652777777778 0.6339375 0.9999652777777778 0.6339375 0.8978125
10 0.53125 0.5580555555555555 0.4375 0.5580555555555555 0.4375 0.6647222222222222 0.53125 0.6647222222222222 0.53125 0.5580555555555555