2 0.5078125 0.515625 0.509375 0.5171874999999999 0.5875 0.5171874999999999 0.5875 0.43125 0.5078125 0.43125 0.5078125 0.515625
8 0.4609375 0.6609375 0.4609375 0.559375 0.365625 0.559375 0.365625 0.6609375 0.4609375 0.6609375
5 0.859375 0.9930555555555556 0.859375 0.7765625 0.7609375 0.7765625 0.7609375 0.9930555555555556 0.859375 0.9930555555555556
5 0.7609375 0 0.7609375 0.33125000000000004 0.859375 0.33125000000000004 0.859375 0 0.7609375 0
5 0.66875 0 0.66875 0.33125000000000004 0.7546875 0.33125000000000004 0.7546875 0 0.66875 0
5 0.16875 0.9930555555555556 0.16875 0.334375 0.00625 0.334375 0.00625 0.9930555555555556 0.16875 0.9930555555555556
5 0.7546875 0.9930555555555556 0.7546875 0.5578125 0.6671875 0.5578125 0.6671875 0.9930555555555556 0.7546875 0.9930555555555556
8 0.1609375 0.33281249999999996 0.1609375 0.22343749999999998 0.00625 0.22343749999999998 0.00625 0.33281249999999996 0.1609375 0.33281249999999996
5 0.2546875 0.9930555555555556 0.2546875 0.22031250000000002 0.16875 0.22031250000000002 0.16875 0.9930555555555556 0.2546875 0.9930555555555556
10 0.9546875 0.221875 0.9546875 0.11562499999999999 0.8625 0.11562499999999999 0.8625 0.221875 0.9546875 0.221875
5 1 0.2281597222222222 0.96875 0.2281597222222222 0.96875 0.8829513888888889 1 0.8829513888888889 1 0.2281597222222222