5 0.528125 0.4375 0.5296875 0.4359375 0.5375 0.4359375 0.5390625 0.4375 0.546875 0.4375 0.5484375 0.4390625 0.565625 0.4390625 0.5671875 0.44062500000000004 0.9953125 0.44062500000000004 0.9953125 0.34062499999999996 0.4015625 0.34062499999999996 0.4015625 0.44062500000000004 0.5109375 0.44062500000000004 0.5125 0.4390625 0.51875 0.4390625 0.5203125 0.4375 0.528125 0.4375
5 0.99375 0.21718749999999998 0.99375 0.0015625 0.403125 0.0015625 0.403125 0.21718749999999998 0.99375 0.21718749999999998
2 0.5109375 0.51875 0.5125 0.5203125 0.59375 0.5203125 0.59375 0.42500000000000004 0.5109375 0.42500000000000004 0.5109375 0.51875
6 0.20625 0.1875 0.2078125 0.18906250000000002 0.2953125 0.18906250000000002 0.2953125 0.08906249999999999 0.20625 0.08906249999999999 0.20625 0.1875
6 0.6046875 0.30000000000000004 0.60625 0.30156249999999996 0.696875 0.30156249999999996 0.696875 0.1921875 0.6046875 0.1921875 0.6046875 0.30000000000000004
6 0.3109375 0.85625 0.3125 0.8578125000000001 0.3875 0.8578125000000001 0.3875 0.75 0.3109375 0.75 0.3109375 0.85625
5 0.2 0.10625000000000001 0.2 0.0015625 0.00625 0.0015625 0.00625 0.10625000000000001 0.2 0.10625000000000001
6 0.6109375 0.7562500000000001 0.6109375 0.85625 0.6125 0.85625 0.6140625 0.8578125000000001 0.690625 0.8578125000000001 0.690625 0.7562500000000001 0.6109375 0.7562500000000001
5 0.596875 0.9930555555555556 0.596875 0.5609375000000001 0.5 0.5609375000000001 0.5 0.9930555555555556 0.596875 0.9930555555555556
5 0.496875 0.9930555555555556 0.496875 0.5609375000000001 0.403125 0.5609375000000001 0.403125 0.9930555555555556 0.496875 0.9930555555555556
1 0.2953125 0.1 0.2953125 0.0015625 0.2046875 0.0015625 0.2046875 0.1 0.2953125 0.1
5 0.29684374999999996 0 0.29684374999999996 0.10666666666666666 0.40178125 0.10666666666666666 0.40178125 0 0.29684374999999996 0