2 0.4125 0.43125 0.4125 0.5171874999999999 0.490625 0.5171874999999999 0.4921875 0.515625 0.4921875 0.43125 0.4125 0.43125
8 0.634375 0.6609375 0.634375 0.559375 0.5390625 0.559375 0.5390625 0.6609375 0.634375 0.6609375
5 0.2390625 0.9930555555555556 0.2390625 0.7765625 0.140625 0.7765625 0.140625 0.9930555555555556 0.2390625 0.9930555555555556
5 0.140625 0 0.140625 0.33125000000000004 0.2390625 0.33125000000000004 0.2390625 0 0.140625 0
5 0.2453125 0 0.2453125 0.33125000000000004 0.33125 0.33125000000000004 0.33125 0 0.2453125 0
5 0.99375 0.9930555555555556 0.99375 0.334375 0.83125 0.334375 0.83125 0.9930555555555556 0.99375 0.9930555555555556
5 0.3328125 0.9930555555555556 0.3328125 0.5578125 0.2453125 0.5578125 0.2453125 0.9930555555555556 0.3328125 0.9930555555555556
8 0.99375 0.33281249999999996 0.99375 0.22343749999999998 0.8390625 0.22343749999999998 0.8390625 0.33281249999999996 0.99375 0.33281249999999996
5 0.83125 0.9930555555555556 0.83125 0.22031250000000002 0.7453125 0.22031250000000002 0.7453125 0.9930555555555556 0.83125 0.9930555555555556
10 0.1375 0.221875 0.1375 0.11562499999999999 0.0453125 0.11562499999999999 0.0453125 0.221875 0.1375 0.221875
5 0 0.8829513888888889 0.03125 0.8829513888888889 0.03125 0.2281597222222222 0 0.2281597222222222 0 0.8829513888888889